timestamp,status,ch1,ch2,ch3,ch4,ch5,ch6,ch7,ch8,ch9,ch10,ch11,ch12,ch13,ch14,ch15,ch16,ch17,ch18,ch19,ch20,ch21,ch22,ch23,ch24,ch25,ch26,ch27,ch28,ch29,ch30,ch31,ch32,ch33,ch34,ch35,ch36,ch37,ch38,ch39,ch40,ch41,ch42,ch43,ch44,ch45,ch46,ch47,ch48
2025-04-22 16:23:22.53,open,0,0,0,0,0,0,0,0,0,0,0,0,0,0,0,0,0,0,0,0,0,0,0,0,0,0,0,0,0,0,0,0,0,0,0,0,0,0,0,0,0,0,0,0,0,0,0,0
2025-04-22 16:23:22.54,open,1,13,5,10,7,6,1,-3,-10,-1,4,-3,5,-2,-1,-1,-1,3,-3,0,-4,-3,2,-2,0,1,-3,3,-2,-2,2,-2,0,3,-2,2,2,2,2,-1,0,-3,2,3,-2,2,3,1
2025-04-22 16:23:22.55,open,-2,4,-3,3,1,1,-5,-10,-20,-4,3,-5,2,-4,-2,-1,-2,0,-6,-1,-11,-3,-3,-2,-3,-1,-1,1,-1,-1,-2,-2,1,3,-1,-1,0,4,3,-2,1,-3,2,4,-1,3,3,0
2025-04-22 16:23:22.57,open,0,2,0,3,2,1,-1,-2,-2,-4,3,-4,3,-3,0,-4,-2,1,-5,1,-1,-3,1,-3,0,2,-5,1,-2,-3,3,-3,0,1,0,-2,0,4,-2,0,-3,0,2,1,-2,-2,3,0
2025-04-22 16:23:22.58,open,2,7,7,6,1,8,-3,-4,-8,-3,4,-2,4,-4,0,-1,0,0,-4,0,-8,0,0,-1,0,-1,-1,0,-3,-1,-1,-1,0,4,0,-1,0,0,-1,1,-1,-5,2,1,-2,3,0,-1
2025-04-22 16:23:22.59,open,1,9,3,3,4,3,-3,-11,-22,1,0,-1,-1,-1,-5,-4,-3,-1,-5,-2,-10,-5,0,-2,-3,-1,-1,-1,-2,-1,-4,-2,0,1,-4,2,0,1,0,0,-1,-3,-2,0,0,1,-1,-1
2025-04-22 16:23:22.60,open,0,0,2,0,2,2,-2,-5,-6,-4,3,-2,-1,-1,-3,-2,-2,-1,-1,-2,-5,-3,-3,-1,-3,-1,0,-1,-3,1,0,-3,1,2,-2,2,1,2,-1,-1,0,-5,2,1,-3,3,-1,0
2025-04-22 16:23:22.61,open,1,9,3,7,2,6,-1,-2,-9,0,3,0,1,0,-2,-3,-1,-1,0,1,-7,0,0,-3,1,0,-5,3,-3,-2,0,-2,2,1,1,2,-1,4,1,-1,1,-5,3,3,-3,1,0,0
2025-04-22 16:23:22.63,open,0,5,2,1,4,2,-2,-8,-22,0,0,-1,3,-4,-3,-6,-2,-1,-4,0,-11,-4,0,-4,1,2,-1,0,-2,-2,-5,0,-1,3,-1,-4,1,1,-1,-5,0,-3,-1,1,-5,0,2,0
2025-04-22 16:23:22.64,open,0,-2,0,3,-2,5,-5,-5,-8,-4,1,-4,2,-4,-1,-4,-2,-1,-4,0,-10,-1,-4,-2,-3,0,-3,-1,0,-2,-4,0,-1,3,1,1,-3,3,-2,-1,1,-1,-1,1,-2,-2,2,0
2025-04-22 16:23:22.65,open,0,7,6,5,8,6,2,4,-3,1,2,3,3,1,-1,-2,-2,4,-1,2,-3,1,0,-1,-3,0,-2,0,-1,-2,2,-2,2,-1,-3,1,-2,4,-3,-2,-1,-4,0,0,-3,-2,-1,1
2025-04-22 16:23:22.66,open,0,4,0,4,2,3,-2,-8,-19,0,2,-4,4,-4,-6,-6,-1,-2,-5,-1,-13,-2,0,-3,0,0,-4,3,-4,-2,-2,-3,2,2,-3,1,0,2,0,-6,1,-1,-2,3,-1,-4,2,-1
2025-04-22 16:23:22.67,open,-3,-3,-7,0,-6,2,-9,-12,-17,-3,-3,-2,-2,-2,-3,-4,-2,-2,-7,0,-13,-3,-2,-6,-1,1,-4,2,-4,-1,-4,0,-2,4,-1,-1,-3,2,-5,-4,-4,-1,-1,-2,-1,-2,-3,-1
2025-04-22 16:23:22.68,open,1,11,6,9,2,8,0,4,-1,2,3,-4,4,-4,-1,-3,0,-1,-3,1,-3,-2,-3,-5,1,0,-1,0,-5,-1,-2,-1,-2,4,0,-4,0,2,-3,-2,0,-4,1,2,-5,1,-1,0
2025-04-22 16:23:22.69,open,1,4,3,3,5,4,-6,-9,-15,-1,-2,1,0,-1,-2,-4,-2,-2,-4,-1,-12,-1,0,-4,0,0,-3,0,-2,-4,-4,0,-2,3,0,-1,-3,2,-3,-5,-1,-4,1,2,-4,-2,0,0
2025-04-22 16:23:22.70,open,1,1,-2,1,-3,-1,-7,-10,-22,-3,-3,-3,-2,-2,-7,-7,-4,-2,-7,-5,-13,-6,-5,-5,-3,1,-4,0,-4,-3,-8,-2,0,1,-3,-2,0,0,-1,-1,-1,-5,1,2,-5,-3,0,-1
2025-04-22 16:23:22.72,open,2,10,5,9,2,8,-1,3,3,0,1,1,4,-3,2,-2,-2,1,0,0,0,-3,-1,-5,1,0,-5,2,-3,-2,-1,0,0,2,-2,0,0,0,-4,-7,1,-1,-2,1,-2,-3,-1,1
2025-04-22 16:23:22.73,open,1,6,0,4,4,3,-6,-8,-14,-3,-2,-1,-1,-2,-5,-5,-6,0,-6,0,-10,-4,0,-5,1,0,-5,1,-4,-4,-4,0,-2,3,-3,1,1,0,-3,-5,-2,-1,1,-1,-4,0,-1,0
2025-04-22 16:23:22.74,open,1,0,-5,2,-3,3,-8,-13,-21,-4,-2,-5,0,-6,-4,-6,-2,-2,-8,-1,-13,-7,-1,-6,0,0,-2,-1,-3,-2,-7,0,-2,3,0,-4,1,-1,-3,-6,-2,-1,-1,2,-3,-3,0,-1
2025-04-22 16:23:22.75,open,-2,3,-2,2,-1,0,-2,1,-4,0,-1,-1,0,-2,-1,-6,-3,1,-4,0,-1,-5,-3,-6,-3,1,-5,0,-4,-4,-2,0,-3,3,-1,-3,0,2,-2,-6,-1,-4,-4,2,-4,-2,2,0
2025-04-22 16:23:22.77,open,2,9,7,5,7,6,-1,-7,-10,-3,3,-3,3,-5,-4,-4,-1,-3,-3,-2,-8,-4,-5,-5,-3,1,-5,2,-3,-1,-4,0,-2,2,-1,-2,1,-1,-2,-5,1,-4,-1,2,-4,0,3,1
2025-04-22 16:23:22.78,open,-2,3,2,1,2,1,-6,-11,-20,-4,-3,-2,-3,-3,-8,-6,-6,-2,-6,-6,-12,-5,-5,-5,-3,1,-5,2,-4,-1,-3,-3,1,-1,-3,1,-1,2,-1,-5,-1,-3,-2,-1,-1,-2,-1,0
2025-04-22 16:23:22.79,open,-2,0,1,2,-4,3,-7,-3,-5,-4,-3,-2,-1,-2,-4,-6,-4,-2,-6,-1,-6,-3,-2,-5,-2,1,-8,0,-5,-2,-1,-3,-1,-2,-3,0,-3,3,-3,-2,-3,-5,1,-1,-2,0,-1,-1
2025-04-22 16:23:22.80,open,1,3,4,2,4,3,-2,-3,-13,-1,0,-2,1,-5,-3,-6,-2,-1,-5,-4,-8,-5,-3,-7,0,1,-5,0,-3,-3,-5,0,-3,-1,-1,-5,2,2,-2,-5,0,-5,-3,1,-4,0,0,-1
2025-04-22 16:23:22.81,open,1,2,3,2,4,3,-5,-11,-22,-3,0,-5,-3,-4,-9,-5,-6,-5,-6,-5,-16,-4,-5,-4,-3,0,-8,0,-4,-3,-5,-4,-1,-1,-5,-3,-1,-1,-5,-6,-3,-3,-2,-1,-2,-4,0,0
2025-04-22 16:23:22.82,open,0,1,0,-1,1,-1,-4,-1,-9,-2,-2,-6,1,-6,-2,-6,-4,-2,-8,0,-7,-6,-3,-6,-5,1,-6,1,-3,-3,-4,-1,-2,-2,-1,-6,-3,1,-4,-4,-4,-4,-2,-2,-2,-3,-2,-1
2025-04-22 16:23:22.83,open,2,6,5,4,5,6,-6,-6,-7,-4,3,-3,-1,-2,-5,-6,-4,-1,-6,-3,-7,-4,-4,-4,-4,-2,-4,-2,-6,-1,-5,0,-3,1,-4,-2,-1,2,-2,-5,0,-7,1,-1,-5,0,0,-1
2025-04-22 16:23:22.84,open,1,-3,-1,-1,2,0,-5,-11,-20,-6,1,-3,-2,-2,-9,-6,-6,-2,-7,-2,-12,-6,-3,-6,-2,1,-3,-1,-4,-3,-5,-2,0,-3,-1,-3,-3,3,-4,-4,-4,-3,-4,-2,-1,-2,-1,0
2025-04-22 16:23:22.85,open,-2,4,1,1,2,1,-1,-6,-10,-2,0,-4,1,-6,-2,-4,-3,-4,-6,-1,-9,-6,-3,-6,-4,1,-5,-2,-5,-2,-5,-4,-1,-4,-1,-4,-3,1,-2,-6,-1,-6,-1,-2,-4,-4,2,0
2025-04-22 16:23:22.87,open,2,9,10,9,9,8,5,3,-2,-2,5,1,1,1,-1,-5,0,0,-5,3,-3,-4,0,-3,0,0,-2,0,-5,-1,0,-3,0,-3,0,-1,-2,1,-1,-6,0,-5,-3,-2,-4,-1,-1,-1
2025-04-22 16:23:22.88,open,1,3,0,5,0,6,-7,-11,-16,-2,-1,-1,-1,-1,-3,-2,-4,-2,-4,-2,-13,-2,-3,-3,-1,0,-2,-1,-4,0,-4,0,-2,2,-1,-2,-3,2,-1,-6,-1,-6,1,-2,-5,1,0,-1
2025-04-22 16:23:22.89,open,-1,-6,-5,-5,-3,-1,-10,-13,-18,-6,-5,-2,-3,-4,-7,-6,-3,-5,-5,-2,-12,-6,-3,-6,-2,0,-3,-3,-2,-5,-2,-3,-1,-2,-4,-3,-4,2,-2,-7,-1,-5,-4,0,-4,-3,-1,0
2025-04-22 16:23:22.90,open,1,11,7,9,5,5,2,2,0,-2,4,-2,4,-2,0,-6,-1,1,-3,-1,-1,0,-2,-2,-2,0,-2,-1,-3,0,-2,0,0,-2,-1,-2,0,2,-4,-5,-4,-3,-1,-4,-2,-3,2,1
2025-04-22 16:23:22.91,open,2,5,5,5,6,3,-1,-10,-15,-5,2,-2,0,-2,-5,-2,-6,0,-6,0,-10,-6,0,-3,-2,-1,-2,-1,-6,-2,-5,-1,-2,-4,-2,-4,-2,0,-2,-7,-1,-6,-1,-2,-4,-4,3,-1
2025-04-22 16:23:22.92,open,1,-3,-1,-1,0,-1,-6,-13,-21,-5,-1,-5,-3,-3,-6,-2,-6,-3,-6,-5,-16,-3,-5,-4,-5,0,-4,0,-4,-5,-5,0,-1,1,-3,-6,1,1,-4,-4,-3,-4,-1,-2,-5,-2,3,0
2025-04-22 16:23:22.93,open,2,8,8,5,7,7,0,4,2,-2,1,0,3,-5,1,-4,0,-2,-3,0,-2,-3,-5,-5,-4,1,-6,1,-4,-3,1,-4,-1,-2,-4,-3,-2,0,-2,-3,-3,-6,-1,-5,-5,-2,-1,1
2025-04-22 16:23:22.94,open,2,7,5,4,4,7,-5,-6,-17,-1,-2,-1,0,-5,-3,-2,-4,-3,-4,-2,-11,-4,-4,-4,-4,-2,-4,1,-3,-6,-2,-4,0,-2,-3,-4,-2,1,-1,-6,-1,-4,-2,-4,-2,-3,-1,-1
2025-04-22 16:23:22.96,open,1,-1,0,1,2,1,-3,-11,-19,-5,0,-5,1,-6,-4,-4,-4,-1,-7,-2,-13,-6,-3,-6,-2,1,-2,1,-6,-3,-7,0,-2,-3,-1,-4,-3,2,-3,-4,-1,-5,-4,0,-5,-1,2,-1
2025-04-22 16:23:22.97,open,1,0,0,3,-2,5,-5,1,-6,-2,-1,-5,3,-5,-1,-6,-3,-3,-4,0,-5,-2,-3,-6,-4,1,-5,-1,-4,-2,-4,-3,-3,1,-3,-5,-2,1,-4,-6,2,-6,-4,1,-2,-4,2,-1
2025-04-22 16:23:22.98,open,2,8,8,6,8,8,-4,-5,-10,-3,-1,0,1,-1,-3,-2,-2,-3,-6,1,-9,-3,-2,-4,0,-1,-5,1,-2,-4,-6,0,-2,-1,-1,-3,-3,2,-4,-4,-4,-4,1,-4,-1,-3,-2,2
2025-04-22 16:23:22.99,open,0,3,-3,5,-1,5,-7,-10,-24,-4,-1,-5,0,-8,-6,-7,-4,-4,-8,-2,-13,-7,-2,-8,-2,1,-8,1,-4,-4,-5,-2,-2,-2,-3,-6,-1,0,-2,-6,-5,-5,-3,-2,-5,-2,3,-1
2025-04-22 16:23:23.00,open,-1,1,-3,2,-3,5,-7,-4,-5,-5,-1,-4,1,-5,-3,-3,-4,-6,-4,-2,-6,-6,-3,-8,-2,1,-6,-1,-3,-5,-1,-1,-3,0,-2,-5,0,0,-3,-5,-4,-4,-2,-1,-3,0,-1,0
2025-04-22 16:23:23.01,open,1,1,3,3,4,5,-6,-5,-13,-4,-1,-2,3,-6,-3,-4,-3,-3,-8,0,-8,-4,-4,-4,-4,-2,-4,-1,-4,-1,-4,0,-3,-3,-6,-2,0,-2,-4,-7,-2,-7,-1,-2,-5,-2,0,-1
2025-04-22 16:23:23.02,open,0,6,0,1,0,2,-10,-13,-23,-3,-4,-3,-2,-7,-6,-3,-6,-6,-7,-1,-16,-6,-3,-7,-3,0,-4,-3,-3,-3,-8,-2,-5,-1,-2,-4,-2,-2,-1,-7,-4,-4,-2,0,-2,-2,-1,0
2025-04-22 16:23:23.03,open,-2,0,0,0,-3,2,-9,-6,-6,-7,0,-5,1,-4,-6,-4,-4,-6,-4,-1,-8,-3,-4,-6,-2,0,-4,0,-4,-6,-1,-3,-2,-3,-4,-3,-4,2,-5,-5,-6,-3,-3,-2,-2,-2,-3,0
2025-04-22 16:23:23.04,open,1,4,4,3,4,2,-4,-3,-9,-6,1,-4,0,-4,-6,-6,-6,-1,-6,-2,-8,-4,-5,-8,-3,1,-8,0,-5,-2,-4,-2,0,-4,-2,-3,0,0,-2,-7,-1,-7,-1,0,-2,-3,3,-1
2025-04-22 16:23:23.06,open,1,3,3,5,3,5,-4,-9,-18,-5,1,-3,0,-6,-5,-7,-3,-5,-6,-2,-15,-3,-3,-8,-3,0,-5,-2,-2,-4,-3,-3,-2,-3,-2,-4,0,2,-4,-5,-4,-8,-1,-4,-2,-3,1,-1
2025-04-22 16:23:23.07,open,0,2,2,3,0,2,-5,-6,-9,-7,-1,-4,-2,-6,-6,-6,-4,-6,-6,-2,-12,-4,-5,-9,-3,-1,-3,-1,-6,-2,-6,1,-5,-2,-5,-3,1,-2,-3,-8,-3,-5,-4,1,-4,-3,-2,0
2025-04-22 16:23:23.08,open,1,14,9,14,8,12,2,7,-6,0,-1,1,-1,-1,-2,-4,-4,2,-4,-1,-1,-2,-4,-7,-2,1,-5,1,-3,-3,-1,-2,-3,-1,-4,-1,0,1,-4,-7,-3,-7,-4,0,-2,-1,-1,0
2025-04-22 16:23:23.09,open,0,4,-3,4,-1,6,-8,-11,-17,-5,-4,-2,-2,-4,-9,-4,-5,-1,-7,0,-12,-5,-4,-9,-2,0,-5,0,-1,-2,-8,-2,-5,-5,-4,-3,-3,2,-4,-4,-5,-12,-2,-5,-6,-1,1,0
2025-04-22 16:23:23.11,open,0,-7,-12,-7,-4,-3,-10,-15,-19,-9,-7,-4,-3,-5,-10,-3,-7,-1,-6,-5,-11,-5,-5,-7,-5,1,-6,1,-4,-2,-4,-3,-2,-4,-4,-6,0,1,-3,-6,-4,-10,-4,-2,-6,1,0,-1
2025-04-22 16:23:23.12,open,2,8,2,7,1,6,-5,0,0,-4,-3,-2,-2,-2,-4,-6,-2,4,-5,2,-2,-5,-3,-9,-1,0,-3,-1,-2,0,-3,0,-5,-4,-4,-5,-2,1,-2,-5,-3,-7,-5,-2,-3,-1,0,1
2025-04-22 16:23:23.13,open,1,5,2,5,1,2,-5,-8,-17,-8,0,-5,0,-7,-7,-6,-2,-2,-4,-1,-11,-5,-7,-9,-2,-2,-2,-1,-6,-2,-8,-1,-3,-7,-6,-6,0,0,-4,-7,-6,-7,-6,-2,-2,-3,-1,0
2025-04-22 16:23:23.14,open,-2,-3,-8,-1,-4,0,-14,-14,-25,-7,-6,-8,-1,-10,-10,-8,-2,-2,-7,-2,-16,-4,-7,-10,-5,0,-3,-2,-3,-5,-8,-2,-3,-6,-7,-4,0,-1,-3,-6,-6,-9,-3,-6,-6,-1,-1,-1
2025-04-22 16:23:23.15,open,2,10,8,5,5,3,-6,3,-2,-4,-2,-2,-3,-5,-5,-6,-2,0,-4,1,-3,-5,-7,-9,-3,-1,-4,-2,-7,-3,-5,0,-8,-4,-9,-5,-3,-2,-3,-7,-5,-13,-7,-7,-5,-4,-1,2
2025-04-22 16:23:23.16,open,1,1,3,1,2,1,-9,-10,-16,-10,-2,-6,0,-10,-7,-7,-1,0,-6,-4,-10,-6,-8,-11,-4,1,-6,0,-3,-6,-6,0,-7,-4,-7,-8,-5,2,-5,-5,-7,-11,-7,-6,-6,-3,1,-1
2025-04-22 16:23:23.17,open,-1,1,-3,-2,0,-1,-12,-15,-19,-8,-7,-5,-5,-8,-10,-8,-3,-3,-7,-2,-18,-6,-7,-15,-2,0,-8,-1,-5,-7,-9,-3,-5,-8,-11,-11,-2,-3,-7,-6,-8,-12,-7,-9,-7,-7,-2,0
2025-04-22 16:23:23.18,open,-3,-3,-3,-2,-2,-2,-8,-4,-3,-10,-1,-6,-1,-8,-9,-8,-3,1,-6,0,-5,-7,-10,-12,-5,0,-4,-5,-3,-5,-7,0,-7,-6,-8,-10,-4,0,-9,-7,-7,-12,-9,-9,-6,-6,-1,0
2025-04-22 16:23:23.19,open,2,6,2,8,1,5,-8,-6,-15,-5,-2,-7,-1,-10,-9,-8,-4,1,-6,0,-11,-7,-6,-14,0,-2,-6,-2,-5,-5,-9,-1,-6,-5,-10,-9,-1,-3,-8,-6,-8,-12,-7,-11,-6,-5,-2,0
2025-04-22 16:23:23.20,open,0,0,0,-1,-1,-1,-16,-16,-22,-10,-5,-7,-3,-13,-11,-9,-2,-3,-7,-1,-18,-6,-8,-14,-2,1,-8,0,-6,-8,-8,-3,-5,-6,-10,-9,-3,-4,-7,-5,-7,-11,-5,-10,-7,-4,-2,-1
2025-04-22 16:23:23.22,open,1,1,-1,2,-6,1,-13,-5,-6,-7,-5,-5,-3,-8,-10,-9,-2,0,-6,1,-8,-8,-8,-13,0,1,-8,1,-6,-5,-6,-3,-7,-8,-9,-10,-2,0,-6,-6,-7,-15,-6,-9,-7,-2,-1,0
2025-04-22 16:23:23.23,open,0,6,0,6,-2,3,-12,-7,-14,-11,-2,-6,-5,-9,-11,-8,-4,1,-7,1,-11,-7,-7,-12,-3,0,-5,0,-6,-5,-9,-1,-5,-9,-9,-7,-4,-2,-3,-4,-4,-14,-5,-8,-9,-2,-3,0
2025-04-22 16:23:23.24,open,0,2,-3,3,0,-2,-10,-11,-21,-11,-3,-9,-4,-10,-14,-8,-5,0,-6,-2,-15,-7,-10,-12,-4,-2,-4,0,-6,-5,-10,1,-5,-8,-10,-5,-2,-1,-5,-4,-4,-13,-9,-6,-5,-4,-2,-1
2025-04-22 16:23:23.25,open,-2,0,-6,0,-6,-1,-13,-5,-11,-7,-7,-5,-5,-9,-12,-7,-4,2,-7,2,-7,-8,-10,-14,-2,-2,-3,-1,-6,-5,-9,0,-7,-5,-10,-9,-4,0,-8,-6,-6,-15,-6,-9,-7,-5,-1,2
2025-04-22 16:23:23.26,open,1,2,3,4,0,1,-12,-6,-12,-4,-5,-5,-2,-12,-7,-8,-1,-1,-3,-1,-9,-5,-11,-11,-5,2,-3,-1,-4,-4,-7,-3,-3,-6,-8,-4,-4,2,-5,-3,-5,-12,-5,-9,-5,-3,-2,-1
2025-04-22 16:23:23.27,open,1,4,2,2,1,0,-10,-10,-23,-6,-4,-5,-5,-9,-12,-8,-1,0,-8,0,-16,-5,-9,-13,-2,0,-2,-1,-4,-6,-12,0,-7,-5,-9,-6,-2,-3,-4,-8,-4,-13,-10,-6,-7,-5,0,0
2025-04-22 16:23:23.28,open,-2,5,2,0,-1,-2,-15,-10,-10,-11,-8,-6,-7,-11,-12,-6,-4,-2,-4,-4,-12,-6,-11,-13,-5,-2,-3,-3,-3,-8,-8,-2,-6,-6,-10,-5,-3,-2,-4,-6,-7,-13,-7,-10,-5,-3,-3,-1
2025-04-22 16:23:23.29,open,3,19,12,16,12,7,-1,3,-2,-6,1,-4,-1,-8,-7,-7,-1,0,-1,1,-7,-7,-7,-13,-2,0,-4,0,-5,-9,-3,-4,-4,-7,-10,-8,-5,1,-7,-4,-7,-12,-6,-12,-5,-4,-3,1
2025-04-22 16:23:23.30,open,0,7,-1,6,-3,3,-14,-13,-19,-10,-3,-5,-4,-13,-10,-10,-1,-2,-6,-1,-15,-8,-10,-13,-4,0,-8,1,-6,-6,-6,-3,-3,-9,-11,-7,-5,0,-4,-7,-8,-13,-10,-8,-6,-7,0,-1
2025-04-22 16:23:23.32,open,0,-9,-8,-9,-6,-7,-15,-16,-18,-13,-4,-9,-7,-10,-13,-10,-1,-2,-4,-1,-16,-5,-8,-14,-3,2,-6,-1,-2,-8,-7,-3,-5,-6,-11,-12,-2,-3,-4,-8,-5,-16,-5,-11,-7,-2,-1,-1
2025-04-22 16:23:23.33,open,1,1,3,2,-1,-1,-10,-3,-4,-10,-3,-7,-2,-9,-6,-9,-1,2,-4,0,-3,-4,-8,-15,-3,2,-4,-1,-3,-8,-3,-1,-7,-6,-10,-8,-2,-4,-7,-7,-7,-13,-10,-7,-8,-3,-1,-1
2025-04-22 16:23:23.34,open,0,2,-1,1,-2,1,-14,-12,-17,-9,-5,-5,-5,-9,-11,-7,-4,-2,-5,-5,-13,-6,-11,-12,-4,-1,-3,-5,-3,-6,-9,0,-7,-6,-10,-11,-4,-2,-8,-7,-6,-14,-9,-10,-6,-5,-1,0
2025-04-22 16:23:23.35,open,0,-6,-11,-4,-10,-3,-20,-19,-23,-13,-7,-10,-5,-13,-14,-10,-4,-5,-8,-4,-18,-10,-12,-16,-6,1,-8,-1,-5,-8,-9,-2,-8,-6,-11,-8,-3,-3,-8,-8,-8,-13,-11,-9,-6,-5,-4,-1
2025-04-22 16:23:23.36,open,2,2,4,2,1,-1,-7,0,0,-10,-1,-9,-1,-12,-5,-8,-1,-2,-3,-1,-5,-6,-8,-17,-5,0,-8,-5,-4,-8,-3,-1,-6,-10,-10,-11,-3,-3,-7,-5,-8,-13,-9,-11,-6,-3,-2,0
2025-04-22 16:23:23.37,open,1,2,0,0,-1,-1,-15,-13,-15,-12,-4,-8,-3,-13,-10,-9,-2,-1,-6,-6,-12,-7,-11,-13,-5,0,-4,-3,-4,-5,-9,1,-7,-7,-9,-11,-3,-3,-5,-6,-7,-12,-10,-9,-5,-6,-2,1
2025-04-22 16:23:23.39,open,0,-2,-1,-1,0,-1,-13,-15,-23,-12,-4,-9,-5,-13,-14,-10,-4,-2,-8,-7,-16,-10,-12,-15,-6,0,-4,-3,-6,-6,-11,-3,-5,-9,-13,-7,-4,-4,-3,-7,-5,-15,-8,-9,-8,-2,0,-1
2025-04-22 16:23:23.40,open,0,0,-3,-1,-3,-2,-9,-3,-4,-11,-2,-9,-2,-10,-9,-7,-2,0,-1,-2,-4,-6,-11,-13,-4,0,-7,1,-5,-7,-6,0,-7,-5,-10,-7,-2,-2,-5,-7,-5,-14,-7,-8,-9,-3,2,0
2025-04-22 16:23:23.41,open,2,8,4,3,2,1,-11,-8,-13,-7,-4,-6,-3,-12,-9,-10,0,0,-5,0,-12,-6,-8,-15,-2,0,-4,-1,-6,-6,-8,-3,-3,-8,-8,-8,-4,-1,-4,-5,-5,-13,-5,-8,-8,-2,1,1
2025-04-22 16:23:23.42,open,1,-4,-4,-2,-2,-3,-13,-18,-23,-12,-4,-10,-2,-14,-9,-9,-1,-2,-4,-1,-16,-7,-8,-16,-2,1,-5,1,-5,-8,-8,-4,-2,-6,-10,-7,-2,-3,-2,-7,-3,-12,-6,-7,-8,0,1,-1
2025-04-22 16:23:23.43,open,0,-3,-1,-2,-3,-3,-9,-6,-8,-12,-2,-7,-3,-9,-9,-8,-1,2,-5,2,-8,-5,-9,-14,-1,1,-5,0,-4,-5,-4,-3,-2,-8,-10,-5,-4,2,-4,-2,-5,-13,-6,-9,-8,-2,-1,-1
2025-04-22 16:23:23.44,open,0,2,1,1,-1,0,-13,-10,-11,-8,-4,-7,-2,-12,-7,-9,0,0,-2,2,-10,-6,-7,-13,0,0,-3,0,-6,-3,-8,-1,-6,-3,-5,-9,0,0,-4,-5,-3,-9,-6,-7,-4,-3,0,-1
2025-04-22 16:23:23.45,open,0,-2,0,-1,-2,-1,-16,-14,-23,-8,-6,-5,-5,-9,-11,-7,-3,-2,-5,-2,-18,-6,-8,-13,-3,0,-1,-1,-5,-4,-9,0,-4,-6,-9,-4,-4,1,-4,-7,-3,-10,-6,-6,-7,0,0,0
2025-04-22 16:23:23.46,open,-2,0,-5,2,-6,0,-11,-7,-9,-11,-3,-8,-5,-9,-10,-8,-3,1,-2,-2,-7,-8,-8,-16,-3,1,-4,1,-5,-6,-4,-4,-2,-5,-8,-6,-4,1,-4,-7,-5,-8,-5,-6,-6,-5,2,0
2025-04-22 16:23:23.48,open,2,2,2,2,1,-1,-8,-5,-10,-8,-1,-7,-5,-8,-9,-8,-2,4,-1,-1,-9,-4,-10,-13,-3,-1,-1,1,-3,-7,-4,-2,-2,0,-7,-3,-2,2,-2,-1,-3,-6,-3,-8,-4,-1,-1,0
2025-04-22 16:23:23.49,open,0,1,-2,2,-4,2,-13,-15,-21,-9,-3,-6,-5,-8,-13,-7,-3,2,-1,-2,-16,-6,-11,-13,-4,1,0,1,-4,-7,-7,0,-5,1,-4,-6,0,-2,-2,-4,-6,-4,-5,-4,-7,0,2,-1
2025-04-22 16:23:23.50,open,1,-3,0,-1,-7,0,-11,-6,-14,-8,-5,-5,-4,-10,-9,-7,0,-1,1,1,-12,-7,-9,-14,-3,1,1,0,-5,-4,-8,-2,0,-1,-3,-5,-4,3,-3,-6,-1,-6,-2,-4,-6,0,0,-1
2025-04-22 16:23:23.51,open,4,19,16,16,12,10,-1,6,-6,-2,0,-5,1,-8,-6,-9,2,3,2,3,-4,-3,-8,-12,-3,1,0,1,-5,-4,-7,-1,-3,1,-2,-6,0,-2,-3,-7,-1,-4,-4,-8,-4,0,-1,0
2025-04-22 16:23:23.52,open,0,2,-5,3,-4,1,-12,-10,-19,-11,-1,-7,-1,-10,-8,-10,0,1,-3,0,-13,-7,-6,-14,0,1,-1,3,-4,-5,-5,-3,0,-1,-4,-3,-2,1,-3,-4,-1,-6,-1,-6,-4,-2,-1,-1
2025-04-22 16:23:23.53,open,0,-6,-7,-7,-5,-5,-12,-13,-20,-11,-6,-7,-6,-8,-10,-7,-3,2,-1,-2,-16,-5,-9,-11,-2,-2,2,1,-4,-8,-5,-4,-1,-2,-7,-3,-4,0,-3,-6,-5,-4,-5,-5,-4,-4,-2,-1
2025-04-22 16:23:23.54,open,2,1,3,1,1,-1,-5,-2,-2,-8,-2,-5,-4,-7,-5,-6,-1,5,1,3,-4,-5,-7,-13,-2,2,0,0,-3,-4,-4,-2,0,-3,-6,-4,-2,0,-5,-4,-3,-6,-1,-7,-3,-1,-1,0
2025-04-22 16:23:23.55,open,1,4,0,2,0,2,-10,-9,-19,-5,-3,-3,-4,-9,-8,-7,1,0,-3,0,-14,-6,-7,-14,-1,2,-3,2,-4,-8,-5,-3,-1,-2,-4,-6,-1,-3,-3,-6,-4,-3,-4,-6,-4,-2,-2,-1
2025-04-22 16:23:23.57,open,1,-5,-11,-2,-8,-4,-14,-15,-26,-10,-7,-7,-5,-8,-9,-6,-2,-3,-1,-2,-17,-7,-10,-12,-3,-2,1,0,-6,-7,-8,-2,-3,-1,-4,-6,-2,-3,-3,-6,-3,-6,-3,-4,-6,-4,1,-1
2025-04-22 16:23:23.58,open,2,8,5,6,1,3,-1,3,-1,-6,0,-5,-1,-7,-6,-9,2,3,0,3,-1,-6,-10,-13,-2,1,-1,1,-3,-4,-4,0,-2,-3,-2,-5,-3,2,-4,-7,-1,-5,-3,-4,-6,-2,1,0
2025-04-22 16:23:23.59,open,0,3,1,1,1,0,-7,-9,-16,-8,-3,-3,-4,-7,-6,-4,0,0,1,-1,-12,-6,-9,-13,-2,3,-1,3,-2,-6,-8,0,-3,1,-4,-5,0,2,-5,-5,-1,-5,-3,-1,-6,-3,0,-1
2025-04-22 16:23:23.60,open,0,5,-1,1,1,0,-7,-11,-20,-9,-5,-6,-3,-10,-7,-8,-3,2,-3,1,-15,-8,-10,-13,-3,1,0,5,-4,-6,-8,-2,0,-2,-3,-4,-3,1,-3,-5,0,-6,-1,-5,-7,1,-1,0
2025-04-22 16:23:23.61,open,-3,-2,-4,2,-3,-2,-5,0,-7,-11,-1,-5,-4,-6,-6,-8,-1,3,0,3,-3,-6,-9,-12,-2,0,0,2,-3,-4,-5,0,-3,0,-4,-4,-1,-3,-4,-6,-1,-6,-2,-5,-8,-1,-2,0
2025-04-22 16:23:23.62,open,2,7,8,8,0,6,-6,-6,-10,-7,-1,-4,-2,-6,-9,-8,-4,2,1,0,-11,-4,-6,-13,-3,2,-3,1,-2,-6,-4,-3,-1,-3,-2,-4,-2,1,-3,-8,-1,-5,-2,-4,-5,0,0,0
2025-04-22 16:23:23.64,open,-2,3,0,3,-3,3,-11,-12,-24,-8,-2,-7,-2,-9,-9,-9,-3,-2,-4,0,-17,-5,-8,-13,-2,1,-2,0,-2,-6,-9,-1,-6,1,-6,-4,0,-3,-3,-8,-4,-4,-4,-5,-4,-3,-3,0
2025-04-22 16:23:23.65,open,-2,1,-2,-1,-2,-2,-9,-6,-8,-10,-7,-4,-5,-7,-7,-8,-4,1,-1,-1,-7,-7,-8,-14,-5,1,-3,2,-5,-4,-5,-2,-3,-4,-8,-4,-2,1,-4,-9,-1,-6,-6,-2,-6,0,-1,0
2025-04-22 16:23:23.66,open,1,5,2,1,1,0,-6,-9,-10,-10,0,-4,-1,-7,-9,-9,-2,-1,-4,2,-11,-4,-7,-13,-3,-1,-1,-1,-3,-7,-5,-3,-1,-3,-7,-3,-2,-2,-4,-9,-2,-4,-3,-7,-3,-3,-2,0
2025-04-22 16:23:23.67,open,0,3,-3,4,-3,-1,-8,-11,-24,-11,-3,-6,-4,-9,-11,-8,-7,-2,-3,-3,-17,-7,-10,-13,-4,-1,-1,-1,-6,-7,-11,-3,-3,-4,-8,-5,-4,1,-5,-7,-2,-7,-6,-2,-7,-2,2,-1
2025-04-22 16:23:23.68,open,0,-4,-4,0,-3,1,-10,-6,-10,-8,-4,-5,-4,-8,-9,-8,-4,-3,-4,-2,-7,-6,-8,-17,-2,0,0,2,-5,-5,-5,-3,-1,-3,-4,-4,-5,0,-5,-9,-3,-7,-4,-4,-4,-3,-3,-1
2025-04-22 16:23:23.70,open,0,3,-1,4,-1,3,-7,-5,-12,-7,-4,-3,-5,-6,-7,-8,-4,-1,-3,2,-9,-5,-7,-14,-2,1,-4,3,-4,-5,-9,-1,-2,-1,-4,-4,1,0,-8,-6,-4,-7,-2,-5,-5,-2,-2,0
2025-04-22 16:23:23.71,open,0,5,-4,6,-1,3,-12,-13,-21,-10,-7,-5,-5,-8,-9,-6,-5,-3,-2,-1,-17,-5,-8,-16,0,1,-4,2,-5,-7,-6,-3,-1,-2,-6,-6,0,-2,-7,-10,-2,-5,-4,-2,-5,-3,0,0
2025-04-22 16:23:23.72,open,-2,0,-3,-2,-3,-3,-12,-10,-13,-11,-8,-4,-7,-8,-11,-9,-5,-3,-5,0,-15,-5,-9,-16,-3,-1,-2,2,-5,-5,-9,1,-5,-1,-4,-5,-2,-2,-7,-9,-3,-3,-4,-6,-4,-3,-2,-1
2025-04-22 16:23:23.73,open,7,19,13,17,8,11,-2,3,-2,-8,1,-5,1,-7,-6,-6,-4,2,1,0,-3,-5,-10,-15,-3,1,-3,2,-3,-6,-4,-1,-2,-2,-4,-4,-3,-2,-5,-9,-1,-4,-4,-2,-5,-5,2,1
2025-04-22 16:23:23.74,open,0,8,2,7,-1,6,-10,-11,-17,-7,-3,-4,-1,-7,-9,-7,-5,-4,0,-4,-13,-6,-10,-14,-5,-2,-2,2,-3,-7,-7,-2,-2,-2,-7,-3,-4,-1,-4,-8,0,-5,-4,-4,-8,0,-3,-1
2025-04-22 16:23:23.75,open,0,-7,-7,-6,-6,-6,-12,-11,-23,-9,-7,-5,-6,-8,-10,-8,-6,-1,-6,-1,-16,-7,-8,-12,-4,1,-2,0,-6,-7,-9,-2,-3,-5,-5,-5,-3,-4,-4,-9,-4,-4,-6,-3,-4,-4,-3,-1
2025-04-22 16:23:23.77,open,0,10,4,8,-1,6,-7,0,-5,-5,-2,-2,-1,-7,-6,-9,-3,0,-2,3,-3,-6,-7,-14,-5,1,-3,3,-4,-7,-1,-4,-2,-3,-4,-2,-3,-1,-5,-9,-5,-3,-3,-5,-6,-2,-3,0
2025-04-22 16:23:23.78,open,1,0,0,1,-1,0,-7,-8,-19,-10,-3,-4,-1,-9,-10,-8,-5,0,-3,0,-13,-5,-7,-11,-3,1,0,0,-3,-5,-10,-1,-2,-3,-7,-3,-3,0,-5,-8,-3,-4,-5,-1,-3,-4,-3,-1
2025-04-22 16:23:23.79,open,0,-6,-9,-2,-6,-5,-12,-17,-23,-13,-4,-7,-3,-9,-11,-10,-6,-3,-3,-3,-16,-7,-8,-13,-5,1,-2,1,-4,-7,-9,-3,-1,0,-6,-2,-3,-3,-4,-9,-1,-2,-5,0,-6,-2,-1,-1
2025-04-22 16:23:23.80,open,5,4,7,7,4,7,-5,1,-1,-6,-3,-2,-4,-6,-3,-6,-1,-2,2,1,-2,-5,-10,-13,-4,-1,-1,2,-5,-6,-3,-2,-1,1,-3,-4,-4,1,-5,-9,-3,-4,-3,-1,-6,-2,-2,0
2025-04-22 16:23:23.81,open,0,1,1,1,1,2,-9,-11,-16,-8,-4,-3,-4,-8,-6,-6,-5,-5,0,-1,-13,-5,-9,-12,-4,1,-3,2,-3,-6,-4,-3,0,-1,-4,-1,1,-3,-3,-9,-3,0,-3,1,-5,1,-1,-1
2025-04-22 16:23:23.82,open,0,7,-1,7,0,6,-9,-11,-24,-7,-4,-8,-2,-10,-8,-6,-5,-3,-2,0,-17,-5,-7,-14,-2,1,-2,3,-5,-3,-8,-4,0,-1,-4,-1,-2,1,-4,-10,-3,-3,-2,-4,-4,-1,-2,-1
2025-04-22 16:23:23.83,open,1,-5,-1,-2,-2,-1,-9,-4,-5,-9,-2,-3,-3,-7,-7,-9,-1,-1,-3,2,-3,-7,-7,-13,-2,0,-2,0,-3,-6,-6,-1,-4,1,-2,-6,-2,0,-5,-7,-1,-6,-1,-2,-5,-2,-2,-1
2025-04-22 16:23:23.84,open,2,9,2,9,0,7,-6,-6,-13,-6,-3,-1,-4,-5,-7,-8,-2,0,-3,3,-11,-2,-6,-13,0,1,-1,5,-3,-6,-4,-3,1,0,-2,-5,1,1,-7,-6,-4,-4,1,-3,-2,-1,-2,-1
2025-04-22 16:23:23.86,open,1,1,-3,1,-1,1,-12,-15,-22,-10,-2,-6,-1,-8,-7,-8,-5,-1,-5,1,-16,-6,-7,-14,-2,2,-3,2,-4,-6,-9,-3,-1,-1,-3,-6,0,0,-6,-5,-3,-3,-3,-3,-6,-1,-1,-1
2025-04-22 16:23:23.87,open,-2,3,-4,3,-4,0,-6,-5,-7,-10,-2,-6,0,-7,-4,-9,0,-1,-3,3,-6,-5,-6,-11,-4,-1,2,1,-4,-2,-5,0,-4,1,-3,-3,-1,1,-5,-6,0,-3,-2,0,-6,-3,2,-1
2025-04-22 16:23:23.88,open,1,6,5,3,4,2,-4,-3,-13,-8,1,-4,0,-6,-7,-8,-2,1,0,-1,-7,-4,-9,-11,-3,-2,0,1,-3,-7,-3,-2,-1,2,-3,-2,-1,-2,-3,-9,-1,-2,-4,1,-2,-3,0,0
2025-04-22 16:23:23.89,open,0,3,-2,0,-4,1,-10,-13,-25,-7,-4,-3,-2,-10,-7,-8,-3,-3,-1,-1,-16,-5,-8,-11,-5,0,-2,3,-3,-5,-8,0,-3,2,-4,-1,0,0,-7,-5,-3,0,1,-3,-5,1,-2,-1
2025-04-22 16:23:23.90,s,-2,3,-2,4,-2,0,-5,-6,-8,-8,-2,-5,-1,-7,-5,-7,-1,-2,0,1,-9,-5,-6,-10,-2,1,-1,2,-4,-4,-7,-2,-1,1,-4,0,-1,0,-7,-8,-5,-1,-2,0,-6,-3,-3,-1
2025-04-22 16:23:23.92,s,1,6,1,5,2,1,-4,-3,-11,-8,0,-6,0,-8,-3,-5,-3,-1,-4,2,-8,-5,-8,-11,-3,1,1,2,-4,-7,-3,-2,-1,2,-4,-1,0,-2,-3,-6,-2,-2,-4,2,-3,-4,2,1
2025-04-22 16:23:23.93,s,0,4,-3,4,-2,5,-10,-14,-22,-6,-5,-3,-3,-7,-5,-4,-4,-3,0,1,-15,-4,-9,-10,-4,0,0,1,-2,-4,-9,0,-3,3,-2,-4,-3,1,-8,-9,-4,0,1,-1,-4,-2,-2,-1
2025-04-22 16:23:23.94,s,1,-2,1,1,-6,2,-12,-10,-13,-11,-2,-4,-5,-8,-9,-7,-7,-2,-1,0,-14,-5,-7,-11,-4,1,-2,5,-5,-6,-5,-2,-2,-1,-4,-2,-2,-2,-5,-8,-1,-4,-1,1,-6,1,-2,-1
2025-04-22 16:23:23.95,s,11,25,18,19,13,9,3,5,-2,-5,1,1,-2,-4,-5,-8,-4,0,-3,5,-3,-6,-4,-12,-1,0,-1,3,-4,-4,-5,-2,-1,1,-4,-1,-1,-2,-7,-9,-1,0,-4,2,-5,-1,-1,2
2025-04-22 16:23:23.96,s,1,3,-1,4,-2,5,-9,-11,-19,-8,-2,-1,-2,-9,-6,-6,-6,-7,-1,1,-13,-5,-10,-11,-5,-1,-2,4,-4,-6,-7,-1,-1,1,-4,-2,-3,1,-8,-8,-1,-3,1,2,-4,-3,2,-1
2025-04-22 16:23:23.97,s,0,-6,-7,-1,-8,-2,-10,-13,-23,-11,-3,-5,-2,-9,-4,-8,-10,-6,-5,0,-11,-6,-7,-9,-5,-1,1,5,-3,-4,-8,-3,2,2,2,-2,-2,2,-8,-10,-1,5,1,4,-1,-1,0,-1
2025-04-22 16:23:23.98,s,2,5,4,6,0,8,2,2,-4,-7,3,0,3,-4,3,-8,-6,-4,2,10,-2,-2,-2,-8,-3,1,4,7,-1,-1,-1,0,2,11,7,4,0,5,-4,-7,1,13,6,7,2,1,0,0
2025-04-22 16:23:23.99,s,2,2,3,4,5,6,7,-7,-19,-6,0,4,0,3,2,-4,-9,-7,4,9,-10,3,0,-1,-4,1,4,16,0,2,-2,0,7,18,12,13,4,10,0,-6,8,20,14,16,3,8,3,0
2025-04-22 16:23:24.00,s,-2,-4,-3,-1,2,9,5,-8,-23,-6,1,7,1,9,5,0,-11,-7,5,14,-9,6,9,10,-5,-1,8,18,4,7,1,0,7,26,23,17,9,12,3,2,5,32,17,23,8,8,5,-1
2025-04-22 16:23:24.01,s,2,10,9,10,13,19,25,9,0,0,8,11,11,14,18,0,-7,-2,13,19,9,12,12,16,-7,2,11,19,5,9,13,-2,11,25,23,21,8,15,9,3,11,34,18,25,8,12,6,2
2025-04-22 16:23:24.02,s,1,5,9,11,12,19,24,-5,-17,-4,6,19,9,17,19,2,-9,-2,19,19,3,14,17,22,-7,0,14,20,2,16,12,-3,9,21,22,21,8,14,8,9,7,34,16,22,10,12,5,0
2025-04-22 16:23:24.03,s,-2,11,8,19,12,24,27,-5,-23,-5,8,23,8,20,18,4,-15,2,19,19,1,13,19,20,-6,2,14,19,2,12,9,0,5,20,18,19,8,16,11,7,7,28,13,20,9,12,6,0
2025-04-22 16:23:24.04,s,-1,4,9,12,7,22,30,5,-5,-3,12,29,9,25,23,5,-11,3,25,26,9,17,20,26,-6,1,18,20,2,15,14,-2,6,14,18,15,4,19,11,8,7,25,10,18,2,13,8,1
2025-04-22 16:23:24.06,s,3,9,16,22,16,23,35,2,-13,-1,16,39,13,27,23,4,-10,9,28,32,5,17,24,29,-6,3,19,24,2,15,13,-2,7,13,18,12,4,17,11,12,3,25,12,12,3,9,8,1
2025-04-22 16:23:24.07,s,0,7,12,25,15,19,27,-5,-27,2,21,62,13,25,26,5,-6,10,40,38,-1,18,24,32,-4,3,30,27,2,17,14,1,2,19,20,13,3,17,11,14,5,22,12,12,1,11,10,-1
2025-04-22 16:23:24.08,s,1,2,18,25,16,22,36,5,-5,0,25,64,15,28,31,7,0,19,45,43,13,22,26,39,-4,5,36,32,1,20,19,1,8,23,21,17,6,17,16,11,9,24,14,15,1,13,10,0
2025-04-22 16:23:24.09,s,2,9,20,31,19,35,53,13,-10,4,28,66,23,36,43,12,6,27,52,48,16,29,34,47,1,5,44,38,6,25,23,-1,19,34,30,20,11,24,15,15,11,35,18,19,4,15,7,0
2025-04-22 16:23:24.10,s,1,11,23,32,25,40,67,10,-24,9,27,75,23,48,52,17,5,37,58,51,13,35,42,59,6,4,54,45,9,30,28,0,24,40,37,26,8,26,15,17,13,43,22,19,3,14,8,0
2025-04-22 16:23:24.11,s,2,13,31,38,31,48,83,20,1,11,37,89,28,63,71,22,12,42,68,65,29,45,53,63,10,8,67,55,13,35,38,-1,28,49,44,28,9,25,19,15,16,45,23,18,1,11,6,0
2025-04-22 16:23:24.13,s,2,26,41,46,45,69,100,24,-5,19,45,98,36,77,84,24,14,51,79,68,33,51,62,70,11,8,74,65,17,45,41,-1,33,57,57,30,11,26,20,22,18,56,29,18,0,12,5,2
2025-04-22 16:23:24.14,s,0,20,32,45,44,74,99,21,-31,16,41,95,37,87,97,25,13,42,72,70,24,58,64,73,9,8,67,70,18,44,38,2,28,59,55,35,10,22,18,11,18,50,27,15,0,5,2,0
2025-04-22 16:23:24.15,s,1,14,32,38,49,77,105,15,-3,8,39,88,46,100,108,20,11,41,74,73,44,63,71,71,8,5,72,72,19,47,38,2,30,63,60,41,13,22,15,7,20,56,36,27,-4,6,0,0
2025-04-22 16:23:24.16,s,14,41,50,63,66,95,113,29,3,12,45,99,54,107,107,23,9,45,79,86,55,66,70,72,7,8,75,79,23,47,40,2,33,67,65,50,15,21,12,7,21,62,42,31,0,0,2,3
2025-04-22 16:23:24.17,s,3,26,41,55,63,88,108,23,-25,10,43,101,53,106,105,23,6,42,80,83,46,67,70,74,10,9,79,88,23,49,39,0,38,70,72,53,13,22,12,9,24,73,48,32,2,-1,-4,2
2025-04-22 16:23:24.18,s,-2,13,32,47,57,81,104,17,-15,11,46,110,56,108,109,25,7,47,90,97,55,66,77,78,11,8,92,99,27,49,38,1,39,79,87,62,21,20,11,12,26,83,65,47,1,1,-1,0
2025-04-22 16:23:24.19,s,4,25,50,57,75,89,116,30,9,22,59,123,72,120,125,27,16,59,104,109,70,78,90,86,11,11,99,111,40,57,51,2,45,89,98,78,27,28,16,12,30,101,69,58,10,2,-3,3
2025-04-22 16:23:24.20,s,3,35,55,60,86,96,121,23,-19,27,64,138,79,132,136,32,18,67,114,116,83,93,97,95,12,11,109,124,52,68,48,5,47,97,105,87,36,29,19,15,32,113,74,67,14,6,0,2
2025-04-22 16:23:24.21,s,1,24,45,56,87,93,114,19,-16,35,78,147,91,136,142,34,19,86,125,121,99,99,107,95,16,10,123,142,60,76,56,0,56,103,120,98,44,33,19,13,35,111,90,76,16,6,-1,1
2025-04-22 16:23:24.22,s,5,45,67,76,113,112,126,34,25,43,86,160,109,153,143,32,22,96,131,130,119,113,109,96,17,11,126,150,75,91,65,1,58,107,124,101,53,41,17,14,36,115,91,82,28,9,0,3
2025-04-22 16:23:24.23,s,4,38,63,72,117,107,125,26,-20,45,81,163,119,153,146,32,21,88,132,131,132,117,113,94,16,11,128,158,87,103,65,3,56,107,122,106,62,46,21,9,35,115,93,87,31,16,0,2
2025-04-22 16:23:24.24,s,5,37,65,73,119,108,122,22,-18,44,86,162,125,154,145,28,23,89,132,135,137,122,114,92,16,11,130,155,94,103,69,2,57,107,125,106,65,53,21,11,35,116,94,89,33,21,0,0
2025-04-22 16:23:24.26,s,3,38,61,73,120,114,120,29,25,55,92,170,131,164,141,30,25,96,132,134,149,129,116,93,13,10,130,157,103,110,73,3,56,109,124,122,70,59,22,9,36,118,94,88,39,22,1,3
2025-04-22 16:23:24.27,s,6,49,71,78,128,117,126,31,-8,69,93,167,134,166,143,33,28,99,135,136,149,133,117,100,12,11,132,159,107,115,71,4,56,114,128,109,75,62,23,15,34,122,99,90,41,25,0,2
2025-04-22 16:23:24.28,s,4,43,61,71,122,111,123,23,-17,64,91,168,135,165,150,35,30,101,136,138,149,136,123,106,13,10,134,160,107,116,79,2,59,115,132,104,76,64,24,17,36,122,102,92,42,26,2,2
2025-04-22 16:23:24.29,s,3,47,64,78,122,126,129,35,37,67,94,178,136,176,154,39,36,104,140,140,153,140,125,107,17,11,137,163,106,126,80,4,59,118,134,108,76,69,29,12,40,123,102,89,44,27,4,3
2025-04-22 16:23:24.30,s,5,52,67,81,127,125,134,31,-1,69,93,178,134,174,154,34,32,106,135,140,150,139,126,104,17,12,134,162,102,125,83,3,63,116,134,107,73,74,25,13,36,124,101,92,39,27,1,2
2025-04-22 16:23:24.32,s,4,42,50,73,113,123,127,26,-16,68,86,172,131,173,149,33,29,101,130,140,144,138,124,100,14,13,128,159,97,121,80,3,57,113,131,104,65,67,29,11,37,121,98,89,31,29,3,2
2025-04-22 16:23:24.33,s,5,53,57,81,116,130,132,38,39,73,81,180,126,177,149,31,32,97,125,140,137,141,122,95,11,12,118,153,89,118,82,3,57,107,122,97,56,66,27,9,33,120,92,76,26,25,-1,2
2025-04-22 16:23:24.34,s,5,50,63,80,118,129,131,33,10,73,78,177,123,174,150,31,32,91,122,139,132,139,117,92,11,11,115,143,85,119,77,3,56,106,117,92,56,68,31,10,34,117,87,67,23,29,5,1
2025-04-22 16:23:24.35,s,4,50,60,76,113,126,128,25,-8,77,83,178,119,174,142,28,31,93,125,137,129,137,114,88,12,11,115,144,84,119,78,1,55,101,112,92,54,74,36,11,34,117,86,60,26,37,6,1
2025-04-22 16:23:24.37,s,3,50,55,71,106,120,124,27,41,81,80,174,121,170,138,25,33,90,119,137,127,132,107,82,11,12,111,137,84,117,76,2,53,98,109,89,54,80,42,18,31,113,83,58,28,47,14,2
2025-04-22 16:23:24.38,s,22,79,81,98,125,137,137,40,33,86,83,182,123,172,142,28,37,88,123,136,126,139,110,84,13,8,112,137,89,124,78,1,54,98,108,89,59,84,47,18,33,115,84,59,30,54,21,2
2025-04-22 16:23:24.39,s,2,54,58,82,109,129,128,27,-5,85,81,181,119,175,138,25,33,87,125,136,126,141,112,84,13,9,116,137,92,129,79,4,51,101,113,87,61,89,51,23,33,114,89,63,31,61,24,0
2025-04-22 16:23:24.41,s,2,48,52,73,101,125,123,25,29,81,78,180,113,173,140,26,34,85,122,132,123,136,111,83,12,10,111,134,85,128,83,3,49,98,108,85,59,88,54,26,27,115,82,58,30,57,24,2
2025-04-22 16:23:24.42,s,8,64,69,91,110,137,132,38,44,86,84,180,119,171,143,25,38,85,122,136,120,140,112,78,14,11,111,134,86,128,80,2,50,97,109,84,59,88,52,25,29,114,82,59,28,59,27,2
2025-04-22 16:23:24.43,s,5,57,65,81,107,125,126,24,1,82,83,181,114,167,137,22,34,82,123,135,121,134,108,75,12,11,110,138,89,129,80,1,51,95,108,88,62,88,53,24,29,112,83,60,31,59,27,0
2025-04-22 16:23:24.44,s,4,44,45,74,94,120,115,18,23,76,77,174,113,163,129,21,32,80,113,132,124,134,102,72,9,10,106,141,90,129,78,0,50,93,109,84,60,90,53,26,27,112,85,58,30,61,25,0
2025-04-22 16:23:24.45,s,10,68,74,90,105,129,128,38,65,85,86,180,107,161,125,23,34,81,121,130,115,130,97,70,10,11,109,134,85,118,71,3,47,91,105,84,57,86,49,26,27,109,84,60,27,59,28,2
2025-04-22 16:23:24.46,s,6,57,64,83,100,122,124,26,0,75,82,173,108,162,133,21,31,74,116,130,114,134,104,76,10,10,109,135,86,122,79,0,45,89,103,85,59,88,54,26,27,105,82,58,30,59,28,0
2025-04-22 16:23:24.47,s,5,58,61,84,102,125,122,24,13,76,78,178,107,167,134,26,28,70,118,129,117,137,105,77,4,10,106,139,90,128,78,3,43,90,103,85,65,86,57,27,25,106,77,63,33,60,28,1
2025-04-22 16:23:24.48,s,5,54,58,87,106,131,128,33,58,73,82,178,112,171,137,25,28,67,116,131,120,134,109,79,5,10,102,136,90,123,82,1,44,84,100,84,61,89,56,27,26,105,75,56,31,61,27,1
2025-04-22 16:23:24.49,s,6,58,64,83,108,128,131,32,2,71,77,177,111,170,138,25,21,66,112,129,122,137,108,80,4,10,101,134,90,128,81,1,42,80,97,82,60,89,55,26,26,98,75,57,31,57,30,2
2025-04-22 16:23:24.50,s,1,49,53,79,101,126,123,25,-2,66,72,171,116,167,141,24,22,57,105,129,118,137,109,83,3,8,96,128,89,127,80,2,38,79,93,75,59,88,57,28,21,95,67,51,25,59,27,0
2025-04-22 16:23:24.51,s,4,55,58,87,103,134,129,33,54,60,70,173,108,167,143,24,24,48,100,124,116,135,108,83,1,10,88,122,81,123,79,0,40,74,83,69,53,85,51,30,19,91,61,42,23,56,27,2
2025-04-22 16:23:24.53,s,5,48,60,81,106,130,129,31,5,60,71,167,111,167,143,23,20,46,99,124,116,137,108,84,1,8,86,126,83,122,80,1,38,74,82,72,57,82,51,32,19,90,63,41,27,56,26,0
2025-04-22 16:23:24.54,s,2,46,52,81,99,127,123,23,-7,59,73,169,112,168,142,28,17,50,100,127,117,138,113,83,2,8,92,127,86,123,84,0,39,73,84,75,58,85,55,30,21,91,63,46,27,57,27,2
2025-04-22 16:23:24.55,s,4,51,58,83,106,131,130,33,48,69,79,174,115,170,145,28,21,56,105,126,123,140,110,85,1,6,93,127,89,129,84,1,38,74,86,75,58,88,57,31,20,88,64,47,27,59,27,2
2025-04-22 16:23:24.56,s,8,61,71,89,114,134,138,33,17,72,83,175,117,173,143,25,21,58,108,128,124,141,113,87,2,8,95,131,91,128,85,1,38,76,88,74,59,89,57,36,21,92,67,51,27,61,30,1
2025-04-22 16:23:24.57,s,5,54,67,82,110,129,128,25,-6,73,84,175,117,175,145,26,17,65,113,128,125,140,113,86,1,9,100,131,95,129,84,1,40,78,91,78,63,91,60,36,20,93,67,49,29,60,29,2
2025-04-22 16:23:24.58,s,4,46,56,78,104,126,123,25,39,80,86,181,116,176,142,24,21,68,116,130,130,141,113,84,1,8,101,135,97,130,85,1,39,76,93,82,65,90,61,33,21,90,67,54,30,65,29,2
2025-04-22 16:23:24.59,s,24,80,91,103,126,144,138,40,35,86,94,185,122,174,145,24,25,69,120,135,131,144,110,84,5,10,106,135,95,132,85,1,41,75,94,82,65,92,61,35,23,87,68,55,29,64,30,3
2025-04-22 16:23:24.60,s,5,53,69,81,111,125,128,24,-3,80,94,179,118,175,139,23,20,70,118,134,132,138,113,79,4,10,102,137,98,129,84,-1,38,74,93,82,64,93,58,35,20,86,68,56,33,62,31,-1
2025-04-22 16:23:24.62,s,3,57,67,84,111,125,126,24,32,82,97,182,119,175,137,24,23,74,122,135,134,141,109,80,4,9,109,137,99,132,81,2,35,78,95,84,66,95,59,35,19,85,69,57,33,64,32,2
2025-04-22 16:23:24.63,s,8,69,78,89,118,130,129,33,46,86,100,186,120,174,135,26,28,73,124,137,130,141,109,77,5,9,108,138,98,131,83,1,38,75,94,84,64,93,60,32,22,86,65,54,32,62,30,1
2025-04-22 16:23:24.64,s,3,61,69,86,107,127,122,22,1,84,94,182,115,169,131,26,22,71,122,133,127,136,107,77,3,10,106,136,97,123,81,0,39,73,94,81,62,91,56,35,17,88,65,52,33,59,31,2
2025-04-22 16:23:24.66,s,4,51,63,75,102,116,115,19,19,85,95,179,115,161,130,22,26,73,120,135,126,132,104,76,2,9,107,134,94,123,77,2,34,77,94,78,65,90,55,32,20,83,62,54,29,60,29,0
2025-04-22 16:23:24.67,s,10,73,84,96,111,130,123,34,61,89,100,185,112,162,124,22,29,74,121,135,120,132,101,75,6,9,106,133,89,120,77,0,37,73,94,79,58,86,54,35,17,85,62,49,30,58,28,2
2025-04-22 16:23:24.68,s,3,62,69,88,96,121,114,20,5,84,96,177,106,153,121,22,25,73,120,131,112,128,98,77,3,9,103,129,85,113,75,1,37,71,89,74,53,83,53,36,18,82,63,46,24,53,30,0
2025-04-22 16:23:24.69,s,3,61,67,83,87,114,111,19,16,86,96,174,97,148,119,23,26,73,121,129,103,123,100,79,5,9,99,128,74,110,73,0,38,71,89,70,51,76,48,35,17,84,62,40,23,53,26,0
2025-04-22 16:23:24.70,s,6,64,75,89,92,118,116,31,67,94,101,181,93,150,123,26,30,82,121,130,100,120,102,82,7,9,104,124,70,103,71,1,38,74,87,69,45,75,50,38,19,83,63,36,23,49,25,2
2025-04-22 16:23:24.71,s,8,67,78,89,90,112,118,27,17,99,97,182,89,146,124,30,27,86,123,129,99,116,104,84,8,10,103,124,69,104,76,1,41,77,89,70,49,70,52,35,20,88,62,38,23,45,25,0
2025-04-22 16:23:24.72,s,6,60,74,82,81,107,114,18,18,95,102,180,85,145,124,29,30,88,125,128,92,116,102,89,9,10,110,122,66,101,73,2,38,82,94,71,48,69,49,36,20,90,65,42,20,43,24,0
2025-04-22 16:23:24.73,s,5,68,80,87,79,115,118,31,64,103,104,185,85,145,133,34,36,91,132,129,89,115,105,93,10,11,113,125,63,97,77,1,44,83,98,71,43,69,49,38,23,93,72,39,22,43,21,2
2025-04-22 16:23:24.74,s,8,72,83,91,77,112,120,26,30,101,109,185,75,142,131,34,34,97,132,130,86,110,111,96,11,11,116,122,58,98,77,2,45,85,103,73,42,66,52,42,26,97,74,43,19,42,22,3
2025-04-22 16:23:24.76,s,4,58,74,81,70,101,119,21,11,97,104,182,71,140,137,37,30,96,136,123,83,112,114,101,13,10,119,122,54,100,80,0,45,91,101,69,40,66,53,41,26,97,77,43,19,41,26,0
2025-04-22 16:23:24.77,s,4,66,77,87,71,108,123,31,62,97,107,186,72,143,146,41,34,101,138,123,79,109,118,106,11,12,120,120,51,99,80,3,42,94,106,69,37,61,54,43,24,102,78,41,16,38,25,2
2025-04-22 16:23:24.78,s,8,66,82,92,71,112,126,32,30,85,102,179,67,139,143,38,33,96,133,119,65,108,116,107,15,10,119,115,42,92,80,3,47,93,105,65,27,57,48,41,28,101,78,39,7,36,23,2
2025-04-22 16:23:24.79,s,4,44,65,79,63,102,122,25,-4,60,86,167,63,134,145,37,28,81,122,110,50,105,116,103,12,11,107,104,31,88,78,1,45,86,96,53,22,49,47,40,25,99,74,28,4,30,19,0
2025-04-22 16:23:24.80,s,0,28,47,70,54,91,119,25,22,28,63,157,56,130,142,38,22,63,112,98,49,92,109,102,11,10,94,89,24,74,70,2,39,78,88,49,14,38,39,36,24,91,73,26,-1,20,13,2
2025-04-22 16:23:24.81,s,18,42,63,83,62,98,122,34,10,20,52,143,51,115,137,34,18,63,104,94,48,78,101,101,10,11,91,85,20,58,61,2,35,74,85,46,11,26,30,33,23,84,68,30,0,8,7,2
2025-04-22 16:23:24.82,s,0,8,30,56,36,64,95,19,-34,-6,36,106,36,77,107,24,7,29,82,67,23,42,69,82,0,7,63,59,7,26,35,1,22,49,54,27,5,5,17,26,15,55,41,17,-8,-2,2,0
2025-04-22 16:23:24.84,s,-2,-8,7,23,12,29,65,8,-27,-10,19,57,22,39,59,13,1,22,48,36,9,17,37,58,-2,4,37,26,1,12,17,-1,16,26,34,14,4,6,12,18,8,38,26,14,-5,1,4,0
2025-04-22 16:23:24.85,s,1,-2,10,12,18,27,44,14,-6,-10,6,23,19,25,31,7,6,11,24,24,22,13,28,43,1,2,20,24,5,14,13,0,14,27,39,29,12,13,4,10,9,34,32,28,9,6,2,2
2025-04-22 16:23:24.86,s,0,1,1,2,6,15,26,5,-31,-12,-4,1,7,3,14,1,-7,-8,7,9,1,3,14,27,-7,3,12,23,4,3,-2,0,7,26,40,36,10,4,-2,2,3,29,33,32,8,5,-2,0
2025-04-22 16:23:24.87,s,-2,-6,-11,-10,0,0,-1,-15,-38,-15,-10,-12,4,-10,-3,-7,-5,-9,0,0,-9,-8,4,7,-7,2,5,16,0,-5,-5,-2,5,14,26,31,9,-3,-3,-4,-2,20,17,28,8,2,0,-1
2025-04-22 16:23:24.88,s,1,-4,1,-5,2,-1,-7,-6,-11,-24,-9,-15,0,-18,-12,-11,-1,-7,1,-1,-2,-15,-6,-10,-4,0,1,8,-3,-14,-11,0,-5,4,8,13,4,-10,-10,-11,-5,4,3,10,1,-4,-4,2
2025-04-22 16:23:24.89,s,0,-4,-7,-2,-4,-5,-17,-11,-31,-22,-12,-17,-2,-23,-18,-16,-4,-5,-1,0,-12,-15,-13,-17,-5,1,-1,2,-5,-18,-15,-2,-5,-6,-2,2,0,-12,-14,-16,-7,-3,-6,1,-5,-10,-5,0
2025-04-22 16:23:24.91,s,1,-6,-6,-7,-2,-4,-20,-14,-39,-21,-11,-14,-2,-22,-17,-11,-5,1,5,2,-14,-13,-15,-14,-6,1,4,10,-2,-13,-15,-3,-1,-2,0,13,1,-4,-8,-12,-4,1,-3,8,3,-3,-3,0
2025-04-22 16:23:24.92,s,1,0,-5,1,-2,2,-13,-2,-17,-20,-7,-7,0,-15,-14,-12,1,10,12,12,1,-8,-12,-10,-2,1,13,22,3,-8,-10,0,2,11,13,26,10,-2,-5,-10,-1,15,5,22,10,3,-2,0
2025-04-22 16:23:24.93,s,-2,-2,-8,0,-1,-2,-13,-5,-26,-18,-8,-4,-3,-20,-12,-10,1,3,12,11,-6,-10,-11,-11,-3,-1,11,17,2,-12,-12,0,2,12,9,22,4,-6,-6,-13,1,15,3,17,3,0,-2,1
2025-04-22 16:23:24.94,s,0,-3,-8,-2,-4,0,-16,-11,-39,-17,-12,-3,-3,-21,-14,-15,3,6,8,10,-15,-13,-11,-13,0,1,5,19,-2,-15,-13,-2,5,10,7,17,4,-8,-11,-15,-2,10,5,10,0,-3,-4,-1
2025-04-22 16:23:24.95,s,-4,-8,-11,-4,-4,-3,-16,-3,-23,-19,-8,-6,-3,-17,-11,-12,5,8,9,15,-3,-12,-14,-17,2,1,8,22,-2,-14,-12,-2,5,10,10,20,2,-3,-10,-14,-1,12,6,16,0,-4,-2,1
2025-04-22 16:23:24.96,s,1,-4,-6,-1,-2,-1,-13,-9,-24,-20,-5,-5,-1,-20,-14,-15,5,7,12,14,-8,-10,-12,-16,2,1,11,22,-3,-13,-11,0,3,12,8,22,5,-7,-9,-18,2,16,4,13,5,-3,-2,-1
2025-04-22 16:23:24.97,s,-2,-6,-12,-4,-7,-2,-18,-13,-39,-16,-9,-4,-5,-21,-16,-13,2,6,8,11,-11,-14,-16,-16,-2,2,11,21,3,-14,-17,0,0,12,10,20,6,-5,-8,-14,1,16,4,16,3,0,-1,-1
2025-04-22 16:23:24.98,s,-2,-7,-10,-10,-6,-7,-17,-9,-22,-19,-8,-10,-2,-22,-11,-10,2,9,13,11,-5,-12,-14,-13,-3,0,12,23,2,-16,-11,-2,3,10,10,19,7,-4,-11,-12,-1,17,4,15,7,-2,-2,-1
2025-04-22 16:23:24.99,s,1,-3,-3,-5,-1,-2,-17,-8,-23,-16,-8,-3,-5,-17,-15,-14,5,10,12,16,-4,-10,-10,-16,2,2,13,29,1,-9,-8,-3,7,12,12,21,10,0,-8,-9,-1,19,4,19,7,2,2,0
2025-04-22 16:23:25.01,s,1,1,-6,1,-4,1,-14,-8,-33,-18,-5,-4,-1,-19,-13,-10,4,12,15,15,-8,-12,-11,-12,-3,1,18,25,4,-10,-11,-2,7,15,14,27,9,-2,-9,-10,2,17,11,17,9,1,0,0
2025-04-22 16:23:25.02,s,-2,-19,-16,-15,-12,-8,-24,-15,-29,-16,-9,-6,-5,-20,-12,-14,6,9,18,13,-8,-12,-11,-12,0,1,19,24,4,-10,-12,0,6,12,15,27,8,-3,-8,-12,3,21,6,22,9,0,0,0
2025-04-22 16:23:25.03,open,6,8,7,4,5,3,-12,2,-17,-12,-4,-2,-2,-14,-11,-12,6,15,17,17,2,-8,-8,-13,2,2,16,25,2,-12,-5,-2,6,13,13,28,6,1,-7,-13,0,19,5,22,8,-1,-1,0
2025-04-22 16:23:25.04,open,0,-3,-3,-4,0,-2,-12,-7,-31,-18,-4,-7,-3,-15,-14,-12,0,13,15,9,-10,-10,-13,-14,-2,1,15,22,0,-9,-13,0,1,14,14,21,9,-2,-11,-15,1,15,7,19,9,-1,-3,-1
2025-04-22 16:23:25.05,open,-1,-8,-12,-5,-6,-3,-17,-10,-36,-16,-8,-6,-4,-18,-14,-12,1,8,15,8,-9,-10,-13,-13,-1,1,15,21,-1,-10,-15,-2,5,10,14,26,8,-4,-9,-15,-3,18,5,20,9,-3,-2,0
2025-04-22 16:23:25.06,open,1,-4,0,0,-3,2,-13,0,-14,-18,-2,-7,0,-18,-7,-11,6,10,17,14,1,-10,-11,-14,2,2,14,24,3,-12,-5,-2,6,12,13,27,10,-2,-10,-13,-3,17,6,23,9,-1,-2,2
2025-04-22 16:23:25.07,open,1,1,-5,1,-1,-1,-13,-7,-31,-15,-5,-6,-2,-18,-15,-13,-1,8,14,8,-10,-13,-12,-12,0,1,15,21,-2,-10,-13,1,2,9,15,22,6,-3,-10,-15,0,16,6,22,9,-2,-1,-1
2025-04-22 16:23:25.08,open,0,-10,-12,-8,-9,-1,-20,-14,-40,-16,-9,-6,-4,-19,-11,-9,0,5,13,8,-13,-8,-11,-16,0,2,11,24,-2,-9,-13,-1,1,13,13,26,9,-2,-11,-13,0,16,8,22,6,1,-1,0
2025-04-22 16:23:25.10,open,1,-2,0,0,0,0,-10,0,-14,-15,-5,-5,-4,-14,-11,-12,2,11,15,14,2,-12,-9,-15,0,2,15,24,0,-9,-5,-3,6,10,14,27,8,-3,-12,-14,-1,16,8,22,8,1,-2,0
2025-04-22 16:23:25.11,open,-1,-3,-8,0,-4,1,-13,-7,-31,-15,-2,-7,1,-16,-7,-13,4,8,14,13,-4,-9,-8,-11,-4,0,17,22,4,-9,-11,0,3,12,17,24,8,-2,-10,-12,2,19,6,24,8,1,0,0
2025-04-22 16:23:25.12,open,0,-2,-8,-2,-4,2,-11,-14,-34,-18,-3,-8,0,-14,-13,-11,-1,8,12,10,-12,-10,-8,-11,1,2,15,22,1,-10,-13,0,3,14,15,23,6,1,-10,-13,1,18,9,19,8,-2,-3,1
2025-04-22 16:23:25.13,open,0,-3,-5,0,-2,1,-8,-2,-17,-17,-2,-6,0,-13,-6,-10,1,6,13,11,-2,-6,-10,-10,-3,0,14,18,1,-8,-7,0,3,12,15,18,6,-3,-12,-18,2,16,7,20,3,-2,-3,0
2025-04-22 16:23:25.14,open,0,1,-4,3,-1,7,-11,-6,-22,-15,-3,-5,1,-13,-10,-14,1,5,13,8,-7,-6,-8,-9,-2,3,8,18,-2,-8,-7,-2,4,11,12,16,6,-4,-12,-18,0,16,5,16,6,-3,-2,0
2025-04-22 16:23:25.16,open,-2,-2,-7,-1,-3,3,-10,-11,-34,-16,-7,-5,-1,-16,-8,-14,-1,2,8,7,-13,-11,-10,-14,-3,2,7,17,-2,-10,-10,0,1,9,10,17,5,-4,-9,-18,-1,11,5,15,3,-3,-2,1
2025-04-22 16:23:25.17,open,-2,-1,-7,0,-4,4,-14,-3,-22,-13,-7,-4,-4,-14,-7,-11,0,3,7,9,-5,-10,-8,-14,-2,1,6,17,-2,-12,-5,-2,5,7,8,18,5,-6,-8,-16,1,15,3,17,4,-3,-1,-1
2025-04-22 16:23:25.18,open,0,0,-4,2,-1,2,-9,-6,-21,-16,-2,-7,0,-14,-9,-11,1,5,8,9,-7,-8,-8,-10,-2,1,8,17,-2,-8,-8,-3,2,6,12,19,5,-3,-8,-15,-4,13,4,17,7,-4,0,1
2025-04-22 16:23:25.19,open,1,-8,-7,-5,-3,2,-14,-11,-38,-13,-7,-4,-4,-14,-11,-11,-2,1,10,8,-12,-11,-8,-13,-2,2,8,19,2,-8,-10,-3,5,10,11,22,8,-4,-7,-15,-1,16,6,19,7,1,-1,0
2025-04-22 16:23:25.20,open,-3,-2,-8,-1,-4,5,-11,-1,-23,-15,-2,-6,0,-12,-9,-11,-2,7,10,12,-2,-8,-9,-11,-2,2,11,18,-2,-7,-7,-2,3,11,11,24,6,-1,-8,-13,0,15,8,19,7,1,-2,1
2025-04-22 16:23:25.21,open,0,2,1,2,-1,8,-9,-1,-22,-15,-2,-4,-1,-8,-5,-9,2,6,13,11,-2,-3,-6,-6,0,1,14,23,2,-5,-4,-3,6,11,14,27,8,1,-7,-12,2,18,5,23,8,0,-3,0
2025-04-22 16:23:25.22,open,1,1,1,1,3,6,-5,-6,-30,-14,-3,-4,1,-9,-7,-9,0,8,11,11,-8,-8,-5,-11,0,2,14,19,3,-6,-6,-3,7,11,14,24,8,1,-5,-16,2,17,7,21,6,-2,-1,1
2025-04-22 16:23:25.24,open,-2,-20,-17,-15,-9,-2,-17,-13,-28,-15,-9,-5,-1,-12,-6,-10,2,5,10,9,-5,-7,-7,-10,-2,1,14,18,1,-9,-4,0,6,10,13,23,6,1,-8,-14,1,18,6,21,8,-2,0,-1
2025-04-22 16:23:25.25,open,4,6,6,4,5,9,-6,4,-14,-10,-3,-1,0,-6,-3,-9,0,8,13,12,5,-4,-7,-8,-3,-1,14,17,4,-5,-4,1,5,10,13,23,9,-2,-4,-15,3,17,6,22,7,-2,0,0
2025-04-22 16:23:25.26,open,2,-3,-1,0,1,6,-12,-8,-29,-12,-4,-3,3,-13,-5,-10,-1,3,10,8,-7,-6,-7,-11,-3,3,12,17,-1,-4,-8,-3,4,7,15,21,9,2,-7,-10,0,16,6,22,8,2,-2,1
2025-04-22 16:23:25.27,open,-1,-5,-7,-6,-2,0,-10,-7,-31,-18,-4,-6,0,-12,-11,-11,-3,1,11,3,-10,-6,-11,-9,-5,0,10,17,2,-8,-9,-2,3,10,10,25,7,0,-7,-14,1,16,6,23,7,1,0,1
2025-04-22 16:23:25.28,open,-1,-3,-1,1,-1,6,-12,2,-15,-11,-3,-2,2,-14,-4,-9,-2,4,8,11,2,-7,-7,-12,-6,2,6,16,1,-8,-3,-2,1,9,10,23,8,-2,-7,-13,-1,15,5,21,8,-1,2,1
2025-04-22 16:23:25.29,open,1,1,-5,2,1,1,-9,-5,-27,-15,-3,-6,-2,-11,-11,-11,-4,1,9,9,-9,-9,-7,-12,-3,1,11,19,-1,-5,-7,-2,3,6,14,22,6,3,-7,-9,1,13,9,22,6,4,-2,2
2025-04-22 16:23:25.30,open,1,-11,-9,-6,-2,1,-11,-11,-35,-14,-4,-9,0,-14,-7,-11,-3,0,10,6,-13,-5,-11,-10,-6,3,8,19,2,-8,-8,0,2,9,13,22,8,2,-9,-12,-2,15,7,19,10,2,-3,-1
2025-04-22 16:23:25.32,open,1,1,-3,4,4,7,-9,2,-10,-14,-1,-4,0,-8,-4,-10,-4,5,9,9,2,-4,-8,-11,-3,1,11,16,-1,-5,-2,-3,5,10,13,25,9,-1,-6,-14,-3,18,6,23,10,0,-3,2
2025-04-22 16:23:25.33,open,1,-4,-4,0,0,7,-8,-5,-28,-15,-1,-4,0,-6,-4,-11,-1,2,10,8,-5,-5,-4,-7,0,2,10,20,3,-4,-7,0,3,11,13,26,10,1,-7,-12,0,17,7,20,7,3,-2,1
2025-04-22 16:23:25.34,open,2,-4,-4,-4,0,6,-10,-13,-32,-15,-3,-5,-2,-6,-6,-10,-6,2,10,4,-10,-4,-7,-9,-4,3,8,18,2,-7,-5,-2,3,9,13,22,5,2,-9,-12,-3,18,7,20,6,2,-3,-1
2025-04-22 16:23:25.35,open,-2,-4,-6,0,-2,9,-6,2,-18,-11,-5,-3,3,-5,-2,-10,-4,1,9,6,0,-4,-4,-10,-3,1,8,15,-2,-4,-2,0,2,11,12,19,6,0,-10,-13,-1,16,6,18,7,2,-2,0
2025-04-22 16:23:25.37,open,0,4,-1,6,1,13,-5,0,-25,-10,-3,-6,4,-7,0,-12,-3,-1,9,4,-3,-2,-5,-9,-5,2,5,13,2,-6,-3,-2,3,6,13,18,5,-1,-9,-12,-3,16,4,20,7,0,0,0
2025-04-22 16:23:25.38,open,0,-7,-5,-3,1,3,-8,-8,-34,-16,-4,-4,-2,-6,-6,-10,-7,-1,5,4,-9,-5,-5,-9,-7,2,6,13,1,-6,-6,-2,2,6,11,20,4,3,-6,-14,-1,13,3,21,8,-1,-1,0
2025-04-22 16:23:25.39,open,1,-8,-4,-2,-3,5,-8,1,-21,-14,-2,-7,3,-9,-3,-12,-4,-3,5,6,-3,-3,-6,-10,-8,1,5,13,0,-7,-3,-1,2,6,10,17,6,1,-10,-9,-2,11,8,18,9,2,-2,0
2025-04-22 16:23:25.40,open,0,-2,-4,3,0,7,-7,-1,-23,-14,-3,-6,4,-8,-3,-11,-6,-5,3,6,-7,-2,-7,-8,-6,1,7,11,2,-3,-4,0,1,6,14,20,6,4,-5,-9,-1,13,8,23,8,4,4,0
2025-04-22 16:23:25.41,open,-1,0,-6,2,-3,9,-9,-8,-35,-13,-3,-5,3,-9,-5,-8,-8,-7,3,3,-12,-5,-6,-12,-7,2,6,12,-1,-2,-7,-1,2,7,15,23,6,6,-3,-12,0,15,11,23,8,7,0,0
2025-04-22 16:23:25.42,open,0,-7,-5,-4,-4,7,-7,-5,-22,-17,-3,-6,0,-4,-3,-10,-10,-6,1,8,-3,-4,-3,-9,-5,1,6,15,2,-3,-2,-2,3,9,14,26,7,8,-5,-9,-3,19,12,25,13,7,0,-1
2025-04-22 16:23:25.43,s,2,4,5,7,7,16,1,2,-24,-11,0,-2,6,1,5,-8,-10,-2,8,9,4,4,-2,-2,-7,0,12,22,3,5,4,-2,8,14,20,30,13,8,0,-6,1,24,15,27,16,10,3,0
2025-04-22 16:23:25.44,s,1,5,0,7,7,14,8,-5,-30,-14,0,-1,8,3,4,-4,-12,-2,8,10,-1,4,2,-2,-8,0,11,29,6,6,5,-2,11,20,26,36,17,11,5,-5,5,28,22,35,16,13,5,0
2025-04-22 16:23:25.45,s,-3,-13,-15,-12,-3,6,2,-5,-32,-11,-2,-1,7,4,9,-7,-10,-7,10,14,1,8,6,1,-5,2,15,30,6,10,5,-2,11,23,32,39,17,17,7,1,8,36,27,39,20,14,8,0
2025-04-22 16:23:25.47,s,4,9,6,12,7,23,16,11,-15,-5,3,4,11,9,12,-2,-9,-6,12,18,11,12,9,6,-6,2,15,33,7,13,12,-2,15,28,39,42,18,20,7,3,8,44,35,39,18,21,10,0
2025-04-22 16:23:25.48,s,3,3,4,6,9,18,12,-3,-28,-9,0,9,6,10,7,-2,-15,-6,12,12,4,9,10,8,-7,2,17,31,6,14,9,0,13,27,39,43,19,20,11,6,10,45,36,43,18,30,13,0
2025-04-22 16:23:25.49,s,1,-4,0,2,6,14,9,-5,-29,-11,-2,8,6,6,10,-1,-15,-9,12,16,-3,8,11,13,-10,1,18,27,5,10,11,-2,13,25,40,40,17,20,11,7,8,47,36,40,17,25,11,0
2025-04-22 16:23:25.50,s,0,2,-1,9,6,16,15,6,-13,-10,0,12,8,7,12,2,-15,-8,15,18,9,8,12,13,-11,2,14,26,6,11,13,-3,8,22,40,39,17,21,15,12,10,41,39,38,16,27,16,2
2025-04-22 16:23:25.51,s,0,4,1,10,6,15,16,-3,-26,-13,4,7,8,8,9,2,-16,-6,15,16,-2,12,12,18,-11,2,14,25,4,9,13,0,6,22,36,39,18,19,14,12,5,41,35,39,18,25,17,1
2025-04-22 16:23:25.52,s,-1,-3,-4,7,5,13,17,-7,-33,-10,1,14,9,9,15,1,-12,0,15,21,0,9,17,25,-10,4,20,27,7,13,11,1,6,23,38,44,20,23,16,14,6,41,37,39,19,27,19,0
2025-04-22 16:23:25.53,s,0,6,4,14,12,23,32,6,-9,-8,9,22,15,22,26,5,-7,8,28,28,19,20,22,34,-8,1,28,37,9,18,21,1,11,27,47,43,22,29,17,17,9,42,43,43,19,33,19,2
2025-04-22 16:23:25.54,s,1,4,6,16,15,32,40,9,-24,-2,8,33,16,30,33,8,-4,15,36,34,15,27,28,43,-4,2,38,43,9,25,21,2,17,32,52,44,22,28,19,17,10,47,46,40,18,32,18,0
2025-04-22 16:23:25.55,s,1,-2,4,14,15,30,48,10,-33,-7,14,36,22,32,41,13,-2,18,41,43,12,28,36,48,0,5,50,52,11,25,24,0,23,44,62,45,18,26,17,17,12,57,49,41,17,28,14,0
2025-04-22 16:23:25.57,s,1,4,16,31,23,40,59,18,-9,2,23,70,28,49,52,13,5,29,58,62,35,38,38,56,1,8,63,63,13,32,31,-1,28,56,73,47,17,20,19,14,16,67,58,44,12,25,12,0
2025-04-22 16:23:25.58,s,4,11,26,37,32,50,69,21,-23,2,29,83,33,61,59,17,7,32,69,67,27,48,44,62,4,6,72,71,17,38,30,1,32,73,78,50,23,26,16,15,20,84,64,44,15,21,10,2
2025-04-22 16:23:25.59,s,2,8,23,35,31,51,71,16,-38,-4,30,84,38,63,63,14,6,31,73,72,23,49,49,60,5,9,80,77,19,40,29,2,33,78,87,54,18,26,18,11,26,98,75,48,9,21,6,0
2025-04-22 16:23:25.60,s,1,9,26,38,39,65,86,22,-2,1,29,95,41,82,79,20,7,35,81,78,44,58,52,66,6,10,87,88,22,45,38,1,40,84,97,62,21,25,16,11,27,103,84,50,9,17,6,2
2025-04-22 16:23:25.61,s,3,18,31,47,50,82,104,26,-15,5,40,108,51,94,93,22,12,40,90,82,45,68,59,75,8,9,102,101,29,52,39,2,43,91,111,70,26,32,17,16,29,109,89,59,12,20,5,2
2025-04-22 16:23:25.62,s,2,11,27,48,45,88,100,22,-35,4,40,105,54,100,99,22,10,41,98,86,40,67,64,76,7,11,107,103,29,56,37,2,43,99,113,70,28,29,18,17,27,116,94,56,14,16,6,0
2025-04-22 16:23:25.63,s,1,14,31,46,54,92,107,22,0,8,41,113,58,117,105,25,14,43,104,94,61,80,69,79,7,9,112,109,35,61,45,1,48,103,119,72,32,33,16,13,33,119,100,62,12,19,4,2
2025-04-22 16:23:25.64,s,3,28,39,57,65,107,116,29,-8,9,44,115,65,126,108,20,16,49,107,97,63,89,75,77,11,11,116,115,44,68,47,1,55,111,125,83,35,36,18,12,36,124,106,67,15,21,4,2
2025-04-22 16:23:25.66,s,0,21,27,54,60,103,111,23,-33,4,38,114,62,122,103,17,13,47,100,100,64,85,69,71,11,11,117,114,46,70,40,2,57,110,131,82,32,37,13,10,37,123,106,71,14,18,2,2
2025-04-22 16:23:25.67,s,-3,0,10,35,48,90,98,19,-14,2,32,109,57,112,99,17,11,42,99,99,61,81,61,64,9,11,115,117,41,66,38,2,56,111,129,79,27,33,8,3,36,127,108,65,6,14,-1,0
2025-04-22 16:23:25.68,s,6,28,34,56,64,96,110,35,0,5,37,113,60,113,93,13,15,46,99,103,64,76,60,64,11,11,115,118,38,67,40,2,57,111,131,82,27,29,8,-1,39,125,110,68,7,11,-1,2
2025-04-22 16:23:25.69,s,2,17,20,48,56,90,104,26,-31,9,31,115,58,108,95,16,12,49,106,105,67,83,59,66,12,10,123,125,46,72,33,4,58,118,135,87,36,36,8,1,40,122,113,74,15,17,-1,1
2025-04-22 16:23:25.71,s,0,6,16,38,54,87,99,23,-17,5,33,116,57,110,92,14,14,51,110,109,75,81,58,62,12,11,121,131,53,76,35,4,59,117,135,91,43,43,11,0,41,123,110,82,22,26,2,1
2025-04-22 16:23:25.72,s,2,16,25,50,66,102,113,35,10,11,36,123,70,123,105,14,18,56,113,114,84,94,66,68,13,10,126,135,66,86,43,6,61,119,138,91,56,53,12,4,42,123,110,87,31,34,-2,2
2025-04-22 16:23:25.73,s,2,14,20,50,68,105,114,29,-24,9,35,119,71,131,109,15,15,54,109,112,88,102,69,69,12,12,123,135,68,92,41,3,59,117,134,93,56,61,16,1,40,124,110,84,31,36,3,0
2025-04-22 16:23:25.74,s,-2,9,13,44,64,108,111,24,-29,8,27,118,71,137,112,13,12,50,102,112,89,106,72,70,9,9,119,134,70,92,43,3,59,114,133,91,54,67,12,2,40,121,113,81,25,38,1,0
2025-04-22 16:23:25.75,s,1,19,18,50,73,118,121,36,11,8,28,114,71,141,116,10,15,49,98,110,89,106,73,67,11,12,112,130,65,93,47,2,60,110,132,89,52,61,11,-3,42,124,107,79,21,34,-3,2
2025-04-22 16:23:25.76,s,2,11,16,44,70,114,119,31,-28,3,20,109,70,136,114,14,7,44,91,107,89,102,69,68,6,9,109,127,65,89,41,4,57,110,127,86,50,55,13,-5,42,124,107,76,20,30,-2,0
2025-04-22 16:23:25.77,s,0,8,7,40,65,109,112,27,-37,0,15,109,70,131,113,10,9,38,91,108,89,99,69,64,5,11,108,131,68,86,40,4,57,107,131,86,49,59,9,-4,42,124,109,76,24,37,-2,2
2025-04-22 16:23:25.78,s,1,10,9,43,68,103,114,34,5,-3,21,109,75,128,109,12,12,40,95,110,94,99,64,63,8,9,114,132,69,90,41,1,60,108,132,85,55,62,11,-4,41,125,107,81,27,39,1,0
2025-04-22 16:23:25.79,s,3,10,15,47,72,104,112,30,-17,-3,22,111,73,124,103,7,9,38,90,112,92,99,60,61,6,12,109,134,73,87,39,3,58,110,127,88,57,61,13,-4,42,123,109,80,30,40,0,0
2025-04-22 16:23:25.81,s,1,8,12,47,68,104,106,24,-35,-5,20,113,72,124,106,8,7,34,89,113,89,101,60,61,7,10,108,135,69,87,37,2,58,107,128,87,52,61,12,-1,40,125,107,78,25,39,-2,0
2025-04-22 16:23:25.82,s,0,10,16,49,75,107,112,31,3,0,20,124,75,136,110,12,8,41,96,113,95,106,66,64,6,10,109,138,71,90,46,1,59,108,128,90,54,63,15,-2,44,123,108,80,26,40,-1,2
2025-04-22 16:23:25.83,s,2,12,20,54,78,110,117,31,-14,-1,27,123,79,134,112,9,11,41,95,116,97,105,66,64,5,10,114,134,74,90,43,1,59,107,131,87,53,60,14,-2,45,122,107,80,27,37,2,1
2025-04-22 16:23:25.84,s,1,7,11,47,69,103,106,25,-38,-1,19,121,70,127,107,11,7,37,93,114,88,97,64,61,8,10,108,135,67,83,36,3,59,109,127,87,53,53,9,-5,43,122,105,80,24,33,-2,-1
2025-04-22 16:23:25.85,s,0,8,10,50,65,104,105,29,-7,0,21,122,70,126,102,8,8,41,92,115,89,93,60,58,4,12,108,135,65,77,37,2,58,107,126,87,49,51,8,-5,43,122,108,76,22,31,-4,2
2025-04-22 16:23:25.86,s,2,15,18,58,73,102,112,31,-13,-2,25,125,71,127,101,8,7,41,97,113,90,96,58,60,8,9,115,135,69,81,37,3,59,109,130,88,52,57,11,-4,46,122,109,80,25,35,-2,2
2025-04-22 16:23:25.88,s,0,14,17,56,72,102,109,26,-34,-2,25,129,71,127,101,8,7,39,96,114,92,97,60,62,9,10,115,137,70,86,33,3,56,110,129,89,58,58,12,-2,42,125,107,82,30,35,2,0
2025-04-22 16:23:25.89,s,0,-10,2,41,62,92,105,22,-14,-5,26,127,75,128,107,10,6,39,93,118,96,97,60,62,5,9,112,137,75,84,35,3,56,106,128,88,56,59,13,-5,44,122,107,80,30,36,1,0
2025-04-22 16:23:25.90,s,5,22,28,64,82,109,119,39,-1,2,28,137,78,132,109,12,8,39,97,116,95,100,64,65,7,9,113,137,71,85,43,2,57,108,126,90,56,61,12,-4,44,123,107,81,29,36,2,3
2025-04-22 16:23:25.92,s,1,10,18,60,73,107,113,30,-37,1,28,131,81,129,113,13,6,33,95,118,94,100,65,64,6,9,112,135,75,82,37,2,57,103,127,86,54,58,9,-2,40,122,103,78,30,33,0,0
2025-04-22 16:23:25.93,s,0,8,16,54,73,104,110,26,-23,-6,28,135,77,133,109,10,4,33,94,117,95,100,64,63,4,10,108,139,73,86,36,1,56,103,124,89,57,56,9,-1,39,124,102,79,27,35,0,0
2025-04-22 16:23:25.94,s,2,18,25,68,78,112,119,38,3,0,33,137,84,129,110,10,7,33,97,118,99,98,64,62,6,10,109,138,74,81,41,1,55,102,124,87,54,57,12,-2,42,122,101,79,27,33,-3,2
2025-04-22 16:23:25.95,s,1,11,20,58,73,98,112,31,-35,-3,26,135,75,123,101,8,0,30,88,118,95,91,58,60,3,10,107,135,69,79,31,2,53,99,125,86,52,52,11,-3,40,121,103,75,25,28,0,0
2025-04-22 16:23:25.96,s,-3,2,7,54,62,95,103,24,-39,-6,21,133,72,117,101,6,0,24,86,115,91,91,56,63,0,7,103,136,70,72,32,2,48,101,122,86,51,51,6,-3,36,123,103,73,22,30,-5,1
2025-04-22 16:23:25.97,s,3,11,24,62,73,101,108,34,2,-3,25,138,78,118,103,7,3,26,88,116,91,90,55,62,-2,10,102,137,70,72,37,2,53,101,120,87,53,48,8,-5,37,122,99,76,26,27,-4,2
2025-04-22 16:23:25.98,s,2,11,18,60,75,97,112,27,-30,-7,30,138,78,123,103,9,-3,25,89,117,95,92,58,64,1,8,106,136,70,78,32,3,49,99,123,85,52,52,7,-5,37,121,100,73,26,30,-5,1
2025-04-22 16:23:25.99,s,0,1,15,56,72,98,105,23,-40,-7,28,141,82,120,106,8,-3,22,88,118,97,96,59,63,0,8,104,137,74,78,32,2,46,100,121,86,58,55,6,-2,34,120,101,74,26,33,-4,0
2025-04-22 16:23:26.00,s,0,9,24,63,81,102,112,30,3,-5,35,144,89,126,109,8,1,24,92,120,103,97,62,62,0,10,101,139,78,81,40,1,49,96,122,87,59,57,12,-4,34,122,98,78,28,37,-1,2
2025-04-22 16:23:26.01,s,2,15,29,73,82,109,115,34,-21,-3,36,148,87,129,103,7,-2,27,91,123,105,99,61,61,1,9,103,142,79,86,37,3,49,95,121,89,59,59,12,-4,36,120,99,76,28,40,-2,2
2025-04-22 16:23:26.02,s,1,6,20,65,76,99,104,23,-39,-4,30,147,86,127,101,8,-5,25,92,119,109,98,57,63,-4,10,104,139,83,81,35,2,49,94,120,87,59,62,11,-1,32,121,98,74,32,39,-1,0
2025-04-22 16:23:26.03,s,1,6,20,66,77,99,103,29,0,0,34,146,89,121,100,7,1,24,94,123,104,97,58,56,1,9,102,141,79,82,36,2,47,93,119,85,61,58,12,-5,35,116,98,74,32,37,0,0
2025-04-22 16:23:26.04,s,3,12,28,68,84,100,103,27,-18,-1,36,149,87,122,93,8,-3,26,93,121,105,96,54,59,0,9,101,141,79,81,35,3,47,93,119,85,58,62,9,0,33,117,97,76,28,40,2,1
2025-04-22 16:23:26.05,s,2,11,21,66,77,95,99,21,-42,-5,34,145,87,115,89,7,-3,22,85,121,102,94,52,57,-3,9,102,136,82,78,28,2,48,94,116,86,59,57,7,-1,30,118,97,71,31,35,-2,-1
2025-04-22 16:23:26.07,s,0,5,21,59,77,90,96,25,-3,-2,32,147,83,117,90,7,-1,27,88,119,101,92,52,55,-4,7,98,134,78,76,31,2,45,91,113,82,54,54,8,-5,32,116,91,73,27,33,0,0
2025-04-22 16:23:26.08,s,2,20,27,71,79,97,101,27,-17,-2,37,146,86,115,89,7,0,27,87,121,103,91,53,54,3,8,99,134,78,78,33,3,46,93,112,85,56,58,12,1,32,115,92,72,27,33,0,2
2025-04-22 16:23:26.09,s,0,17,27,68,76,95,103,25,-37,1,36,146,83,113,95,8,2,26,86,119,97,89,57,58,0,11,95,135,73,79,33,2,46,92,114,81,55,53,9,2,31,116,91,70,26,31,4,1
2025-04-22 16:23:26.10,s,-2,-3,12,54,60,88,94,18,-13,0,38,146,72,115,94,10,1,31,88,116,88,91,56,62,0,9,96,130,65,78,35,3,47,91,113,81,50,51,14,5,34,115,89,65,20,32,0,-1
2025-04-22 16:23:26.11,s,5,33,41,80,75,102,116,33,8,11,46,155,70,120,101,14,8,40,94,120,85,89,64,66,3,11,101,127,57,77,43,3,49,91,113,78,40,51,15,10,34,113,90,60,15,29,4,2
2025-04-22 16:23:26.12,s,3,26,33,72,66,102,114,25,-23,13,47,155,64,124,111,17,9,45,98,118,75,91,69,71,5,10,99,125,51,73,45,1,53,94,111,77,34,42,19,11,37,114,90,55,12,23,0,2
2025-04-22 16:23:26.13,s,1,20,34,69,62,104,115,25,-10,21,51,159,65,130,129,23,13,54,108,115,69,96,84,79,9,10,107,124,41,81,51,2,53,98,117,75,27,43,19,17,37,116,90,57,6,20,2,0
2025-04-22 16:23:26.14,s,5,35,50,82,71,118,134,41,25,33,63,169,70,145,139,26,23,67,118,113,69,107,95,92,11,9,116,119,41,89,62,4,54,103,121,76,27,49,25,24,41,118,97,57,7,29,6,2
2025-04-22 16:23:26.16,s,4,35,50,82,64,120,132,33,-19,33,62,166,64,150,141,30,20,74,120,111,54,108,106,99,11,11,119,115,37,92,64,4,57,107,122,75,24,50,32,25,45,119,97,60,8,30,13,0
2025-04-22 16:23:26.17,s,1,13,40,67,55,107,129,26,-12,23,63,157,56,144,140,30,20,74,121,106,51,102,108,98,13,10,119,109,27,86,65,2,56,105,118,69,20,40,28,26,41,119,94,52,3,21,11,0
2025-04-22 16:23:26.18,s,3,29,45,79,57,114,129,38,31,27,61,155,60,140,141,33,23,75,124,104,70,100,108,102,12,12,114,106,31,80,68,2,56,103,117,67,20,35,33,31,42,114,97,55,2,21,12,2
2025-04-22 16:23:26.19,s,2,18,41,67,54,97,126,29,-16,14,57,141,56,123,139,32,20,72,116,100,45,90,106,101,12,11,113,103,25,69,61,3,49,97,111,66,15,29,26,31,33,111,87,49,2,10,8,2
2025-04-22 16:23:26.20,s,0,3,21,56,38,85,111,23,-35,4,39,121,48,111,129,28,13,61,105,84,34,75,91,90,12,11,100,89,19,51,47,2,48,84,98,59,12,15,20,25,32,103,77,47,-1,4,5,1
2025-04-22 16:23:26.21,s,1,5,24,41,32,65,100,24,3,-3,30,88,38,82,100,18,13,48,85,63,40,41,60,74,7,6,85,58,11,23,31,3,37,73,82,39,8,1,13,15,25,90,69,35,-5,-2,2,1
2025-04-22 16:23:26.23,s,2,7,15,22,24,39,72,18,-21,-7,12,47,22,39,59,12,7,31,59,30,14,16,34,52,4,5,56,33,5,14,12,1,28,62,65,33,8,1,6,9,20,82,59,35,0,0,2,2
2025-04-22 16:23:26.24,s,1,0,3,6,13,23,41,9,-36,-9,-3,17,12,18,27,7,0,14,34,15,4,12,22,37,2,3,36,30,4,9,5,1,23,56,63,43,12,2,6,6,18,74,59,42,11,6,-1,0
2025-04-22 16:23:26.25,s,-1,-5,-1,-5,6,13,25,6,-14,-9,-3,-1,12,5,21,1,-1,-1,18,14,14,5,16,31,-2,4,24,34,3,7,5,0,19,42,57,49,17,2,3,3,12,58,51,44,16,8,-4,0
2025-04-22 16:23:26.26,s,2,2,2,0,8,10,20,0,-18,-9,-5,-4,12,0,11,-1,0,-3,12,11,9,5,7,23,-4,1,23,35,9,3,0,1,12,28,52,45,17,5,-1,4,3,34,39,40,16,12,2,0
2025-04-22 16:23:26.27,s,0,2,-6,-4,4,3,4,-11,-34,-13,-10,-10,4,-8,-6,-6,-2,1,4,5,-3,-7,-3,3,-2,3,12,27,2,-5,-9,-1,9,18,32,37,11,-1,-7,-4,1,19,22,32,11,2,0,-1
2025-04-22 16:23:26.28,s,-3,-4,-9,-6,-4,3,-9,-9,-21,-20,-12,-13,3,-14,-11,-11,0,2,4,0,0,-13,-7,-9,-5,2,6,18,-2,-13,-10,-2,2,13,19,27,6,-4,-12,-11,-1,18,11,21,8,3,-5,0
2025-04-22 16:23:26.29,s,1,-3,-3,-6,0,0,-6,-5,-24,-16,-12,-6,2,-14,-11,-11,2,7,10,9,2,-12,-7,-7,1,1,13,21,-3,-9,-10,1,7,11,18,29,8,-2,-8,-9,1,15,11,23,7,2,-2,1
2025-04-22 16:23:26.30,s,1,-1,-3,0,0,6,-9,-10,-32,-19,-9,-9,1,-15,-14,-9,1,6,10,9,-4,-12,-8,-10,0,1,16,21,3,-10,-13,0,6,13,20,28,11,-2,-10,-10,0,16,12,26,9,1,-1,0
2025-04-22 16:23:26.32,s,-2,-24,-20,-17,-8,-5,-16,-10,-34,-17,-13,-6,3,-17,-11,-9,2,7,15,10,-5,-7,-10,-7,-3,3,15,30,3,-11,-8,-2,9,17,23,34,12,0,-5,-10,1,23,13,26,10,5,-1,-2
2025-04-22 16:23:26.33,s,3,5,4,1,4,5,-5,2,-11,-15,-8,-4,5,-17,-10,-11,6,8,15,11,3,-9,-10,-8,0,1,13,20,-2,-15,-7,-3,8,12,17,27,6,-1,-9,-13,1,18,7,18,9,-1,-1,2
2025-04-22 16:23:26.34,s,0,-3,-5,-4,0,0,-12,-6,-34,-15,-11,-7,1,-21,-16,-12,0,6,7,6,-9,-16,-11,-14,0,1,7,14,-4,-16,-14,-3,5,7,12,19,2,-4,-10,-17,0,13,3,16,7,-2,-3,-1
2025-04-22 16:23:26.35,s,-2,-5,-12,-6,-6,0,-15,-13,-32,-20,-13,-8,0,-21,-15,-14,1,3,9,4,-15,-12,-13,-13,-3,0,7,15,-5,-15,-15,-2,5,10,8,22,2,-5,-11,-18,-1,13,2,17,2,-2,-3,-1
2025-04-22 16:23:26.36,s,1,-3,-1,-1,-1,5,-12,2,-14,-15,-9,-3,3,-19,-10,-11,4,9,12,12,1,-12,-10,-13,0,2,10,22,-3,-13,-8,-2,5,12,14,26,9,-4,-13,-16,-1,17,5,22,8,0,-2,0
2025-04-22 16:23:26.37,s,1,-6,-4,-6,0,-1,-13,-7,-30,-19,-7,-7,3,-19,-13,-13,4,10,12,11,-7,-12,-12,-9,-2,1,14,23,1,-13,-14,0,5,15,17,28,10,-3,-11,-12,2,17,7,25,9,1,-3,-1
2025-04-22 16:23:26.38,s,-1,-5,-9,-10,-3,-3,-13,-13,-35,-19,-8,-7,-1,-16,-17,-12,1,13,16,10,-9,-9,-10,-9,0,0,17,23,2,-12,-11,-3,7,13,18,27,8,0,-10,-12,1,19,11,24,10,1,-2,0
2025-04-22 16:23:26.40,s,-2,0,-4,-3,-3,3,-13,1,-11,-14,-5,-4,4,-14,-10,-11,4,15,16,16,4,-11,-7,-11,2,2,18,25,1,-13,-5,-2,8,14,20,31,9,-3,-8,-15,4,20,10,25,10,1,-3,0
2025-04-22 16:23:26.41,s,1,-2,-6,0,0,6,-12,-6,-29,-12,-8,-1,3,-13,-11,-11,5,11,18,14,-3,-9,-8,-6,0,2,15,25,-1,-9,-11,1,7,18,18,26,7,1,-11,-15,1,19,9,23,7,3,-2,0
2025-04-22 16:23:26.42,s,-1,-6,-13,-6,-6,1,-16,-13,-38,-16,-7,-4,1,-17,-10,-14,4,9,17,11,-8,-11,-10,-10,-2,2,17,23,0,-9,-12,1,5,18,16,28,9,-2,-12,-14,1,18,10,22,7,0,-1,0
2025-04-22 16:23:26.43,s,-2,-3,-8,-2,-3,5,-14,-1,-18,-14,-7,-4,4,-17,-9,-10,6,11,15,13,0,-8,-10,-9,-2,0,14,23,3,-12,-8,-3,6,14,14,28,8,-4,-8,-15,0,19,6,23,8,-1,-2,0
2025-04-22 16:23:26.44,s,1,4,-4,2,0,7,-13,-3,-26,-12,-7,-2,3,-15,-11,-10,2,8,17,9,-2,-10,-10,-13,0,2,12,24,1,-13,-8,-3,5,14,15,29,9,-3,-10,-12,0,18,10,22,6,3,-2,0
2025-04-22 16:23:26.45,s,-1,-4,-5,-3,-3,3,-16,-11,-35,-19,-5,-6,-1,-17,-17,-11,-2,9,14,6,-9,-12,-14,-13,-5,2,11,21,3,-12,-15,-1,4,10,15,23,9,-2,-10,-15,0,16,6,22,10,-2,-3,-1
2025-04-22 16:23:26.46,s,0,-4,-7,-8,-1,-1,-14,-4,-20,-19,-5,-6,3,-19,-10,-13,2,6,12,10,-3,-11,-12,-14,-2,1,13,22,-1,-15,-8,-2,5,11,13,27,9,-3,-12,-15,0,16,9,19,11,2,-1,2
2025-04-22 16:23:26.48,s,1,1,-1,-2,4,3,-10,-1,-25,-13,-4,-5,4,-18,-9,-13,1,8,13,11,0,-12,-11,-14,0,2,15,25,1,-10,-9,-1,3,15,18,28,9,1,-11,-13,0,19,11,24,9,3,-1,1
2025-04-22 16:23:26.49,s,0,-3,-8,-6,-2,2,-14,-9,-39,-14,-9,-5,4,-17,-11,-13,-2,8,13,9,-7,-12,-10,-14,0,2,11,24,1,-14,-10,-3,6,13,18,29,11,-2,-10,-17,2,17,11,26,9,2,-1,0
2025-04-22 16:23:26.50,s,-3,-3,-8,-8,0,1,-10,-5,-23,-16,-5,-2,0,-13,-9,-12,0,11,15,12,0,-8,-10,-12,1,1,16,25,1,-12,-9,-3,7,13,19,29,8,1,-10,-15,3,19,11,26,9,1,-2,0
2025-04-22 16:23:26.51,s,1,-4,-4,-6,0,5,-11,-2,-26,-12,-7,-1,5,-13,-3,-11,5,11,15,15,5,-8,-5,-8,0,0,15,22,3,-9,-8,1,5,18,16,29,10,1,-11,-16,2,21,11,23,10,2,-3,0
2025-04-22 16:23:26.52,s,0,1,-7,0,1,5,-6,-7,-31,-16,-4,-4,3,-10,-7,-12,1,5,15,7,-8,-6,-10,-7,-3,2,12,19,1,-8,-11,0,8,14,15,25,5,-2,-11,-15,2,17,9,23,6,1,-4,2
2025-04-22 16:23:26.54,s,-3,-15,-19,-12,-8,0,-15,-9,-32,-19,-7,-7,1,-11,-10,-12,-3,7,11,4,-8,-7,-10,-9,-4,1,11,20,0,-13,-8,-2,6,12,13,24,4,-1,-10,-19,0,18,5,22,8,-5,-2,0
2025-04-22 16:23:26.55,s,0,4,1,1,5,10,-6,3,-13,-14,-7,1,3,-9,-7,-12,2,9,11,10,3,-8,-7,-10,0,1,8,18,-3,-8,-8,1,5,9,15,21,4,-3,-10,-17,3,15,7,21,7,-3,0,2
2025-04-22 16:23:26.56,open,1,0,-3,-4,3,3,-8,-5,-32,-16,-5,-5,5,-14,-11,-10,-2,4,12,4,-8,-7,-10,-10,-4,1,10,17,0,-9,-12,-1,5,12,13,23,7,-5,-6,-16,1,15,5,21,7,-1,-1,0
2025-04-22 16:23:26.57,open,-2,-3,-9,-5,-2,3,-14,-9,-35,-14,-11,-3,-1,-16,-10,-11,-2,1,10,6,-11,-8,-13,-11,-5,2,6,19,1,-13,-9,-3,5,11,12,26,9,-2,-8,-15,0,15,9,23,9,-2,2,0
2025-04-22 16:23:26.58,open,0,1,-4,2,2,5,-9,2,-13,-14,-4,-3,5,-13,-8,-12,1,8,11,9,5,-6,-8,-11,-3,2,8,22,0,-12,-5,-3,6,12,13,27,10,1,-8,-13,2,16,7,24,9,0,2,1
2025-04-22 16:23:26.59,open,1,1,-6,1,0,7,-7,-2,-30,-17,-5,-4,5,-13,-7,-14,0,6,10,9,-5,-11,-7,-12,-1,1,10,22,1,-8,-9,-1,6,12,16,28,9,2,-5,-15,3,20,9,27,11,1,0,0
2025-04-22 16:23:26.61,open,-3,-4,-9,-3,-4,5,-8,-6,-37,-16,-5,-3,3,-10,-7,-9,-2,5,10,11,-8,-7,-7,-6,-2,2,10,25,1,-8,-9,-2,8,15,15,30,10,0,-10,-13,1,18,12,24,12,5,-2,0
2025-04-22 16:23:26.62,open,2,0,-1,-2,0,9,-8,3,-15,-12,-7,1,4,-9,-1,-9,1,6,15,11,5,-5,-6,-5,-2,2,11,25,4,-7,-5,1,6,17,17,29,10,2,-9,-13,0,21,10,24,9,4,-1,0
2025-04-22 16:23:26.63,open,-2,2,-5,1,2,10,-6,-2,-25,-12,-4,-1,6,-9,-6,-11,1,6,16,8,-2,-4,-7,-4,-1,2,11,25,3,-10,-4,-1,7,15,15,29,10,0,-8,-15,3,20,12,24,10,4,-1,1
2025-04-22 16:23:26.64,open,1,-4,-5,-1,-2,9,-9,-8,-33,-14,-4,-3,6,-9,-6,-12,0,4,12,8,-7,-8,-5,-8,-3,3,10,23,1,-9,-7,-2,7,12,15,26,8,1,-7,-16,3,17,10,24,8,3,-1,0
2025-04-22 16:23:26.65,open,-2,-1,-8,0,0,7,-7,0,-15,-15,-3,-3,1,-10,-5,-9,-1,7,12,8,4,-6,-5,-6,-3,-2,12,18,1,-6,-5,0,3,15,15,22,11,-1,-8,-14,0,20,9,22,11,2,-3,2
2025-04-22 16:23:26.66,open,1,1,-1,2,2,8,-8,-1,-26,-11,-7,1,4,-10,-7,-12,-2,3,11,10,-2,-8,-5,-9,-2,2,8,21,2,-10,-5,0,3,15,15,24,9,1,-7,-14,1,19,7,24,9,4,-2,0
2025-04-22 16:23:26.68,open,0,0,-5,0,1,7,-9,-9,-33,-16,-4,-4,4,-15,-7,-11,-3,1,9,6,-12,-6,-10,-9,-3,1,11,18,-2,-7,-11,1,2,13,16,26,10,3,-8,-11,0,19,11,24,9,5,-1,0
2025-04-22 16:23:26.69,open,1,-6,-6,-5,-4,6,-13,1,-22,-13,-8,-1,3,-12,-6,-10,-5,6,11,8,1,-5,-8,-9,-2,1,12,21,2,-9,-5,-3,7,11,17,28,9,3,-9,-12,1,18,11,25,10,4,2,0
2025-04-22 16:23:26.70,open,2,2,0,-2,4,6,-6,-1,-21,-14,-4,-2,4,-11,-9,-12,-1,2,12,9,-1,-8,-5,-11,-3,2,8,21,2,-7,-4,-2,6,11,16,28,11,0,-5,-15,3,18,12,25,11,6,-2,2
2025-04-22 16:23:26.71,open,-1,-5,-6,-4,1,3,-7,-9,-34,-14,-5,-3,1,-9,-9,-9,-6,5,12,6,-10,-5,-7,-7,-4,-1,12,20,2,-7,-9,-2,7,13,16,30,11,2,-4,-14,2,19,11,27,11,3,1,0
2025-04-22 16:23:26.72,open,1,-4,-3,-1,1,8,-10,-2,-19,-14,-3,-3,7,-11,-2,-11,-1,2,13,9,-1,-5,-5,-8,-5,0,11,19,3,-9,-4,0,5,15,15,27,12,2,-7,-15,3,17,12,25,12,5,-3,1
2025-04-22 16:23:26.73,open,0,-1,-6,-1,-2,8,-8,0,-22,-13,-5,2,5,-5,-2,-8,-2,7,15,9,5,-3,-4,-8,0,2,8,23,3,-6,-1,-2,9,13,17,29,11,-2,-7,-14,2,19,10,24,13,3,-3,2
2025-04-22 16:23:26.74,open,1,1,1,1,6,11,-6,-6,-29,-12,-5,1,5,-9,-1,-11,-2,5,11,4,-4,-5,-5,-4,-3,0,12,18,3,-6,-8,0,5,13,17,26,10,1,-8,-12,0,18,10,23,12,3,-1,1
2025-04-22 16:23:26.75,open,-5,-19,-15,-14,-6,0,-9,-10,-30,-16,-7,-5,4,-10,-3,-11,-3,1,8,5,-7,-7,-4,-6,-4,1,8,19,-1,-7,-4,-3,6,10,13,26,8,2,-5,-14,0,17,8,25,10,1,0,1
2025-04-22 16:23:26.77,open,3,5,4,4,6,12,-5,6,-14,-10,-4,-2,7,-8,-3,-10,-4,3,9,10,4,-3,-5,-5,-4,1,10,15,2,-6,-2,-3,6,9,17,25,10,2,-7,-9,2,16,11,26,11,1,2,0
2025-04-22 16:23:26.78,open,1,2,-1,0,4,7,-4,-1,-33,-11,-8,1,3,-7,-5,-11,-8,-2,8,4,-7,-3,-7,-6,-7,0,8,17,0,-5,-7,0,2,11,16,26,10,4,-4,-9,0,13,12,25,9,5,4,0
2025-04-22 16:23:26.79,s,-3,0,-7,1,-1,10,-8,-7,-30,-14,-8,-1,3,-9,-2,-8,-7,-3,7,6,-7,-6,-5,-10,-7,1,6,22,3,-5,-8,0,2,13,16,31,11,4,-2,-10,2,19,10,30,13,9,3,0
2025-04-22 16:23:26.80,s,0,3,-1,4,4,13,-1,7,-17,-10,-4,4,6,-2,1,-8,-7,0,9,12,9,-3,-1,-5,-5,1,11,22,1,0,-1,0,3,17,20,33,16,6,-3,-9,1,21,15,28,16,9,0,2
2025-04-22 16:23:26.81,s,0,2,-4,2,1,14,-1,-1,-27,-13,-2,1,8,-3,3,-8,-7,-2,11,12,-1,2,-2,-2,-6,-1,14,26,5,0,-2,-1,7,20,25,36,14,11,0,-5,3,27,19,33,18,11,4,3
2025-04-22 16:23:26.83,s,0,-3,-3,0,5,11,4,-6,-34,-12,-2,4,7,2,2,-6,-10,0,12,14,1,3,2,-1,-5,1,16,32,7,2,-1,1,9,25,31,39,17,13,1,-2,6,29,26,38,15,15,6,1
2025-04-22 16:23:26.84,s,-1,1,-4,3,2,16,5,8,-16,-7,-1,4,11,2,8,-4,-10,0,16,17,11,5,3,5,-8,3,19,32,10,4,6,0,14,27,36,42,23,13,5,-3,9,35,31,40,18,18,8,2
2025-04-22 16:23:26.85,s,1,5,1,6,10,18,9,1,-23,-8,0,7,14,4,11,-2,-11,-5,13,19,6,8,9,6,-6,2,16,39,8,9,8,-2,16,29,39,46,22,16,6,1,7,43,36,41,22,25,8,0
2025-04-22 16:23:26.86,s,-2,-3,-8,3,4,16,10,-2,-39,-10,-3,10,10,3,10,0,-15,-7,15,18,1,4,10,6,-8,2,19,37,11,7,8,0,13,32,44,50,24,20,12,2,12,44,41,46,20,25,13,0
2025-04-22 16:23:26.87,s,1,-3,1,4,8,17,15,7,-17,-12,2,10,14,7,13,-1,-12,-2,18,22,10,12,8,10,-12,2,23,42,10,9,13,-2,15,28,50,49,24,21,13,8,12,46,46,47,23,25,14,1
2025-04-22 16:23:26.88,s,2,3,4,7,13,19,21,3,-21,-10,4,12,15,10,14,0,-10,2,20,25,7,12,13,12,-10,2,28,42,7,14,12,-3,14,30,50,50,28,22,12,10,9,48,49,48,22,29,14,1
2025-04-22 16:23:26.89,s,-2,4,0,5,12,21,21,1,-35,-6,0,13,15,11,19,0,-7,10,25,23,5,12,15,22,-9,2,35,46,9,16,12,0,14,31,57,55,27,27,16,10,12,48,48,54,26,29,14,1
2025-04-22 16:23:26.90,s,-3,2,-1,11,12,24,31,8,-14,-6,5,22,15,20,26,4,1,18,31,34,18,17,19,29,-6,5,44,48,12,17,16,1,16,39,62,58,29,24,19,10,13,50,57,54,22,34,15,1
2025-04-22 16:23:26.91,s,1,6,4,17,17,32,42,15,-19,-5,6,33,20,28,35,4,7,24,38,41,21,25,26,32,3,5,53,58,13,25,20,0,25,49,69,58,33,31,17,15,13,60,62,55,28,37,16,1
2025-04-22 16:23:26.92,s,-2,0,3,16,17,31,43,9,-35,-6,11,35,25,32,37,7,7,29,48,48,17,28,31,42,6,5,63,69,18,31,20,-1,27,60,79,63,35,34,16,14,16,69,70,59,27,36,18,0
2025-04-22 16:23:26.93,s,-2,-2,1,18,15,31,50,16,-18,-3,14,50,25,41,49,12,7,32,57,58,29,36,35,48,5,6,71,75,17,31,27,0,33,73,86,66,37,29,19,15,18,84,76,58,28,35,13,2
2025-04-22 16:23:26.94,s,1,7,14,33,25,38,57,19,-21,0,27,75,32,47,53,14,9,38,72,71,38,36,42,55,4,8,86,83,21,34,32,2,37,81,100,66,32,28,19,18,23,89,83,62,24,27,15,0
2025-04-22 16:23:26.96,s,2,6,15,28,29,33,60,18,-33,-1,24,82,33,46,51,16,5,38,77,72,29,37,41,57,6,9,91,88,21,34,29,1,39,86,101,70,33,27,20,20,26,99,83,62,23,29,13,2
2025-04-22 16:23:26.97,s,-2,-7,0,23,20,31,51,11,-23,-4,22,83,31,48,52,17,5,31,75,73,28,46,40,58,2,10,90,90,25,34,29,3,37,86,100,71,35,30,22,16,27,100,83,62,22,31,14,0
2025-04-22 16:23:26.98,s,5,17,29,39,41,42,69,29,-6,4,33,90,44,54,61,17,12,39,88,84,50,48,46,59,7,10,96,97,33,41,35,3,39,92,108,72,37,35,20,20,26,106,92,66,26,33,14,2
2025-04-22 16:23:26.99,s,1,12,20,36,37,43,68,20,-35,2,33,99,42,63,60,21,7,40,92,86,39,49,46,64,4,11,104,105,37,44,35,3,41,95,114,74,44,36,22,22,25,111,98,67,27,36,15,0
2025-04-22 16:23:27.00,s,2,8,21,31,39,47,82,21,-25,1,37,102,45,68,71,23,8,45,108,88,43,57,52,71,7,8,113,107,39,51,35,3,43,100,119,78,41,42,25,19,31,114,100,70,26,36,15,0
2025-04-22 16:23:27.01,s,3,24,33,49,48,78,102,37,7,6,47,109,56,87,87,22,14,57,109,95,68,66,62,74,11,11,119,112,45,59,44,3,48,106,126,81,42,37,23,16,34,119,103,75,26,32,13,2
2025-04-22 16:23:27.02,s,2,19,27,43,50,81,105,26,-29,8,38,105,56,99,97,22,12,54,106,95,57,68,66,76,11,12,115,114,44,57,41,2,53,106,124,82,42,39,22,13,35,121,101,73,27,30,4,2
2025-04-22 16:23:27.04,s,0,12,15,35,45,90,104,21,-34,2,35,92,57,107,106,22,12,46,104,86,57,76,67,78,10,10,115,107,42,63,38,4,51,105,122,76,40,38,17,13,33,122,100,71,23,26,5,0
2025-04-22 16:23:27.05,s,2,17,24,34,55,96,114,30,11,3,33,87,60,112,107,22,14,46,97,84,57,77,68,75,8,11,109,105,42,63,46,2,55,103,121,76,37,33,17,7,35,122,98,68,20,24,4,3
2025-04-22 16:23:27.06,s,3,16,19,35,53,96,111,27,-25,4,24,82,59,108,102,17,10,45,89,79,56,72,67,70,10,10,107,101,37,63,40,1,57,105,119,75,33,36,15,7,37,120,102,65,17,24,2,0
2025-04-22 16:23:27.07,s,0,2,3,25,45,88,104,18,-35,-2,23,78,55,105,100,19,10,45,91,83,56,72,67,71,9,10,110,109,39,67,37,0,57,109,124,78,38,37,14,11,36,123,106,68,22,24,3,0
2025-04-22 16:23:27.08,s,1,10,15,31,52,91,103,27,9,3,25,86,57,107,94,18,14,55,99,88,64,73,65,70,13,10,113,114,44,69,44,0,59,111,126,84,40,44,16,11,39,122,107,75,19,30,4,2
2025-04-22 16:23:27.09,s,2,17,15,43,53,96,106,26,-13,4,28,95,61,108,102,21,16,57,99,99,69,80,67,71,11,13,115,123,53,75,41,1,62,113,132,86,45,51,16,12,39,125,108,80,26,35,6,3
2025-04-22 16:23:27.10,s,2,12,13,39,51,95,105,24,-35,7,22,97,59,110,102,20,19,56,101,97,68,84,65,74,13,11,114,119,52,76,37,3,62,113,129,83,45,50,16,6,41,120,108,76,25,34,5,0
2025-04-22 16:23:27.12,s,1,7,12,39,53,97,107,31,7,3,23,95,61,112,105,15,21,59,97,97,69,85,68,70,14,10,111,116,51,74,43,4,61,115,127,81,42,51,14,9,39,124,106,71,23,32,2,1
2025-04-22 16:23:27.13,s,3,14,15,50,61,97,114,32,-12,3,23,100,62,115,107,17,19,57,97,100,71,84,66,71,12,10,110,117,52,71,41,4,62,113,126,83,46,49,13,6,42,125,106,72,23,30,2,1
2025-04-22 16:23:27.14,s,2,10,7,47,56,97,108,25,-38,2,19,102,57,115,105,17,12,55,96,97,69,84,65,71,11,9,109,119,50,70,36,3,62,113,125,83,43,44,14,2,44,122,106,71,20,27,0,0
2025-04-22 16:23:27.15,s,0,8,9,42,57,94,110,31,-2,-2,22,102,61,114,105,14,17,56,94,103,73,84,66,67,12,10,109,121,49,71,41,3,63,110,124,84,41,50,12,5,43,122,106,72,20,28,3,2
2025-04-22 16:23:27.16,s,2,6,10,49,58,97,107,29,-9,1,23,108,61,117,100,14,18,56,97,105,75,89,65,71,11,11,110,121,55,74,45,4,62,113,126,86,46,54,14,7,45,124,106,72,23,35,2,0
2025-04-22 16:23:27.17,s,1,11,13,51,59,96,104,24,-33,-2,22,107,60,114,98,15,13,53,95,104,74,85,65,67,12,9,110,125,55,76,41,2,63,113,126,85,48,56,18,3,47,122,106,73,27,35,6,0
2025-04-22 16:23:27.18,s,-2,-10,-3,34,46,87,96,19,-16,-3,16,106,56,111,97,15,13,52,93,100,72,86,60,67,10,10,107,124,55,75,40,2,64,107,126,82,44,57,16,1,47,122,103,72,24,35,4,0
2025-04-22 16:23:27.19,s,4,20,23,56,66,101,111,35,6,3,23,109,60,115,97,12,17,57,92,105,72,86,64,68,12,8,108,122,57,75,41,4,62,111,126,81,44,55,15,7,46,124,106,70,23,37,5,1
2025-04-22 16:23:27.21,s,2,10,12,48,60,93,107,29,-32,4,20,108,61,111,95,14,12,58,95,104,76,86,62,67,11,9,110,122,57,76,37,4,64,111,126,83,49,54,15,3,48,120,107,72,24,36,4,0
2025-04-22 16:23:27.22,s,0,6,5,44,54,92,100,24,-26,2,15,104,56,110,95,12,14,53,90,102,70,83,58,63,9,11,107,121,53,72,39,1,65,109,121,82,43,52,16,3,46,123,101,71,20,35,3,0
2025-04-22 16:23:27.23,s,3,13,21,52,63,98,108,36,8,6,23,105,63,110,98,10,18,56,96,103,72,84,61,63,11,12,109,120,53,75,40,4,62,111,123,83,44,50,16,3,44,124,102,69,20,33,1,3
2025-04-22 16:23:27.24,s,2,11,13,50,60,91,105,26,-29,3,21,107,60,108,97,11,13,57,96,101,71,86,58,63,9,11,106,125,55,73,38,2,65,108,126,81,45,53,16,4,44,123,105,67,22,37,4,0
2025-04-22 16:23:27.25,s,1,1,7,38,56,87,102,21,-34,0,17,106,59,109,97,13,16,54,96,102,71,88,58,64,10,9,107,125,55,74,37,3,65,108,126,81,46,52,18,3,47,123,102,68,24,35,4,0
2025-04-22 16:23:27.27,s,2,9,15,44,62,93,107,29,12,3,20,108,63,110,98,13,18,55,97,103,72,88,60,61,13,9,104,124,53,75,39,5,61,109,121,81,45,54,17,2,48,120,102,69,22,36,5,1
2025-04-22 16:23:27.28,s,2,15,19,53,68,99,110,29,-21,3,20,114,62,111,100,14,14,55,95,103,77,87,62,63,13,10,108,122,54,78,38,4,62,109,121,78,47,54,14,4,44,123,101,66,23,38,4,2
2025-04-22 16:23:27.29,s,-2,4,4,46,55,95,105,24,-37,2,17,111,57,114,97,10,13,53,90,103,75,84,61,63,12,10,102,122,55,74,38,2,65,105,118,79,43,54,15,6,44,119,100,64,20,35,2,1
2025-04-22 16:23:27.30,s,-2,10,10,51,59,97,105,29,7,0,23,115,62,115,97,12,15,51,93,104,76,89,63,66,9,10,103,121,56,73,41,2,63,103,119,77,43,55,15,6,43,122,98,64,22,37,1,1
2025-04-22 16:23:27.31,s,1,16,15,57,61,100,106,28,-19,3,23,114,64,111,100,11,16,51,91,106,76,87,63,62,12,10,106,122,58,76,38,4,60,108,117,78,47,52,16,3,43,122,100,64,24,35,5,3
2025-04-22 16:23:27.32,s,0,12,11,49,62,90,104,23,-35,-3,21,111,61,105,96,9,14,49,91,104,72,84,59,64,11,9,103,123,54,70,38,2,61,103,118,79,44,54,15,7,42,121,98,64,23,35,4,1
2025-04-22 16:23:27.33,s,1,5,15,48,60,91,103,27,1,1,24,113,62,106,95,12,15,50,94,104,75,83,57,63,9,11,102,125,55,74,39,1,63,106,117,82,46,53,18,4,44,121,98,67,22,39,4,2
2025-04-22 16:23:27.34,s,2,14,15,56,60,95,104,29,-13,1,23,114,63,107,91,10,16,51,93,106,74,83,59,62,11,10,102,125,57,71,39,2,61,105,116,82,49,57,15,7,44,121,98,70,26,41,6,2
2025-04-22 16:23:27.35,s,1,5,11,47,58,92,100,21,-40,0,19,115,59,104,94,14,13,49,92,106,73,84,60,63,9,11,102,125,57,73,34,4,58,107,118,79,48,56,17,6,42,123,98,66,23,41,5,0
2025-04-22 16:23:27.36,s,1,4,12,52,56,94,104,26,-6,3,21,119,62,108,98,14,14,53,93,106,76,88,59,64,10,10,104,123,57,74,40,1,61,103,117,81,48,59,17,7,43,117,98,64,25,40,5,0
2025-04-22 16:23:27.38,s,1,5,16,55,63,95,108,30,-11,1,27,125,66,115,98,14,15,57,95,112,84,91,62,66,11,9,107,126,62,77,41,3,59,107,116,84,50,60,21,6,45,119,98,69,27,40,10,0
2025-04-22 16:23:27.39,s,1,14,16,55,65,96,108,24,-34,0,24,125,61,114,96,12,13,54,93,108,80,87,61,61,12,10,103,127,59,76,39,3,60,105,114,81,49,57,17,8,44,120,94,64,26,40,7,1
2025-04-22 16:23:27.40,s,-4,-7,1,43,53,87,95,18,-15,-3,20,123,60,111,94,10,12,54,89,110,77,86,59,63,9,8,103,123,55,74,37,3,58,103,113,79,48,53,19,7,41,120,91,62,25,36,7,0
2025-04-22 16:23:27.41,s,4,21,28,65,71,97,113,37,6,4,28,129,64,114,97,14,17,56,93,108,80,85,63,61,13,9,103,126,58,75,45,2,61,100,116,81,47,59,20,11,41,121,94,64,23,41,7,2
2025-04-22 16:23:27.42,s,2,12,15,59,60,94,103,24,-33,4,24,122,63,106,96,12,14,55,89,111,76,85,60,61,12,10,101,125,58,75,40,4,58,102,110,78,50,57,19,10,40,120,92,63,24,41,8,2
2025-04-22 16:23:27.44,s,-2,8,10,55,54,88,99,22,-23,1,23,117,62,104,94,14,16,53,89,105,72,84,58,64,9,10,99,119,58,72,37,3,61,102,110,78,48,56,19,10,39,122,91,60,24,40,7,0
2025-04-22 16:23:27.45,s,1,21,23,64,62,97,105,34,10,6,27,125,64,106,94,12,23,57,90,104,76,83,59,66,12,8,100,118,57,73,43,4,58,102,110,77,46,56,19,11,40,119,89,62,23,40,9,3
2025-04-22 16:23:27.46,s,2,14,19,56,60,87,103,25,-22,2,25,115,60,103,89,14,20,58,88,103,70,82,57,63,12,10,96,118,52,72,37,3,57,104,109,76,45,53,20,12,40,120,89,62,22,36,8,2
2025-04-22 16:23:27.47,s,0,9,10,47,52,85,96,20,-27,4,22,115,54,102,92,16,23,57,88,100,63,78,62,67,13,9,100,114,46,71,39,3,58,104,108,74,43,51,20,14,41,119,91,57,21,37,7,1
2025-04-22 16:23:27.48,s,1,13,19,50,53,85,102,29,16,9,29,118,53,104,95,18,25,60,92,99,59,76,67,69,17,10,99,109,42,68,44,4,59,104,108,70,37,46,21,15,44,119,90,56,19,33,7,0
2025-04-22 16:23:27.49,s,2,20,27,57,56,87,106,26,-13,10,30,121,53,103,100,23,23,65,92,94,49,76,68,75,14,10,99,104,36,65,42,4,62,104,108,70,30,42,21,16,46,119,89,57,14,29,8,2
2025-04-22 16:23:27.51,s,-3,4,15,46,47,81,99,17,-25,10,31,119,48,105,102,20,23,65,93,95,40,74,76,78,16,9,102,106,31,65,42,4,60,105,110,71,28,40,24,22,45,115,93,57,15,27,5,0
2025-04-22 16:23:27.52,s,2,14,25,58,49,88,108,29,14,16,36,126,52,110,111,25,25,72,99,98,60,80,82,84,18,9,106,106,30,64,51,4,61,101,112,70,26,41,24,24,44,116,92,57,13,22,9,3
2025-04-22 16:23:27.53,s,3,21,32,62,54,89,114,30,-5,11,41,124,53,106,116,24,26,69,105,98,48,82,82,86,15,9,108,103,31,64,48,2,61,101,112,71,24,39,22,24,41,117,91,57,14,23,9,2
2025-04-22 16:23:27.54,s,2,14,26,54,48,82,111,26,-26,12,39,118,48,100,118,25,22,66,104,94,37,76,84,90,13,8,109,101,28,58,49,1,58,99,112,69,21,33,22,27,36,115,91,53,14,19,5,0
2025-04-22 16:23:27.55,s,0,12,27,51,45,77,111,29,10,9,40,112,49,99,118,24,22,63,99,92,53,69,85,85,14,10,100,96,22,49,51,2,50,92,103,66,17,24,21,22,34,107,82,50,10,10,4,2
2025-04-22 16:23:27.56,s,1,16,30,52,42,72,108,27,-9,6,37,101,45,90,111,22,15,52,91,78,43,57,75,82,8,8,93,80,15,38,39,0,45,79,88,57,13,13,19,18,27,93,74,46,7,5,3,2
2025-04-22 16:23:27.57,s,1,4,18,34,30,55,95,21,-39,1,30,82,35,74,96,20,7,38,76,60,23,34,58,69,8,8,78,63,12,23,28,2,35,62,74,43,8,4,14,14,20,78,59,32,4,2,3,0
2025-04-22 16:23:27.59,s,0,4,8,20,15,35,64,16,-13,-1,12,49,26,35,62,6,6,26,45,34,19,14,33,46,-1,4,46,33,1,12,15,1,25,37,46,24,1,3,7,9,12,53,40,22,0,3,0,0
2025-04-22 16:23:27.60,s,1,-2,4,8,10,25,43,13,-17,-4,1,25,18,26,31,1,0,13,29,22,16,14,22,34,1,3,29,25,1,9,9,2,21,37,44,31,9,1,2,-1,15,58,42,32,7,3,-1,0
2025-04-22 16:23:27.61,s,1,7,2,7,9,19,34,8,-34,-6,-1,9,13,11,23,-1,-3,0,20,17,4,9,14,32,-4,1,27,36,4,6,3,0,21,40,57,44,16,3,1,-2,16,64,54,46,12,10,-2,1
2025-04-22 16:23:27.62,s,-5,-6,-11,-7,2,9,18,0,-30,-7,-8,2,7,4,12,-1,-7,-6,12,12,6,2,11,20,-3,2,23,40,4,4,-1,1,16,36,56,47,18,3,-3,-1,11,48,47,46,17,8,-1,-1
2025-04-22 16:23:27.63,s,1,10,4,6,9,15,15,5,-8,-5,-2,-1,12,-1,10,-6,-1,-3,8,16,16,-2,7,11,0,2,18,38,5,1,0,2,11,28,46,43,18,2,-5,-4,4,33,35,40,17,3,-3,2
2025-04-22 16:23:27.64,s,0,3,-5,0,2,9,4,-10,-27,-11,-9,-2,5,-4,-2,-5,-2,2,6,6,1,-7,-4,2,-1,2,11,30,2,-4,-7,-2,10,17,28,38,11,-4,-7,-13,4,20,20,33,10,4,-1,0
2025-04-22 16:23:27.65,s,-2,-2,-7,-2,1,6,-2,-10,-33,-13,-9,-8,7,-9,-7,-10,-2,5,6,4,-3,-10,-8,-4,-3,3,11,25,4,-8,-12,0,7,12,17,31,9,-4,-7,-14,1,13,10,26,11,-2,-1,0
2025-04-22 16:23:27.67,s,1,4,-1,2,4,6,-1,2,-10,-12,-6,-1,5,-7,-7,-12,2,9,8,15,11,-10,-5,-6,0,1,12,26,3,-9,-6,-1,8,9,18,29,9,-3,-9,-9,1,11,10,25,8,1,-2,0
2025-04-22 16:23:27.68,s,1,1,-5,-5,0,5,-9,-8,-31,-11,-7,-1,5,-14,-7,-8,0,10,13,14,1,-9,-8,-6,-2,3,13,35,6,-9,-7,-2,9,19,19,37,14,-2,-8,-10,1,20,12,30,12,4,-3,0
2025-04-22 16:23:27.69,s,-1,-3,-8,-7,0,0,-8,-12,-34,-13,-5,-4,5,-15,-10,-10,4,10,14,16,-4,-7,-8,-6,-2,3,16,35,6,-11,-8,-1,10,18,21,37,16,-4,-7,-13,2,23,14,28,12,3,-4,0
2025-04-22 16:23:27.70,s,-1,-3,-6,-6,1,-1,-9,2,-16,-10,-4,-5,4,-15,-7,-10,5,13,16,17,4,-7,-7,-6,2,1,18,33,3,-12,-8,0,11,20,20,36,10,-1,-10,-17,8,23,13,31,10,2,-2,0
2025-04-22 16:23:27.71,s,1,5,1,0,5,2,-8,-5,-23,-12,-3,1,1,-13,-12,-13,4,13,13,14,-3,-10,-10,-8,0,0,16,29,4,-12,-10,0,9,21,20,33,8,-3,-12,-20,5,23,11,30,9,1,-3,2
2025-04-22 16:23:27.72,s,1,-9,-8,-8,0,0,-14,-12,-34,-10,-7,-1,-1,-15,-14,-10,2,11,16,12,-7,-11,-8,-9,1,0,19,30,4,-11,-10,-2,13,18,20,36,11,-6,-10,-17,5,23,13,30,9,1,-5,-1
2025-04-22 16:23:27.73,s,1,-6,-5,-8,-2,-2,-10,-2,-19,-8,-5,1,2,-13,-7,-9,6,13,18,17,3,-8,-6,-10,0,4,16,34,3,-14,-5,-2,11,20,22,36,11,-3,-10,-19,4,25,14,31,11,-2,-5,1
2025-04-22 16:23:27.74,s,2,0,0,-1,0,6,-10,-3,-24,-7,-1,1,5,-16,-6,-12,6,14,16,18,1,-10,-8,-9,-2,3,19,32,6,-12,-5,0,11,21,22,34,11,-4,-11,-17,3,25,15,28,12,0,-4,1
2025-04-22 16:23:27.75,s,1,1,0,-1,4,3,-6,-9,-31,-10,0,-2,5,-12,-10,-10,2,16,18,15,-3,-7,-8,-6,1,0,22,32,7,-9,-10,-1,14,20,25,36,12,-3,-9,-14,7,24,15,32,10,2,-4,0
2025-04-22 16:23:27.77,s,-2,-2,-7,-2,-1,6,-8,1,-22,-7,-2,0,4,-10,-7,-11,5,17,20,14,6,-6,-8,-7,0,4,20,34,3,-8,-4,-3,14,20,22,36,10,-3,-9,-18,6,26,13,30,11,-2,-5,2
2025-04-22 16:23:27.78,s,1,6,1,0,2,9,-5,0,-24,-5,-1,3,5,-13,-4,-8,6,14,20,16,4,-6,-7,-9,1,2,18,32,3,-10,-5,-2,14,21,21,35,10,-4,-11,-16,8,25,14,28,11,-3,-2,1
2025-04-22 16:23:27.79,s,0,-2,-5,-4,1,3,-7,-11,-32,-11,-2,-2,5,-13,-7,-13,5,11,17,11,-8,-6,-10,-8,0,0,20,26,3,-12,-11,1,11,19,20,28,6,-6,-15,-18,4,21,14,25,6,-4,-5,0
2025-04-22 16:23:27.80,s,1,-8,-5,-6,1,2,-11,-1,-23,-8,-3,-4,6,-14,-6,-12,4,9,17,10,-2,-8,-11,-9,-2,1,18,27,-1,-10,-8,-1,10,20,22,28,7,-5,-15,-20,4,25,13,26,10,-5,-6,-1
2025-04-22 16:23:27.82,s,0,-4,-3,-5,5,5,-8,2,-21,-8,-1,-2,8,-12,-4,-9,5,11,19,12,3,-6,-7,-12,2,2,16,26,1,-12,-3,-2,14,20,21,32,8,-5,-12,-22,5,24,12,28,8,-6,-5,2
2025-04-22 16:23:27.83,s,1,0,-1,-2,4,3,-9,-8,-30,-12,-3,-2,4,-15,-7,-12,2,11,14,10,-5,-8,-10,-12,2,3,19,27,3,-10,-8,0,11,23,24,31,9,-3,-14,-20,5,25,19,29,9,-2,-5,2
2025-04-22 16:23:27.84,s,-4,-10,-14,-7,-3,-2,-12,-7,-31,-14,-3,-5,4,-13,-11,-12,1,9,19,10,-5,-7,-8,-8,1,3,20,31,2,-9,-11,1,13,24,28,35,10,-3,-15,-18,3,30,19,29,10,-2,-6,0
2025-04-22 16:23:27.85,s,1,8,4,0,7,6,-4,5,-13,-8,-1,1,7,-12,-3,-12,6,11,19,13,5,-4,-7,-11,2,2,21,29,2,-8,-4,-2,15,24,25,33,11,-6,-13,-22,5,28,16,28,12,-5,-4,2
2025-04-22 16:23:27.86,s,0,4,-3,-2,4,6,-5,-2,-31,-7,-2,-4,5,-10,-5,-12,1,14,16,10,-3,-7,-6,-9,1,3,18,30,3,-10,-7,-2,16,21,26,30,9,-5,-15,-20,4,29,17,27,12,-5,-5,0
2025-04-22 16:23:27.87,s,1,-4,-5,-5,2,3,-10,-10,-30,-12,-2,-2,3,-9,-9,-11,1,10,16,8,-9,-5,-10,-9,-2,3,20,26,2,-8,-12,1,13,24,24,30,11,-5,-18,-22,4,29,16,26,7,-4,-8,0
2025-04-22 16:23:27.88,s,1,4,4,1,7,8,-6,5,-10,-8,-1,2,5,-6,-2,-11,2,14,17,12,8,-7,-4,-9,2,1,17,28,1,-7,-4,-3,14,21,22,29,9,-6,-17,-23,6,28,15,27,9,-7,-6,1
2025-04-22 16:23:27.90,s,0,2,-4,2,1,7,-4,-3,-25,-11,1,-3,7,-9,-8,-14,2,10,15,11,-3,-6,-5,-10,1,2,18,27,4,-9,-9,1,11,19,25,31,7,-5,-12,-23,7,26,15,28,8,-7,-4,2
2025-04-22 16:23:27.91,s,1,-6,-6,-7,-1,0,-8,-10,-34,-13,-1,-4,6,-12,-6,-10,2,9,13,10,-8,-4,-10,-9,-2,0,19,26,3,-7,-12,0,13,22,24,31,10,-4,-13,-22,5,26,15,28,8,0,-5,0
2025-04-22 16:23:27.92,open,-13,-6,-4,-4,-2,6,-10,5,-17,-8,-3,1,4,-8,-6,-12,1,14,16,15,6,-6,-7,-10,1,2,19,29,5,-9,-4,-2,14,21,25,32,10,-3,-13,-20,4,28,18,28,10,-2,-5,0
2025-04-22 16:23:27.93,open,1,5,2,1,7,6,-5,-4,-23,-10,-1,2,3,-9,-6,-10,2,10,17,14,-2,-5,-7,-12,3,2,20,32,2,-7,-8,-3,14,23,26,33,13,-3,-13,-17,5,28,20,31,10,-1,-5,2
2025-04-22 16:23:27.94,open,-3,-4,-8,-6,2,2,-8,-7,-35,-8,-1,-4,6,-12,-10,-13,2,11,16,11,-5,-7,-6,-9,3,2,21,31,4,-8,-7,-2,15,23,25,36,11,1,-11,-21,8,31,20,33,12,0,-3,0
2025-04-22 16:23:27.95,open,1,2,-2,0,5,9,-8,2,-15,-8,-3,2,3,-7,-2,-9,2,11,17,12,6,-7,-5,-8,3,3,18,31,1,-6,-7,1,13,26,29,35,9,0,-13,-21,9,28,23,30,12,-2,-5,0
2025-04-22 16:23:27.96,open,0,5,-3,4,2,11,-6,-2,-23,-7,-3,3,4,-6,-3,-8,4,9,18,11,1,-2,-8,-6,-2,3,18,32,4,-8,-8,0,16,22,29,34,11,-4,-10,-22,4,31,18,33,12,-3,-6,1
2025-04-22 16:23:27.98,open,0,3,-4,-2,5,6,-4,-7,-30,-12,0,-2,7,-10,-3,-11,1,10,13,10,-7,-5,-6,-6,3,2,16,29,2,-8,-9,1,11,24,23,33,8,-3,-13,-20,7,27,15,28,7,-2,-6,0
2025-04-22 16:23:27.99,open,0,-3,-4,-4,3,3,-5,-2,-18,-12,-1,-3,6,-9,-2,-12,4,9,17,12,1,-7,-5,-9,0,2,15,27,3,-9,-5,-3,14,19,25,30,8,-3,-14,-19,5,26,18,26,11,-6,-4,0
2025-04-22 16:23:28.00,open,1,6,3,1,7,8,-7,-1,-19,-10,-3,2,6,-8,-4,-8,0,12,17,11,0,-3,-5,-8,0,3,16,24,4,-9,-5,0,11,21,24,29,11,-5,-14,-20,4,29,17,26,11,-4,-6,2
2025-04-22 16:23:28.01,open,-1,2,-4,2,2,8,-6,-6,-35,-8,-4,2,1,-8,-9,-11,1,8,15,10,-8,-2,-6,-10,1,2,15,29,2,-7,-7,-1,14,20,22,34,10,-3,-10,-21,7,26,15,30,10,-3,-2,1
2025-04-22 16:23:28.02,open,-1,-6,-6,-4,0,6,-10,-2,-21,-11,-4,0,1,-8,-5,-8,0,11,16,9,1,-6,-8,-7,0,1,20,29,5,-7,-8,1,10,20,28,34,13,0,-12,-17,4,25,21,28,12,-1,-5,1
2025-04-22 16:23:28.03,open,-3,-2,-6,2,2,10,-8,2,-17,-6,-1,5,5,-6,-5,-12,5,13,16,16,6,-3,-7,-5,0,1,20,30,6,-9,-2,-2,14,20,29,34,12,2,-11,-15,5,28,19,33,12,1,-2,2
2025-04-22 16:23:28.04,open,2,2,0,0,6,6,-5,-4,-31,-12,0,-1,7,-12,-4,-7,2,9,17,11,-5,-2,-7,-5,0,2,19,31,5,-5,-7,0,13,21,26,37,13,0,-8,-13,7,27,22,32,12,0,-3,0
2025-04-22 16:23:28.05,open,-3,-8,-11,-9,-2,0,-10,-9,-30,-15,-1,-4,5,-12,-5,-11,0,8,16,10,-2,-6,-8,-10,-2,2,15,32,3,-7,-7,-1,14,19,26,33,11,-2,-11,-18,3,27,16,32,12,-3,-2,0
2025-04-22 16:23:28.07,open,2,8,3,2,8,7,-2,5,-13,-8,1,1,3,-6,-3,-12,2,9,13,15,6,-6,-4,-10,1,2,17,27,3,-8,-3,-2,13,17,25,35,9,1,-10,-17,5,24,18,28,12,-2,-6,1
2025-04-22 16:23:28.08,open,2,0,-1,-1,5,6,-4,-6,-27,-11,0,-2,7,-9,-2,-11,0,10,15,10,-1,-5,-7,-9,0,2,18,30,3,-6,-7,1,10,20,25,35,11,-2,-9,-20,7,24,19,31,10,1,-4,0
2025-04-22 16:23:28.09,open,-1,2,-6,2,0,6,-7,-6,-33,-10,-2,-2,5,-10,-7,-11,0,8,13,12,-5,-3,-4,-10,1,3,17,33,4,-7,-4,-2,13,21,24,37,12,-2,-9,-18,5,27,18,32,14,1,-3,0
2025-04-22 16:23:28.10,open,2,6,5,3,8,9,-1,9,-11,-8,2,2,9,-6,-3,-10,4,12,19,17,12,0,-4,-5,1,3,18,34,5,-6,0,-2,14,22,25,37,13,0,-8,-14,5,28,19,31,14,0,-1,3
2025-04-22 16:23:28.11,open,0,0,-1,-1,6,6,-4,-2,-25,-12,1,1,4,-6,-5,-9,2,9,19,16,-1,-4,-6,-6,-1,2,22,30,7,-6,-3,-1,15,21,29,37,13,3,-8,-13,8,28,19,34,14,2,-1,1
2025-04-22 16:23:28.12,open,1,-4,-3,0,-1,8,-7,-8,-33,-11,0,1,3,-8,-4,-8,1,11,17,14,-3,-6,-4,-9,2,3,21,32,8,-8,-4,-2,15,21,29,39,13,3,-8,-14,5,27,23,32,14,2,-3,2
2025-04-22 16:23:28.13,open,1,1,-4,4,1,10,-6,4,-13,-10,-1,3,4,-4,-2,-9,1,13,18,14,8,-2,-5,-10,2,3,20,33,6,-7,-4,1,10,25,29,36,14,0,-11,-15,5,28,18,34,12,0,-2,0
2025-04-22 16:23:28.14,open,2,5,4,3,7,9,0,1,-22,-11,1,0,8,-7,-3,-9,2,9,17,14,0,-4,-3,-6,2,3,19,31,4,-8,-1,0,14,24,25,37,12,1,-9,-13,5,28,20,30,14,2,-3,-1
2025-04-22 16:23:28.16,open,-2,-3,-4,0,0,8,-8,-8,-33,-9,-4,2,4,-6,-6,-11,0,10,15,8,-4,-3,-7,-7,-1,1,21,27,6,-7,-5,-1,9,22,26,33,10,1,-11,-16,2,28,15,32,12,-1,-4,0
2025-04-22 16:23:28.17,open,0,-5,-4,-4,-3,7,-8,1,-21,-8,-4,3,4,-6,-3,-12,1,8,16,14,6,-4,-7,-6,-3,3,16,29,5,-7,-4,2,10,18,24,34,12,-2,-11,-15,3,26,17,30,14,-2,-1,0
2025-04-22 16:23:28.18,open,1,0,1,2,1,10,-6,-2,-21,-10,-2,4,6,-7,-3,-8,0,11,16,11,1,-3,-6,-6,0,2,19,29,3,-6,-2,-3,13,19,23,35,12,-2,-7,-16,7,25,15,33,12,-1,-2,2
2025-04-22 16:23:28.19,open,-2,4,-4,3,1,9,-6,-5,-36,-7,-3,2,4,-7,-8,-12,1,6,11,11,-8,-3,-5,-9,0,0,20,27,4,-5,-9,1,8,22,24,34,12,0,-9,-15,5,25,18,32,11,3,-1,0
2025-04-22 16:23:28.20,open,1,-4,-2,-2,4,6,-6,2,-20,-8,-1,0,6,-9,-2,-7,0,7,16,11,2,-2,-7,-7,-2,2,18,27,5,-4,-4,1,10,19,26,34,12,3,-8,-13,5,25,15,32,12,1,-1,0
2025-04-22 16:23:28.21,open,1,1,2,1,7,8,-2,3,-22,-6,-2,3,6,-4,-2,-9,-1,10,15,13,4,-4,-6,-8,-2,2,14,29,5,-6,-4,1,9,22,24,33,14,2,-10,-13,7,24,20,32,12,4,0,2
2025-04-22 16:23:28.22,open,0,-3,-3,-2,4,8,-8,-9,-31,-12,0,-1,8,-7,-6,-10,0,7,12,12,-5,0,-5,-9,1,1,15,32,3,-4,-5,-2,12,21,26,36,12,0,-7,-17,7,26,18,33,15,2,-3,0
2025-04-22 16:23:28.24,open,1,3,-4,3,2,11,-6,1,-23,-7,-4,2,5,-5,-1,-10,0,3,15,9,1,0,-7,-6,0,2,14,29,3,-6,-4,-3,11,20,22,35,12,0,-9,-15,3,23,18,28,9,3,-2,0
2025-04-22 16:23:28.25,open,0,1,-3,3,7,9,1,8,-19,-5,-1,2,11,-4,2,-8,4,9,12,14,6,-3,-3,-8,1,2,16,25,4,-4,-1,-2,11,17,25,32,11,1,-8,-14,7,23,19,29,10,2,-4,2
2025-04-22 16:23:28.26,open,1,2,-3,-2,5,8,-2,-8,-29,-11,0,-1,4,-4,-5,-11,0,6,11,8,-1,-4,-5,-7,-3,1,14,22,4,-6,-5,0,11,17,22,31,9,2,-9,-14,4,21,16,27,10,0,-5,2
2025-04-22 16:23:28.27,open,-3,-10,-10,-6,-5,6,-11,-10,-29,-14,-2,-3,6,-7,-6,-10,-3,6,9,9,-4,-2,-5,-9,0,2,11,25,4,-5,-8,0,9,17,22,30,9,2,-8,-17,4,21,13,27,9,2,-1,0
2025-04-22 16:23:28.28,open,2,4,5,3,7,10,-1,8,-13,-11,2,2,9,-4,-2,-9,-2,8,13,9,9,0,-7,-6,-3,1,16,23,5,-4,-2,0,10,18,22,33,11,4,-8,-14,4,22,18,27,13,4,-2,2
2025-04-22 16:23:28.29,s,1,0,-1,0,3,11,-8,-5,-31,-8,-3,2,6,-6,-2,-8,-2,2,13,8,-3,0,-7,-6,-2,2,15,25,5,-5,-6,-2,9,19,21,35,12,-1,-3,-15,4,25,15,32,10,4,-2,0
2025-04-22 16:23:28.30,s,0,1,-7,0,0,9,-9,-8,-31,-10,-4,2,7,-9,-2,-9,0,3,12,8,-5,-3,-5,-7,-2,2,14,29,6,-5,-8,0,10,20,25,34,14,2,-6,-16,6,25,19,33,13,6,-1,0
2025-04-22 16:23:28.32,s,3,5,5,3,9,11,1,9,-13,-7,-2,2,8,-2,1,-8,-1,8,15,12,8,0,-2,-8,0,0,17,25,5,-5,-1,0,11,19,25,35,16,1,-8,-15,5,25,17,33,14,2,0,1
2025-04-22 16:23:28.33,s,0,4,-1,5,4,13,-3,-1,-28,-7,-1,3,6,-1,-1,-10,-1,3,13,8,1,-2,-4,-8,0,2,18,27,3,-1,-4,-2,14,20,26,36,16,2,-4,-15,8,26,19,33,15,4,-1,2
2025-04-22 16:23:28.34,s,0,-2,-4,-2,5,9,-5,-8,-32,-12,-3,2,6,0,-1,-6,-3,5,12,9,-5,2,-4,-4,-3,1,18,25,7,-1,-3,0,11,19,23,36,14,1,-6,-15,7,25,19,34,11,6,-1,1
2025-04-22 16:23:28.35,s,-2,2,-5,1,2,12,-4,3,-13,-11,0,0,10,-2,4,-10,-2,5,10,14,5,2,-2,-6,-2,2,15,25,6,-1,-1,1,10,21,28,33,12,2,-5,-15,8,25,20,32,12,6,1,0
2025-04-22 16:23:28.36,s,1,8,1,8,8,17,2,3,-26,-5,-1,4,8,3,3,-6,-6,5,15,8,4,1,-2,-4,0,2,16,25,9,-2,0,-2,13,20,25,37,13,6,-3,-13,6,26,20,32,16,6,-1,2
2025-04-22 16:23:28.37,s,-2,1,-6,2,5,9,2,-8,-34,-14,-1,-1,9,0,-2,-9,-6,1,8,11,-2,0,-2,-4,-3,1,16,27,7,0,-3,1,10,24,29,37,16,5,-1,-8,5,26,21,36,14,9,2,2
2025-04-22 16:23:28.38,s,-1,0,-1,-1,7,13,4,6,-18,-11,0,3,12,2,6,-7,-4,-1,14,14,7,6,0,-1,-4,1,16,33,6,0,5,0,14,25,32,41,19,10,-2,-8,5,31,26,38,19,10,2,0
2025-04-22 16:23:28.39,s,0,3,2,5,7,17,6,0,-22,-9,-2,8,9,7,5,-6,-6,3,12,16,7,4,4,0,-2,2,21,33,11,7,2,1,14,28,40,43,19,16,0,-5,5,38,31,42,19,13,3,1
2025-04-22 16:23:28.40,s,2,1,1,2,7,19,8,-3,-36,-7,-2,9,11,9,5,-5,-10,-3,13,16,2,6,6,2,-4,3,23,38,10,8,5,1,16,31,45,50,22,17,6,1,11,40,42,45,19,19,7,0
2025-04-22 16:23:28.41,s,0,4,3,4,10,22,15,5,-16,-6,3,11,13,12,13,-1,-12,-1,15,22,14,12,7,7,-4,2,23,43,11,11,12,-2,21,36,54,52,26,18,8,-1,10,51,47,45,20,25,5,2
2025-04-22 16:23:28.42,s,-1,8,4,9,14,22,25,5,-22,-3,4,14,16,14,19,-3,-10,-5,18,26,12,12,12,10,-6,2,25,46,11,17,11,1,18,37,57,51,29,22,11,2,12,57,50,49,23,28,12,0
2025-04-22 16:23:28.43,s,0,5,-2,10,9,26,26,3,-37,-6,2,18,13,22,18,0,-16,-3,19,25,8,16,16,15,-11,3,26,46,12,15,13,-1,19,37,56,55,27,21,12,3,12,56,51,48,23,27,10,0
2025-04-22 16:23:28.44,s,-2,3,0,10,9,26,28,3,-18,-8,5,22,15,22,23,-2,-15,-2,19,27,8,18,16,19,-12,5,27,38,3,17,13,0,14,36,54,49,23,19,10,2,11,55,47,44,19,24,7,1
2025-04-22 16:23:28.45,s,1,5,11,17,20,31,43,15,-16,-5,12,29,22,27,31,3,-13,-1,28,30,18,22,19,31,-13,4,31,37,6,16,20,1,15,37,54,44,18,18,12,4,10,57,48,46,17,19,7,1
2025-04-22 16:23:28.47,s,2,4,9,18,18,31,46,11,-29,-5,15,37,20,32,34,6,-14,8,34,38,10,24,27,37,-11,5,42,46,10,22,17,2,17,41,62,49,21,21,14,10,12,63,55,44,18,22,10,2
2025-04-22 16:23:28.48,s,0,-1,10,20,15,32,46,10,-27,-1,17,50,22,43,43,9,-8,16,48,50,19,35,34,47,-3,4,59,62,14,31,24,0,23,51,71,57,25,28,19,19,17,72,61,54,20,29,14,0
2025-04-22 16:23:28.49,s,4,21,33,39,34,45,67,23,1,6,31,87,36,58,57,15,1,31,67,65,43,46,41,60,-2,6,72,70,19,40,36,2,25,61,79,57,26,35,22,23,18,82,66,50,19,34,17,2
2025-04-22 16:23:28.50,s,2,17,32,41,38,48,70,18,-26,8,36,99,39,67,65,21,2,34,76,73,32,52,51,65,2,9,78,80,23,46,36,0,31,66,82,62,28,36,28,26,23,84,66,54,20,36,21,1
2025-04-22 16:23:28.51,s,-1,12,25,42,33,48,79,19,-26,9,44,107,46,75,73,25,6,41,86,81,39,61,58,74,2,6,90,87,29,54,40,0,33,69,89,62,30,40,29,28,19,91,70,54,22,35,21,2
2025-04-22 16:23:28.52,s,4,30,49,58,54,88,102,32,13,18,48,124,55,96,98,24,18,55,106,91,65,73,69,76,9,10,98,99,37,62,48,1,37,82,100,67,35,42,31,28,24,92,79,55,20,38,22,3
2025-04-22 16:23:28.53,s,3,18,39,48,48,81,98,19,-21,17,51,116,52,95,94,26,14,55,106,88,43,70,67,72,10,11,102,102,36,61,44,1,42,86,101,70,33,45,32,30,21,99,81,55,22,35,20,1
2025-04-22 16:23:28.55,s,1,20,29,50,42,72,94,19,-27,12,46,112,53,91,85,20,14,54,102,87,38,67,61,71,6,9,106,98,32,57,38,1,41,90,103,71,29,39,25,24,23,99,85,53,16,32,14,1
2025-04-22 16:23:28.57,s,2,17,36,52,49,74,94,24,10,16,48,123,57,94,89,20,14,56,108,94,62,68,61,71,6,11,111,109,37,60,47,2,41,98,114,74,32,40,23,20,28,109,92,59,17,32,14,1
2025-04-22 16:23:28.58,s,4,29,44,67,60,86,96,25,-15,13,55,140,62,100,89,24,15,63,121,107,60,74,64,75,10,11,124,127,49,69,43,0,51,107,129,87,43,44,29,23,32,120,102,76,24,36,18,3
2025-04-22 16:23:28.59,s,1,17,28,63,54,87,96,18,-29,16,55,151,68,110,101,24,20,69,123,120,77,81,72,80,11,10,133,135,62,82,44,2,57,115,136,95,54,57,32,22,39,125,107,84,32,41,19,0
2025-04-22 16:23:28.60,s,3,24,44,71,68,94,108,28,11,14,60,157,76,119,105,25,23,67,127,121,80,91,75,77,12,13,130,138,62,86,52,2,57,115,133,95,53,58,31,19,37,124,108,81,28,40,17,2
2025-04-22 16:23:28.61,s,3,22,41,71,65,97,104,25,-17,13,49,156,72,114,103,19,18,57,119,118,75,85,70,70,13,13,126,132,56,82,43,3,56,115,132,93,48,55,24,13,36,127,109,75,24,38,13,2
2025-04-22 16:23:28.62,s,2,21,32,70,66,97,103,19,-35,7,48,155,76,119,107,17,12,54,116,118,78,91,71,72,11,11,123,136,59,79,45,1,58,111,132,91,49,62,20,9,39,124,106,79,27,38,8,1
2025-04-22 16:23:28.64,s,1,16,33,67,72,97,111,30,1,9,49,160,81,127,107,19,14,55,120,121,88,97,73,73,10,10,128,138,66,88,52,1,59,115,133,94,56,64,25,10,36,127,107,81,30,41,12,1
2025-04-22 16:23:28.65,s,3,18,39,70,77,98,110,30,-12,7,46,162,80,126,106,18,15,49,119,123,91,100,72,72,9,11,127,139,71,92,51,1,59,113,132,94,55,71,30,16,37,125,110,80,32,47,13,3
2025-04-22 16:23:28.66,s,2,16,32,67,71,92,102,19,-35,3,45,154,76,114,95,15,13,49,111,123,89,90,62,67,10,13,125,139,71,86,42,3,53,113,133,91,56,68,29,15,36,124,109,80,30,48,12,0
2025-04-22 16:23:28.67,s,2,19,31,72,70,93,100,29,-4,2,43,151,74,113,93,15,10,45,110,122,88,93,61,66,5,11,122,139,74,88,45,3,55,111,133,93,58,69,29,11,35,126,106,79,34,49,14,0
2025-04-22 16:23:28.68,s,3,24,34,75,74,98,103,37,-5,7,38,150,76,108,91,15,12,46,105,123,88,90,59,62,10,11,119,138,70,81,42,3,53,110,127,93,57,66,25,9,37,122,104,80,31,42,11,2
2025-04-22 16:23:28.69,s,2,12,23,62,69,88,99,21,-35,-1,33,142,73,110,89,12,5,40,99,120,89,86,56,63,5,10,116,135,70,79,37,1,55,106,126,91,55,64,21,8,37,124,102,79,30,40,9,0
2025-04-22 16:23:28.70,s,1,1,13,56,65,90,96,21,-19,-4,35,143,79,117,95,13,5,40,99,122,96,91,61,61,6,10,116,138,73,86,39,3,53,107,128,89,57,66,20,6,35,121,104,79,30,45,10,0
2025-04-22 16:23:28.71,s,4,26,32,76,84,106,114,38,2,2,38,152,84,129,102,16,7,40,105,123,100,102,65,67,5,9,118,142,79,92,47,1,55,104,129,91,59,71,23,4,39,122,103,82,32,48,10,3
2025-04-22 16:23:28.72,s,0,16,26,70,85,104,113,25,-33,-1,32,151,84,129,104,13,4,37,97,126,102,102,67,69,4,9,115,140,80,90,41,3,51,103,126,89,61,65,22,4,35,123,99,80,33,43,5,2
2025-04-22 16:23:28.74,s,2,6,17,64,77,101,106,23,-31,-4,32,146,86,128,103,14,-1,32,98,121,103,100,64,67,2,8,111,142,79,91,43,1,52,100,122,91,59,67,21,3,34,121,99,77,32,42,5,0
2025-04-22 16:23:28.75,s,5,26,33,80,88,111,114,37,10,0,35,156,91,129,107,13,7,33,99,125,105,102,67,66,5,10,110,145,83,88,48,2,54,101,125,92,64,69,22,6,35,123,99,80,34,43,8,1
2025-04-22 16:23:28.76,s,2,13,26,67,84,103,106,27,-34,-3,32,153,87,124,102,9,2,30,97,124,107,98,65,63,4,10,110,145,85,91,41,1,52,102,122,92,62,69,21,8,33,120,100,78,31,48,7,1
2025-04-22 16:23:28.77,s,-2,5,16,63,73,96,99,23,-39,-8,30,143,83,115,97,12,-3,26,92,119,103,93,57,59,1,9,107,142,79,84,35,3,50,103,123,87,61,64,16,6,32,121,101,75,31,44,4,0
2025-04-22 16:23:28.78,s,1,10,19,65,76,95,106,33,3,-2,30,142,81,118,92,9,1,30,89,123,100,91,57,59,3,9,106,137,73,81,38,4,50,99,121,86,58,58,13,4,32,121,99,73,26,38,0,3
2025-04-22 16:23:28.79,s,1,19,24,71,80,101,104,30,-25,-4,28,147,85,115,97,9,0,26,88,121,100,90,57,61,1,9,103,137,74,79,36,1,53,99,119,84,58,59,13,3,33,120,99,73,30,37,0,3
2025-04-22 16:23:28.80,s,2,6,20,62,78,92,102,21,-41,-8,28,143,81,115,95,7,0,24,86,122,102,91,54,58,-2,11,100,139,77,78,33,3,48,98,118,87,58,56,15,1,30,121,97,71,28,38,3,0
2025-04-22 16:23:28.81,s,-2,9,20,64,79,95,102,27,1,-6,31,146,83,118,91,9,0,29,89,121,102,93,57,55,4,8,104,139,77,79,38,2,51,97,119,88,59,58,12,0,32,121,95,75,29,37,3,3
2025-04-22 16:23:28.82,s,2,11,25,64,84,93,103,29,-21,-4,32,151,87,119,93,12,-1,29,92,122,109,93,57,56,2,10,107,143,85,81,38,1,51,99,122,91,60,66,15,6,32,121,100,74,34,40,4,2
2025-04-22 16:23:28.84,s,1,13,24,67,83,94,102,22,-43,-3,30,147,87,115,92,7,-1,25,96,124,107,94,55,59,0,10,108,144,83,83,36,1,50,100,121,92,64,63,14,4,31,121,100,75,32,43,4,2
2025-04-22 16:23:28.85,s,1,7,21,67,78,96,101,29,-3,-2,31,154,85,121,92,7,2,28,96,126,105,98,57,60,0,11,111,144,84,84,39,3,48,102,125,92,61,66,16,2,34,122,100,78,33,41,2,0
2025-04-22 16:23:28.86,s,1,14,29,74,82,102,104,29,-16,-3,33,157,87,123,97,8,2,30,96,125,107,96,60,58,1,11,111,141,84,84,39,1,51,100,124,91,60,66,16,6,31,124,102,75,32,42,4,2
2025-04-22 16:23:28.87,s,1,10,20,68,77,93,102,21,-43,-6,34,150,86,119,97,10,1,30,93,125,103,97,58,60,0,9,109,143,78,83,37,3,49,97,125,89,59,62,16,5,32,122,98,79,32,38,5,0
2025-04-22 16:23:28.89,s,-2,10,22,68,76,99,102,27,-10,-3,31,155,84,122,94,8,1,29,96,122,102,94,58,60,2,8,110,141,78,82,36,2,49,100,120,89,60,58,13,3,30,121,100,74,28,38,2,2
2025-04-22 16:23:28.90,s,1,20,35,76,92,105,114,37,-7,-1,40,158,88,126,97,10,1,32,98,124,108,96,58,60,2,10,109,142,79,81,41,1,50,97,122,92,60,59,16,3,33,120,98,73,32,37,5,1
2025-04-22 16:23:28.91,s,0,12,23,72,78,100,104,24,-39,-4,34,154,87,119,99,9,1,29,95,121,105,93,58,61,0,10,107,143,79,81,38,0,50,98,120,92,59,61,18,3,33,120,98,73,32,40,5,0
2025-04-22 16:23:28.92,s,0,1,17,59,73,91,101,19,-23,-6,29,152,81,122,97,8,1,28,93,121,103,96,58,62,0,10,108,139,80,82,38,2,49,96,122,88,58,61,16,6,32,119,97,75,30,38,2,0
2025-04-22 16:23:28.93,s,2,21,32,78,86,102,111,37,2,-1,33,156,85,123,99,11,5,28,95,124,103,96,61,64,1,10,107,141,78,86,41,3,47,100,122,88,59,64,16,8,32,119,100,73,31,42,4,2
2025-04-22 16:23:28.94,s,2,13,25,69,78,97,106,26,-38,-1,31,153,83,118,95,11,0,25,91,122,100,93,59,59,2,10,106,139,77,80,37,1,50,95,119,89,59,59,14,6,31,116,98,72,31,37,4,0
2025-04-22 16:23:28.95,s,0,0,16,58,67,91,95,19,-34,-5,27,149,79,115,92,10,-1,22,90,120,99,91,56,60,-1,9,106,139,76,78,35,2,48,94,118,89,58,59,14,7,31,119,99,73,28,40,4,0
2025-04-22 16:23:28.96,s,4,22,38,76,85,101,113,38,9,1,38,154,83,121,95,9,3,30,90,124,102,93,59,61,2,9,100,140,75,79,43,2,48,95,116,89,58,57,15,5,33,117,95,74,29,36,3,2
2025-04-22 16:23:28.97,s,2,16,23,72,74,99,105,29,-31,-3,36,152,79,120,97,10,1,27,90,121,99,93,61,66,2,8,104,137,71,82,39,2,50,95,116,88,57,56,14,7,29,120,94,70,29,38,3,2
2025-04-22 16:23:28.99,s,-2,10,23,66,65,97,104,23,-32,-3,36,151,75,120,100,15,4,28,91,120,91,93,64,69,4,10,103,136,68,74,43,2,47,97,117,84,50,52,16,9,29,119,92,71,26,31,5,2
2025-04-22 16:23:29.00,s,0,13,27,65,67,95,111,30,10,2,40,154,70,120,104,17,8,37,93,120,83,93,70,74,8,8,106,132,59,73,51,2,50,97,114,83,43,50,19,11,35,115,94,66,19,28,3,2
2025-04-22 16:23:29.01,s,4,28,42,80,68,109,118,33,-19,12,44,158,68,125,113,22,12,40,101,120,75,96,79,82,10,9,111,128,50,78,50,4,53,101,116,79,40,43,24,20,34,117,94,60,18,25,6,0
2025-04-22 16:23:29.03,s,2,20,32,67,62,99,117,25,-29,12,48,159,63,128,121,26,16,49,104,119,71,96,90,85,11,11,108,128,49,79,59,2,64,100,119,81,37,48,27,24,35,118,93,59,17,29,11,1
2025-04-22 16:23:29.04,s,2,20,33,75,60,110,121,32,16,20,52,158,67,131,132,30,21,57,109,115,64,101,96,93,10,11,111,119,41,84,63,4,56,102,119,75,28,50,31,25,41,118,95,57,14,29,8,1
2025-04-22 16:23:29.05,s,4,27,43,74,66,112,130,34,-7,21,55,160,64,140,137,32,18,63,112,112,60,105,109,99,14,10,114,119,39,89,70,2,56,105,119,73,32,49,36,34,40,116,98,59,14,32,13,2
2025-04-22 16:23:29.06,s,1,24,36,66,57,104,120,26,-27,21,51,149,59,131,135,32,18,59,109,105,45,98,107,100,12,9,112,108,31,79,67,1,57,100,116,71,20,42,37,34,39,116,91,58,4,26,13,2
2025-04-22 16:23:29.07,s,3,18,39,64,54,102,120,30,14,17,48,141,56,124,135,31,20,57,109,99,61,90,106,99,11,11,107,101,26,74,62,2,50,97,108,67,18,33,33,31,35,113,86,51,2,17,13,2
2025-04-22 16:23:29.08,s,4,21,40,61,52,91,121,31,-3,12,46,127,49,115,127,30,13,50,100,90,47,80,97,96,9,9,94,91,21,59,55,2,46,86,99,54,16,19,25,29,33,102,78,44,-1,9,7,2
2025-04-22 16:23:29.09,s,2,10,27,46,36,74,107,25,-36,2,38,100,44,92,117,24,11,42,90,71,28,59,78,82,7,8,88,75,18,38,40,0,43,76,89,48,10,9,16,20,26,96,71,40,0,5,3,0
2025-04-22 16:23:29.11,s,1,4,19,28,25,51,87,18,-7,1,25,72,32,66,87,18,8,41,77,55,29,32,50,65,5,7,75,58,13,18,26,0,37,68,78,45,9,9,12,14,24,85,68,39,2,6,1,2
2025-04-22 16:23:29.12,s,2,16,20,28,26,38,64,25,-9,-2,14,43,23,32,44,9,4,32,53,32,27,17,30,44,3,5,48,45,7,14,16,-1,31,55,66,43,11,9,8,12,18,76,61,40,9,8,0,0
2025-04-22 16:23:29.13,s,2,0,2,3,10,18,42,11,-34,-7,3,14,17,17,29,3,-1,15,31,20,7,17,20,38,-3,5,36,39,7,10,7,0,25,53,64,46,18,4,6,7,16,74,61,45,14,9,2,0
2025-04-22 16:23:29.14,s,0,-4,-6,-5,4,11,26,1,-27,-10,-3,0,11,6,15,-1,-3,0,16,15,7,6,14,26,-2,3,28,42,7,6,1,2,20,42,66,50,18,5,-1,3,12,60,56,47,16,9,-2,0
2025-04-22 16:23:29.15,s,1,8,4,-1,9,14,15,8,-9,0,-4,3,12,0,8,-3,-2,0,10,13,16,1,8,13,-2,4,19,37,7,-1,4,-1,15,30,49,48,19,2,-1,0,7,32,38,40,16,9,0,1
2025-04-22 16:23:29.16,s,1,6,1,-3,8,6,-1,-9,-26,-7,-10,-4,6,-7,-4,-7,1,1,4,7,-3,-6,-3,-2,0,2,15,31,1,-4,-6,-2,10,19,32,41,16,-2,-8,-6,2,22,23,34,15,3,-3,1
2025-04-22 16:23:29.18,s,0,-6,-8,-10,-1,-1,-10,-13,-37,-14,-13,-4,2,-13,-12,-10,-1,5,4,1,-7,-8,-7,-5,-2,0,11,20,3,-8,-10,-3,8,13,18,29,12,-2,-10,-8,1,16,12,26,10,1,-3,0
2025-04-22 16:23:29.19,s,1,5,2,-1,6,4,-6,3,-10,-12,-7,-4,4,-13,-7,-12,4,6,9,11,8,-8,-7,-6,-2,0,13,25,2,-9,-7,0,8,13,22,33,11,-3,-8,-14,2,19,11,31,11,1,-1,0
2025-04-22 16:23:29.20,s,1,-2,-3,-2,2,2,-10,-5,-27,-12,-8,-1,4,-12,-13,-9,1,11,11,18,2,-7,-7,-5,1,2,16,35,5,-7,-5,-2,14,20,25,39,14,2,-5,-8,7,24,19,35,15,5,0,1
2025-04-22 16:23:29.21,s,-2,0,-8,-2,1,0,-7,-6,-35,-14,-7,-2,6,-15,-11,-11,5,13,13,17,-1,-9,-9,-7,2,2,19,33,8,-7,-10,1,10,21,29,38,18,2,-9,-8,5,25,19,34,14,5,1,0
2025-04-22 16:23:29.22,s,-2,-4,-9,-5,-2,3,-12,1,-14,-12,-4,0,4,-12,-7,-9,7,14,15,17,9,-8,-8,-6,3,2,18,32,5,-9,-6,0,14,21,25,37,12,2,-8,-10,7,27,15,34,14,2,0,0
2025-04-22 16:23:29.23,s,3,5,3,0,2,8,-9,-2,-23,-8,-7,2,5,-12,-10,-8,4,13,15,14,1,-7,-10,-7,1,1,16,29,4,-9,-9,-2,14,19,21,34,10,-1,-10,-13,5,21,15,30,10,-2,-3,2
2025-04-22 16:23:29.24,s,-2,0,-8,-2,-3,5,-14,-12,-34,-10,-5,1,4,-16,-10,-11,6,11,14,16,-7,-7,-7,-5,2,2,16,31,3,-9,-9,1,11,19,23,35,10,0,-9,-14,7,23,17,30,12,0,-1,0
2025-04-22 16:23:29.25,s,-2,-1,-7,-1,-1,3,-12,1,-17,-11,-2,-1,6,-16,-6,-8,8,15,17,20,5,-8,-5,-3,0,2,19,31,6,-8,-5,1,11,22,25,35,14,1,-10,-12,6,26,13,33,12,1,0,-1
2025-04-22 16:23:29.26,s,0,0,-6,-1,1,1,-10,-1,-24,-10,-2,0,5,-17,-9,-10,7,16,16,20,1,-8,-6,-9,3,2,20,33,4,-8,-5,-4,13,19,24,36,13,2,-8,-8,5,23,12,32,11,1,0,0
2025-04-22 16:23:29.27,s,-1,1,-5,-3,0,1,-13,-11,-32,-11,-2,-4,5,-18,-10,-8,5,12,18,14,-7,-8,-7,-10,2,3,14,33,5,-10,-8,-1,9,20,20,36,12,-2,-7,-12,3,21,13,25,11,4,-2,0
2025-04-22 16:23:29.29,s,-2,2,-4,-5,0,0,-12,0,-19,-12,-1,-3,5,-16,-7,-11,5,15,15,12,4,-8,-7,-8,1,2,16,30,2,-9,-7,0,9,17,20,34,10,-1,-8,-14,4,21,9,28,10,-2,-1,0
2025-04-22 16:23:29.30,s,2,2,2,-2,5,2,-9,1,-19,-10,0,-1,4,-13,-11,-11,5,18,17,17,3,-8,-10,-9,0,1,21,32,3,-8,-7,1,9,23,22,38,14,0,-10,-12,4,26,14,31,13,2,-2,1
2025-04-22 16:23:29.31,s,-2,2,-7,-1,-2,6,-14,-7,-34,-7,-2,1,5,-14,-7,-8,6,15,18,17,-1,-9,-5,-8,3,2,24,34,4,-9,-7,0,10,22,25,35,16,0,-8,-13,7,24,17,31,13,5,-2,2
2025-04-22 16:23:29.32,s,-1,-3,-3,-7,1,1,-10,-3,-21,-6,-3,0,3,-11,-9,-10,4,17,18,19,3,-9,-4,-8,3,3,24,36,6,-9,-5,-2,14,23,28,40,14,3,-7,-14,8,27,17,33,15,1,0,0
2025-04-22 16:23:29.33,s,3,17,16,12,10,17,-1,9,-11,-4,4,4,6,-6,-5,-9,9,20,23,19,12,-5,-3,-5,1,4,27,34,10,-7,1,0,12,24,28,38,17,0,-5,-12,7,26,17,31,17,2,2,0
2025-04-22 16:23:29.34,s,1,-1,-3,-2,2,5,-8,-7,-29,-8,-2,-2,7,-14,-5,-10,6,14,20,14,-3,-6,-5,-8,2,2,22,30,3,-6,-4,-1,12,18,24,32,12,1,-9,-14,5,23,11,30,11,1,-1,0
2025-04-22 16:23:29.35,s,-3,-2,-11,-4,-4,2,-17,-9,-34,-9,-3,-6,5,-16,-9,-12,4,10,12,10,-8,-6,-7,-8,-2,0,18,22,1,-8,-8,-3,8,12,17,25,6,-3,-10,-14,0,19,10,23,7,0,-1,2
2025-04-22 16:23:29.37,s,2,7,3,-2,5,5,-8,7,-15,-5,-3,1,4,-10,-6,-9,2,9,13,9,1,-5,-6,-11,2,3,10,23,1,-8,-1,-2,8,13,15,23,9,-5,-9,-17,3,15,5,23,6,-2,-2,2
2025-04-22 16:23:29.38,s,2,3,-1,1,-1,6,-14,-8,-27,-11,-1,-4,6,-15,-7,-8,1,10,12,10,-3,-8,-7,-10,0,2,10,25,3,-10,-5,-3,7,11,17,29,10,-3,-7,-14,1,18,6,26,10,-1,-3,0
2025-04-22 16:23:29.39,s,0,-3,-6,-3,-2,3,-17,-9,-35,-9,-7,-2,1,-15,-11,-9,-1,8,13,7,-9,-6,-10,-10,-4,2,11,25,2,-8,-9,0,5,15,17,28,9,1,-9,-11,1,17,10,24,9,2,-3,2
2025-04-22 16:23:29.40,s,1,10,2,1,6,6,-8,8,-11,-4,-1,-3,7,-13,-3,-10,5,12,16,11,7,-6,-7,-10,-3,2,15,25,1,-6,-3,-2,10,14,20,34,10,2,-8,-9,4,18,9,30,12,2,1,2
2025-04-22 16:23:29.41,s,0,8,0,3,2,6,-8,-1,-27,-8,-1,-2,7,-12,-8,-9,1,13,15,11,0,-5,-7,-8,-3,3,15,29,4,-7,-7,0,8,16,21,33,10,0,-5,-14,4,18,14,30,10,0,1,0
2025-04-22 16:23:29.42,s,1,2,1,0,6,7,-8,-6,-33,-7,-3,0,6,-13,-5,-10,1,11,12,11,-7,-8,-5,-9,1,2,14,25,4,-8,-7,-1,9,18,17,33,13,-1,-8,-15,3,21,11,30,11,1,-1,1
2025-04-22 16:23:29.43,open,-3,-2,-6,-1,0,8,-7,6,-14,-9,0,-2,8,-10,-1,-7,2,9,17,12,5,-2,-5,-6,-1,2,16,27,3,-9,1,-3,9,15,16,33,10,-3,-6,-15,4,19,11,26,9,0,-2,2
2025-04-22 16:23:29.45,open,3,5,4,0,7,7,-5,2,-22,-9,1,-1,6,-7,-6,-9,-1,11,13,7,-2,-3,-6,-5,0,2,12,23,0,-6,-4,-1,8,13,18,26,8,-2,-10,-14,2,17,6,26,10,-3,0,1
2025-04-22 16:23:29.46,open,0,1,-6,-4,1,7,-10,-9,-36,-7,-5,1,6,-13,-5,-10,1,6,13,7,-7,-6,-4,-9,1,1,12,23,3,-8,-4,0,7,17,17,26,7,0,-11,-14,1,20,6,23,10,1,-3,1
2025-04-22 16:23:29.47,open,0,-4,-3,-5,2,3,-9,0,-16,-11,-2,-1,5,-8,-5,-8,-1,10,10,8,5,-5,-5,-8,-3,0,12,21,3,-7,-2,0,8,13,14,27,6,1,-9,-10,2,18,7,23,7,2,0,2
2025-04-22 16:23:29.48,open,1,3,-3,-2,4,3,-9,-1,-23,-5,-4,1,6,-12,-5,-11,1,6,11,10,-3,-3,-7,-9,1,0,13,23,2,-6,-3,-2,7,13,16,30,10,1,-4,-13,4,19,9,23,14,1,-3,2
2025-04-22 16:23:29.49,open,1,1,-4,-2,2,4,-13,-9,-31,-10,-5,1,2,-10,-9,-9,0,6,10,9,-9,-3,-6,-8,-1,1,10,25,1,-6,-7,0,9,13,16,33,10,2,-6,-13,2,20,9,30,11,4,0,0
2025-04-22 16:23:29.50,open,1,-3,-6,-4,0,3,-9,1,-21,-6,-2,-2,7,-11,-7,-11,1,8,11,10,2,-4,-8,-8,-3,2,11,28,4,-7,-2,-1,11,16,18,34,12,2,-5,-14,6,22,11,31,13,1,0,1
2025-04-22 16:23:29.52,open,2,6,1,2,6,10,-9,0,-18,-7,0,1,9,-8,-3,-9,2,13,13,12,4,-4,-5,-6,-2,0,16,25,7,-5,-1,-2,12,18,20,37,13,4,-5,-13,7,21,14,31,14,2,-1,2
2025-04-22 16:23:29.53,open,1,0,-1,-1,2,8,-10,-8,-32,-8,-1,0,8,-7,-4,-8,-1,8,15,9,-3,-4,-4,-8,-2,2,14,28,5,-6,-6,0,9,18,18,34,11,0,-7,-13,1,23,11,31,14,0,2,1
2025-04-22 16:23:29.54,open,-2,1,-6,-1,1,7,-12,-3,-19,-9,-4,-2,3,-8,-6,-10,-1,9,12,8,0,-5,-3,-7,-3,-1,14,21,2,-5,-3,-3,10,15,18,30,10,-2,-6,-14,5,21,11,30,11,-2,0,1
2025-04-22 16:23:29.55,open,4,18,15,14,14,14,3,10,-9,-5,3,3,7,-6,-2,-8,-1,11,12,10,9,-2,-3,-5,-3,1,13,21,5,-7,0,0,6,18,18,26,10,-1,-9,-14,3,19,8,27,9,1,0,2
2025-04-22 16:23:29.56,open,1,3,-2,-2,5,6,-6,-4,-30,-6,-1,-3,8,-10,-4,-8,-1,6,10,8,-5,-2,-5,-6,-3,1,11,23,5,-8,-2,-2,9,12,18,29,8,2,-8,-12,0,20,9,28,10,0,2,2
2025-04-22 16:23:29.57,open,0,-7,-9,-8,-1,0,-12,-9,-29,-9,-5,-1,3,-9,-6,-8,-1,5,11,6,-5,-4,-6,-8,-4,2,11,21,3,-5,-5,0,7,16,18,29,9,3,-7,-10,2,16,10,28,10,3,2,0
2025-04-22 16:23:29.58,open,2,4,1,3,1,10,-8,6,-15,-4,-2,3,5,-6,-4,-9,0,9,10,11,8,-5,-5,-9,-1,2,9,25,3,-4,-1,-2,10,13,20,30,13,3,-5,-9,4,18,12,30,11,5,1,1
2025-04-22 16:23:29.59,open,1,2,-1,-2,6,7,-11,-6,-25,-8,0,-1,8,-9,-5,-7,-2,9,12,8,-3,-2,-3,-9,1,2,13,22,7,-4,-4,-3,9,18,20,30,14,1,-5,-12,5,22,12,30,14,2,0,0
2025-04-22 16:23:29.60,open,0,-6,-8,-8,-1,2,-13,-9,-31,-8,-4,0,3,-7,-6,-7,-1,7,14,7,-5,-2,-4,-8,1,2,12,27,4,-6,-3,-2,10,18,18,35,13,3,-4,-10,5,19,15,29,12,4,-1,0
2025-04-22 16:23:29.62,open,2,8,5,7,6,12,-1,11,-9,-5,4,1,11,-5,2,-8,4,9,13,15,9,1,-2,-7,0,3,14,23,7,-4,-1,-2,9,18,20,31,14,3,-7,-9,2,23,13,28,16,3,-1,1
2025-04-22 16:23:29.63,open,2,4,3,1,7,10,-6,-1,-23,-6,1,-1,10,-6,1,-7,2,8,13,11,0,-3,0,-5,1,1,15,25,6,-2,-2,2,9,17,21,33,12,1,-7,-9,2,24,13,28,15,3,1,2
2025-04-22 16:23:29.64,s,1,0,0,-1,6,9,-8,-6,-30,-6,-2,1,5,-8,-5,-7,-2,10,11,10,-4,-3,-2,-6,1,1,15,24,5,-4,-3,0,8,18,21,30,11,5,-4,-8,3,19,14,26,14,4,0,-1
2025-04-22 16:23:29.65,s,0,0,-5,0,2,6,-6,3,-10,-7,0,-1,11,-7,-3,-9,2,6,16,10,7,1,-3,-4,-2,0,14,23,4,-3,1,-2,9,13,18,30,10,2,-4,-7,4,18,12,27,11,3,0,1
2025-04-22 16:23:29.67,s,1,12,2,7,6,10,-3,3,-22,-7,2,-1,9,-8,-1,-8,1,10,13,8,4,0,-4,-4,-2,0,14,23,6,-2,-2,0,8,14,20,31,12,6,-3,-8,2,20,11,30,15,4,0,2
2025-04-22 16:23:29.68,s,1,2,-2,1,0,9,-10,-7,-35,-5,-4,2,7,-9,-2,-9,0,6,13,10,-4,1,-4,-4,-2,1,13,25,7,-4,-2,-2,8,17,18,34,16,3,-1,-8,2,21,12,31,15,5,3,1
2025-04-22 16:23:29.69,s,0,-2,0,-2,5,6,-5,2,-15,-7,0,-1,9,-8,-1,-8,1,10,11,14,6,1,-4,-4,0,2,14,25,6,-1,1,-2,10,17,21,35,14,6,7,-5,4,21,14,32,17,6,3,2
2025-04-22 16:23:29.70,s,2,8,3,6,6,14,-6,2,-22,-3,-1,4,6,-4,-3,-8,-3,8,13,11,4,0,-4,-6,-4,3,11,27,7,-2,-1,0,9,18,20,17,14,5,0,-8,5,22,15,33,17,9,2,2
2025-04-22 16:23:29.71,s,1,-1,-1,-1,5,9,-3,-2,-31,-6,-3,3,7,-7,-2,-4,-2,2,12,10,-3,-2,-2,-5,-5,2,13,27,7,-2,-1,-2,10,15,22,36,14,8,1,-8,5,23,13,34,16,8,3,0
2025-04-22 16:23:29.72,s,1,2,-1,2,5,14,-4,2,-16,-8,0,2,9,1,3,-7,-4,5,9,14,8,3,-1,-4,-3,2,10,29,5,3,3,0,7,20,22,37,17,9,-1,-5,2,23,17,31,15,10,3,3
2025-04-22 16:23:29.73,s,1,7,0,6,6,18,3,3,-18,-5,1,3,13,4,4,-6,-7,4,9,12,7,3,3,-3,-2,2,10,27,10,2,7,0,8,22,24,35,18,10,0,-4,2,25,19,33,14,13,3,3
2025-04-22 16:23:29.74,s,0,4,-1,4,8,15,5,-2,-31,-7,0,4,11,2,7,-7,-7,-2,9,9,0,6,4,0,-4,2,11,25,4,6,3,-2,13,18,26,36,13,12,1,-4,5,25,18,35,16,9,5,1
2025-04-22 16:23:29.75,s,-2,2,-2,-1,6,13,6,1,-22,-10,-1,1,11,4,10,-2,-9,-6,6,10,3,8,6,1,-5,1,12,26,6,6,7,-2,13,21,24,38,17,12,0,-4,6,27,20,35,17,13,5,0
2025-04-22 16:23:29.76,s,12,24,20,18,19,29,17,16,-13,0,1,11,13,12,12,0,-10,-6,9,14,12,12,9,8,-7,1,12,29,8,11,12,0,11,27,31,39,18,18,6,2,5,33,28,36,18,18,4,2
2025-04-22 16:23:29.77,s,-1,6,1,3,11,19,17,0,-27,-5,3,10,13,14,11,-2,-12,-8,7,10,7,11,11,10,-11,1,11,31,10,11,12,-3,15,25,37,42,20,18,8,4,10,34,32,40,20,19,8,2
2025-04-22 16:23:29.78,s,-4,-5,-9,0,0,21,15,-4,-30,-10,3,7,14,11,14,0,-15,-8,6,14,3,16,14,13,-8,2,11,26,9,15,13,-2,15,28,37,42,19,24,14,4,10,41,32,39,20,24,12,2
2025-04-22 16:23:29.79,s,2,7,4,11,13,25,27,9,-9,-3,4,17,15,17,25,1,-11,-6,15,17,15,19,19,24,-11,2,12,27,8,15,22,0,14,29,37,44,18,22,14,11,10,45,36,38,19,26,9,3
2025-04-22 16:23:29.80,s,1,5,7,9,10,30,32,6,-31,-2,4,19,17,19,28,5,-11,-2,15,19,7,18,23,28,-8,2,18,25,5,19,17,2,14,27,43,39,18,20,13,9,10,47,39,39,15,22,8,3
2025-04-22 16:23:29.81,s,0,-3,-1,6,7,27,31,1,-32,-6,5,20,16,26,28,7,-14,2,19,17,5,21,25,34,-11,3,18,24,6,16,21,1,15,30,40,39,14,22,17,12,11,45,41,39,14,24,12,0
2025-04-22 16:23:29.82,s,3,13,15,19,18,35,47,14,-2,0,14,30,21,32,39,7,-9,8,25,28,25,26,28,39,-9,4,24,29,7,20,25,2,16,33,45,36,16,25,19,14,13,47,37,39,15,22,14,2
2025-04-22 16:23:29.84,s,2,4,10,19,17,34,51,14,-27,3,15,35,25,35,46,8,-7,10,32,34,19,32,36,47,-3,2,39,43,12,29,24,1,19,41,55,44,20,28,21,14,17,53,44,43,17,30,16,0
2025-04-22 16:23:29.85,s,0,12,18,33,21,41,57,15,-29,3,25,62,30,46,52,15,-4,18,49,52,21,40,42,60,-5,6,56,59,16,34,32,0,27,50,68,51,21,32,22,22,16,65,57,43,17,29,15,2
2025-04-22 16:23:29.86,s,3,10,28,39,33,47,70,23,4,8,32,97,39,62,69,21,8,32,70,78,47,50,52,66,3,7,72,80,22,40,41,0,31,65,82,61,27,32,27,23,23,79,70,54,17,32,17,1
2025-04-22 16:23:29.87,s,4,19,37,50,42,60,89,26,-22,8,43,110,47,72,73,22,10,38,83,86,43,58,56,76,3,6,92,94,31,49,39,2,34,75,97,70,32,36,28,30,21,95,78,59,19,36,20,2
2025-04-22 16:23:29.89,s,0,17,29,53,38,69,86,17,-38,11,43,117,49,76,81,23,9,42,102,93,40,62,58,76,6,10,101,109,34,52,39,1,38,85,110,72,32,37,29,29,25,97,89,62,19,33,21,2
2025-04-22 16:23:29.90,s,1,17,34,55,46,74,95,25,2,13,44,122,54,84,90,22,10,47,102,97,59,61,60,69,4,10,106,108,34,49,43,1,41,87,110,76,29,32,22,18,28,103,89,62,17,24,12,2
2025-04-22 16:23:29.91,s,2,21,36,56,52,78,98,23,-16,7,46,120,52,91,85,18,5,45,103,94,45,61,54,69,4,8,108,105,28,49,36,2,41,92,113,73,24,28,16,12,27,105,92,58,11,18,7,2
2025-04-22 16:23:29.92,s,0,18,32,53,50,79,99,19,-35,4,40,119,53,91,93,17,6,41,100,92,40,57,57,68,6,10,112,109,28,49,33,1,47,97,116,76,27,24,13,11,28,114,95,63,15,14,4,0
2025-04-22 16:23:29.93,s,2,16,33,54,54,83,100,25,1,7,43,124,56,96,92,17,8,48,105,97,61,61,56,67,8,11,118,114,36,49,38,3,49,103,122,82,29,24,16,12,33,116,101,68,14,16,6,2
2025-04-22 16:23:29.95,s,3,17,34,55,53,90,100,26,-11,10,38,126,55,99,92,17,10,45,107,100,55,64,54,69,9,11,119,119,36,54,36,3,51,111,128,86,33,28,16,14,34,120,106,72,14,20,5,1
2025-04-22 16:23:29.96,s,2,14,28,52,54,87,104,25,-34,5,36,123,55,104,98,17,12,46,105,99,48,68,56,70,9,9,119,119,42,50,35,2,56,110,130,86,33,32,12,11,35,121,108,73,15,19,3,0
2025-04-22 16:23:29.97,s,1,15,25,47,57,90,106,24,-3,4,36,123,57,112,102,16,14,48,106,103,64,73,57,71,9,11,120,123,42,56,35,3,56,111,130,86,33,31,11,7,39,122,108,75,15,18,0,2
2025-04-22 16:23:29.98,s,13,40,47,68,75,109,124,41,3,9,39,130,64,122,109,16,14,51,103,106,73,76,64,69,11,12,116,127,48,58,41,3,61,110,132,87,34,31,9,1,40,123,108,75,15,16,0,2
2025-04-22 16:23:29.99,s,2,16,28,54,65,98,114,25,-32,4,32,126,64,118,107,14,9,41,98,108,72,73,62,66,9,11,116,125,46,56,33,1,57,109,127,85,34,31,8,3,37,123,103,71,17,10,-1,2
2025-04-22 16:23:30.00,s,-2,5,12,48,55,95,104,21,-21,-1,30,122,64,114,110,14,7,37,99,107,73,74,60,67,8,11,114,127,48,59,31,5,53,109,130,83,36,30,4,0,36,122,107,73,14,10,-6,2
2025-04-22 16:23:30.02,s,2,21,33,62,69,107,115,36,7,5,37,132,70,120,110,13,10,43,107,114,80,80,62,66,6,13,119,134,55,63,37,3,56,114,134,86,41,35,7,2,38,125,108,78,18,16,-2,2
2025-04-22 16:23:30.03,s,2,18,26,62,68,101,108,29,-33,6,34,131,71,114,106,13,7,41,107,118,83,78,57,68,5,9,122,136,62,63,31,2,58,111,136,89,48,38,8,0,39,125,108,83,26,19,-3,2
2025-04-22 16:23:30.04,s,0,2,12,50,56,88,97,21,-31,1,29,133,68,108,99,10,7,40,104,114,85,77,55,62,5,12,121,136,62,63,32,1,57,112,134,91,49,42,7,4,37,124,111,82,26,24,-1,2
2025-04-22 16:23:30.05,s,4,19,35,66,71,98,108,37,13,5,33,140,70,115,102,14,9,46,111,116,84,81,57,62,8,11,119,139,62,63,34,3,55,115,133,90,51,40,5,1,36,125,108,80,25,26,-2,2
2025-04-22 16:23:30.06,s,2,12,25,57,65,97,106,27,-29,4,30,137,67,112,103,12,6,41,106,116,83,78,57,63,7,11,118,138,60,62,31,1,56,113,131,91,50,36,7,-1,37,128,107,82,15,19,-1,1
2025-04-22 16:23:30.07,s,2,14,24,59,69,95,112,26,-30,-3,31,133,67,119,102,9,3,41,103,117,85,78,58,62,6,13,117,136,59,65,27,4,55,114,131,91,46,35,6,-2,39,123,109,79,21,20,-3,1
2025-04-22 16:23:30.08,s,0,11,24,56,69,98,115,32,7,1,33,137,70,122,105,9,6,43,103,119,84,83,58,61,5,12,115,136,60,63,37,3,58,110,132,90,45,36,5,-6,41,123,109,76,22,19,-5,2
2025-04-22 16:23:30.09,s,3,18,29,64,74,98,115,32,-22,3,31,134,73,117,108,11,5,39,103,118,85,78,57,61,4,11,116,134,60,60,32,2,58,109,128,89,48,33,5,-5,37,127,107,74,23,13,-4,3
2025-04-22 16:23:30.11,s,0,10,18,55,68,93,108,23,-40,-5,29,135,65,115,101,8,4,33,103,116,81,80,53,58,6,11,118,136,59,64,26,4,57,107,133,87,44,37,3,-2,39,123,108,80,20,17,-5,2
2025-04-22 16:23:30.12,s,0,8,21,57,66,93,108,32,1,1,33,135,71,110,101,6,6,37,103,118,83,78,52,60,4,10,118,134,59,60,30,4,54,109,133,86,44,36,3,-5,41,124,103,80,22,17,-4,2
2025-04-22 16:23:30.13,s,2,12,23,59,69,89,107,32,-19,-3,33,137,71,105,97,8,5,34,104,115,84,76,49,57,3,10,116,137,59,57,30,2,56,106,131,87,45,36,4,-6,40,123,107,78,22,17,-3,2
2025-04-22 16:23:30.14,s,0,14,18,62,63,90,99,23,-43,-2,27,138,65,102,93,9,0,30,101,115,81,74,46,56,2,11,115,136,62,57,22,3,51,108,129,86,49,36,-1,-5,36,127,105,76,25,16,-4,1
2025-04-22 16:23:30.15,s,1,4,21,54,65,86,99,25,-2,-3,30,133,68,102,91,7,5,32,98,115,81,73,50,54,5,11,111,134,57,55,32,2,56,104,124,88,45,35,3,-5,36,124,100,75,23,13,-4,3
2025-04-22 16:23:30.17,s,2,16,24,64,69,91,104,31,-16,2,30,139,69,105,89,5,4,34,96,118,82,71,50,55,5,10,110,135,58,57,30,1,57,106,125,90,46,35,1,3,36,124,102,73,20,18,-4,2
2025-04-22 16:23:30.18,s,-2,12,18,60,64,90,99,24,-38,-3,29,134,65,105,91,6,4,31,97,114,79,74,49,53,4,11,110,131,59,55,25,3,54,105,123,85,46,34,0,-5,36,123,102,73,18,16,-7,2
2025-04-22 16:23:30.19,s,1,3,18,56,60,87,98,23,-9,-4,28,133,62,104,90,7,4,32,99,113,78,73,45,54,2,10,112,129,58,54,29,3,56,105,124,87,43,33,3,-7,39,122,103,75,17,16,-5,0
2025-04-22 16:23:30.20,s,14,28,41,72,78,96,110,36,-2,0,31,138,68,105,94,9,6,38,100,114,83,72,50,53,7,10,111,134,55,58,32,2,58,105,126,87,43,30,0,-4,36,125,101,76,22,12,-6,3
2025-04-22 16:23:30.21,s,2,9,21,57,68,87,100,25,-34,-5,30,133,69,102,93,8,4,37,101,114,80,75,48,56,5,10,112,135,58,59,25,1,57,108,127,85,48,34,1,-2,37,124,106,78,21,19,-5,1
2025-04-22 16:23:30.22,s,0,-3,11,48,61,80,96,22,-24,-6,29,133,64,103,90,6,5,37,98,116,81,76,49,55,4,9,114,136,58,59,27,1,55,105,127,87,44,38,2,-6,37,122,101,78,22,19,-4,0
2025-04-22 16:23:30.23,s,2,17,29,68,72,96,106,33,4,2,31,141,69,110,96,9,8,38,103,120,85,74,53,58,6,12,115,136,60,62,36,1,56,106,129,88,46,40,4,-1,37,121,106,75,23,19,-4,4
2025-04-22 16:23:30.24,s,0,15,21,65,66,93,106,29,-34,1,29,140,67,108,93,7,2,37,101,116,83,76,50,59,4,10,116,135,62,60,25,2,55,103,128,90,46,36,5,-4,36,121,103,74,22,19,-3,2
2025-04-22 16:23:30.25,s,-1,0,13,54,58,86,96,18,-29,-5,28,139,65,106,96,6,4,34,99,117,83,73,52,56,4,11,116,136,60,59,24,3,54,105,125,89,45,40,3,-2,36,122,102,75,20,21,-4,1
2025-04-22 16:23:30.26,s,4,16,31,67,70,96,106,35,8,1,31,142,68,110,93,7,6,42,101,120,83,78,53,55,8,10,116,134,58,63,32,3,53,106,126,86,48,38,3,-3,36,120,105,74,22,20,-5,3
2025-04-22 16:23:30.28,s,3,12,24,66,65,92,102,24,-27,-5,32,139,64,106,91,6,4,38,99,119,84,76,50,55,5,13,114,136,59,59,28,0,56,104,126,89,48,37,5,-3,34,124,104,74,22,21,-4,1
2025-04-22 16:23:30.29,s,1,4,20,58,64,83,102,23,-32,-5,28,138,62,104,89,8,6,36,98,117,81,71,50,54,5,11,112,135,61,58,27,2,56,105,125,87,48,36,5,-6,37,123,102,74,22,22,-2,0
2025-04-22 16:23:30.30,s,-2,7,18,60,63,89,101,31,2,1,30,137,68,102,93,5,10,39,99,117,80,75,50,56,8,11,111,136,57,62,33,1,56,102,124,89,44,41,5,-4,39,122,101,76,25,19,-3,2
2025-04-22 16:23:30.31,s,1,16,21,67,64,90,102,29,-21,-1,32,138,69,99,89,6,7,40,98,119,81,75,50,54,6,8,116,133,60,62,28,2,56,102,127,87,45,40,3,-3,35,123,103,73,26,23,-4,2
2025-04-22 16:23:30.32,s,1,4,18,56,63,82,100,22,-38,-5,28,140,63,101,89,10,6,38,98,117,81,72,49,54,6,10,113,134,59,59,27,1,54,102,125,86,46,37,5,-4,34,123,99,72,25,20,-2,1
2025-04-22 16:23:30.34,s,1,4,22,59,66,85,104,29,3,-3,33,140,65,103,92,8,11,39,101,118,81,75,52,55,4,11,111,136,59,62,32,3,55,102,126,86,46,40,5,-2,37,120,100,75,23,21,-3,1
2025-04-22 16:23:30.35,s,1,13,23,68,65,91,106,26,-17,-2,36,145,69,104,95,8,8,42,101,121,81,78,52,60,5,11,115,134,58,64,33,2,56,103,122,86,48,38,7,-1,36,122,98,73,24,19,-2,2
2025-04-22 16:23:30.36,s,2,6,20,63,63,85,103,23,-39,0,32,140,63,99,93,11,8,40,102,115,78,73,50,61,7,11,111,135,54,61,30,1,56,103,120,89,43,40,6,0,39,122,98,73,23,20,-4,2
2025-04-22 16:23:30.37,s,2,8,24,65,60,87,101,28,-1,1,35,143,61,100,93,10,15,43,103,115,73,73,53,61,10,10,113,131,50,58,35,2,56,101,122,86,40,35,4,2,36,121,97,71,19,17,-3,1
2025-04-22 16:23:30.38,s,2,17,25,68,61,87,102,27,-10,3,37,143,59,98,93,12,15,48,101,114,68,69,53,65,9,10,112,129,47,56,36,3,57,104,122,84,37,37,9,6,39,121,97,67,19,18,-1,2
2025-04-22 16:23:30.39,s,1,12,25,64,56,82,102,21,-33,4,37,142,54,96,92,16,14,50,103,113,64,66,59,67,9,12,111,127,44,54,32,3,58,106,121,82,35,31,12,9,37,121,98,71,19,17,0,1
2025-04-22 16:23:30.40,s,1,4,24,59,52,78,102,21,-3,5,37,146,52,100,100,18,17,56,108,111,60,67,65,71,13,12,112,127,38,57,39,2,59,105,121,85,30,30,13,12,41,119,99,67,16,16,1,2
2025-04-22 16:23:30.41,s,17,39,48,87,65,97,118,38,2,15,48,154,59,106,110,22,23,65,114,117,59,74,72,80,13,11,119,125,38,59,46,1,62,108,124,85,30,30,15,16,43,120,99,72,15,16,5,4
2025-04-22 16:23:30.42,s,0,19,29,72,53,91,110,25,-30,16,46,154,55,111,112,25,20,69,118,111,54,77,77,82,14,12,119,125,33,65,41,3,58,110,124,85,30,31,20,19,42,120,100,66,16,19,5,0
2025-04-22 16:23:30.43,s,1,1,23,59,46,82,107,23,-16,13,43,143,53,106,115,25,18,70,115,109,50,76,82,84,12,11,115,117,31,58,47,2,57,106,120,76,26,28,16,23,38,118,97,65,12,16,5,2
2025-04-22 16:23:30.44,s,1,18,30,67,45,81,106,31,7,13,41,134,47,97,109,22,20,62,108,97,54,65,75,83,11,10,109,99,22,46,45,4,51,98,110,66,12,19,16,20,35,109,86,50,3,4,1,3
2025-04-22 16:23:30.46,s,1,13,23,56,33,68,101,24,-30,9,35,111,39,80,100,19,14,52,98,82,24,51,66,79,7,8,96,81,16,30,36,1,47,81,97,54,9,9,11,18,26,100,76,44,0,4,3,2
2025-04-22 16:23:30.47,s,1,2,13,34,18,39,77,13,-27,2,29,87,25,52,80,17,12,46,84,65,17,20,53,67,6,9,84,66,11,19,25,2,35,68,81,47,8,6,11,18,17,85,65,39,1,2,0,1
2025-04-22 16:23:30.48,s,2,16,16,24,20,26,57,21,0,3,17,50,22,24,47,8,8,30,60,38,22,16,32,50,0,6,52,40,4,8,23,1,28,49,55,35,3,6,8,12,17,65,48,31,4,2,4,3
2025-04-22 16:23:30.49,s,0,6,5,8,9,20,36,9,-26,-5,4,14,13,10,26,2,0,13,25,18,2,12,21,35,0,4,26,26,3,5,11,-1,22,38,47,37,8,10,3,5,15,57,48,34,9,11,-1,0
2025-04-22 16:23:30.50,s,1,4,4,0,9,9,25,0,-32,-7,-6,3,4,1,12,-1,-9,1,11,8,-3,2,11,24,-5,2,16,32,1,4,0,-1,18,33,49,44,13,4,1,1,10,51,47,39,15,8,-2,0
2025-04-22 16:23:30.52,s,0,1,-3,-1,2,7,14,3,-13,-6,-2,-2,9,-2,5,-6,-7,-6,9,12,7,0,6,16,-5,0,19,32,3,0,-1,0,12,29,45,45,14,1,-3,-6,7,35,37,39,16,6,-3,0
2025-04-22 16:23:30.53,s,1,12,4,3,7,12,4,-7,-20,-3,-5,1,8,-7,2,-8,-3,-6,5,10,3,-5,2,4,-2,1,13,30,2,-2,-5,1,8,24,37,43,16,2,-6,-9,5,24,30,37,15,4,-2,1
2025-04-22 16:23:30.54,s,-2,0,-3,-6,0,6,-5,-11,-37,-8,-9,-4,6,-11,-4,-11,-2,-3,3,7,-7,-6,-6,-1,-3,0,11,27,0,-7,-9,0,8,18,26,38,11,0,-8,-14,2,19,22,33,12,5,-3,0
2025-04-22 16:23:30.55,s,-2,2,-4,-2,1,6,-8,-2,-19,-12,-10,-4,2,-9,-9,-11,-3,1,3,4,4,-9,-9,-4,-4,0,9,23,0,-10,-11,0,5,10,20,30,6,-5,-8,-19,1,14,14,28,8,2,-4,0
2025-04-22 16:23:30.56,s,0,2,-1,-5,6,5,-6,-6,-23,-15,-5,-8,6,-12,-12,-14,-2,3,5,5,0,-10,-11,-7,-4,0,8,21,2,-10,-11,1,2,13,18,28,9,-3,-15,-17,-2,18,13,25,10,1,-6,1
2025-04-22 16:23:30.57,s,0,-3,-3,-5,2,1,-10,-9,-37,-14,-11,-4,3,-15,-12,-15,-1,1,4,7,-7,-10,-10,-8,-3,0,10,23,1,-9,-12,-2,5,9,20,29,11,-3,-10,-16,-3,18,12,26,12,2,-3,0
2025-04-22 16:23:30.59,s,1,-3,0,-6,1,0,-10,-1,-21,-16,-5,-8,5,-16,-11,-14,1,4,8,9,1,-11,-10,-11,-3,3,9,26,2,-10,-11,0,2,14,19,31,10,0,-12,-13,-1,18,13,25,9,4,-4,2
2025-04-22 16:23:30.60,s,2,2,2,1,2,6,-14,-1,-24,-13,-8,-5,4,-18,-11,-15,1,5,8,5,0,-11,-11,-13,0,1,13,24,1,-9,-8,-1,6,13,16,33,9,-1,-9,-15,1,16,12,26,11,5,-1,2
2025-04-22 16:23:30.61,s,0,0,-2,-5,4,1,-14,-11,-31,-15,-5,-5,-1,-16,-15,-11,-2,2,9,4,-7,-11,-15,-14,-3,1,8,23,2,-13,-11,0,2,14,17,28,9,-2,-12,-15,-3,19,9,24,8,5,-2,0
2025-04-22 16:23:30.62,s,0,-11,-14,-12,-11,-5,-22,-9,-32,-16,-10,-11,0,-20,-13,-15,-1,1,9,8,-9,-10,-15,-14,-4,2,9,22,3,-15,-11,-2,6,11,16,31,9,1,-12,-14,-1,18,10,26,10,6,-2,-1
2025-04-22 16:23:30.63,s,17,22,17,8,12,7,-6,6,-15,-11,-2,-5,6,-15,-7,-12,-1,8,13,9,5,-10,-14,-14,-2,2,8,24,-1,-9,-8,0,2,12,17,28,9,2,-11,-13,-1,18,11,23,13,11,0,2
2025-04-22 16:23:30.65,s,0,0,-4,-2,-3,2,-16,-8,-33,-12,-7,-3,2,-17,-15,-13,-1,5,8,9,-8,-11,-11,-12,-3,1,9,22,-1,-13,-11,-3,5,9,12,30,7,1,-9,-11,-3,13,10,22,11,7,0,0
2025-04-22 16:23:30.66,s,-3,-6,-13,-8,-8,0,-20,-11,-32,-14,-8,-4,-1,-15,-13,-10,0,2,12,7,-9,-8,-13,-11,-4,0,13,23,3,-10,-12,-3,6,9,17,30,7,3,-11,-12,5,15,11,24,11,4,-1,0
2025-04-22 16:23:30.67,s,-1,5,0,-2,2,4,-9,0,-13,-13,-2,-2,2,-13,-10,-12,2,8,11,12,4,-7,-11,-9,-2,0,12,25,2,-12,-6,-2,6,11,17,30,6,2,-11,-14,-1,20,10,23,12,3,-1,2
2025-04-22 16:23:30.68,s,1,-3,-4,-5,1,1,-13,-7,-31,-13,-4,-5,5,-16,-10,-13,1,3,12,10,-7,-8,-11,-14,0,2,13,23,-1,-9,-12,-2,3,13,17,28,7,-2,-12,-15,0,19,11,23,10,3,-2,0
2025-04-22 16:23:30.69,s,-3,-5,-9,-5,-3,1,-16,-9,-38,-13,-8,-4,0,-18,-12,-10,-1,1,11,4,-10,-12,-15,-14,-3,2,8,24,-1,-14,-13,-1,5,10,15,27,6,-1,-10,-19,1,17,7,24,8,3,-1,-1
2025-04-22 16:23:30.70,s,2,5,2,2,2,2,-7,7,-15,-11,-4,-1,1,-16,-7,-11,0,3,11,10,1,-8,-12,-11,-5,1,8,24,-1,-15,-8,-3,6,9,15,27,5,1,-13,-17,0,16,11,23,8,4,-2,2
2025-04-22 16:23:30.71,s,1,-3,0,-4,0,2,-12,-8,-31,-12,-7,-1,3,-16,-9,-11,-1,1,12,8,-4,-8,-13,-11,-4,2,8,24,2,-12,-12,0,2,13,14,29,8,-2,-12,-15,-1,19,12,24,9,4,-2,0
2025-04-22 16:23:30.72,s,1,2,-1,-1,-1,4,-14,-10,-37,-14,-8,-4,-1,-15,-14,-14,-5,3,8,3,-11,-7,-13,-11,-3,0,10,19,1,-12,-13,-2,3,10,13,28,5,0,-11,-17,1,15,9,22,7,3,-4,0
2025-04-22 16:23:30.73,s,-1,-4,-5,-3,-3,5,-13,2,-19,-13,-5,-3,4,-16,-6,-12,1,3,8,10,2,-8,-12,-12,-5,2,7,23,0,-13,-8,-2,5,9,16,25,7,-3,-12,-18,-1,17,9,21,8,2,-3,0
2025-04-22 16:23:30.75,s,1,5,0,-1,5,6,-9,-5,-23,-15,-2,-3,3,-12,-10,-11,-3,5,9,8,-3,-10,-10,-12,-2,0,10,20,0,-13,-8,-3,6,9,15,26,8,-4,-10,-19,1,18,9,23,8,3,-4,3
2025-04-22 16:23:30.76,s,0,1,-5,-2,3,1,-12,-9,-36,-18,-5,-6,5,-17,-10,-14,-3,-1,7,5,-10,-10,-12,-14,-3,1,7,19,-1,-14,-11,-2,4,10,14,22,5,-2,-13,-20,0,15,8,23,7,2,-2,0
2025-04-22 16:23:30.77,open,1,-5,-4,-7,0,-1,-12,-1,-21,-15,-5,-5,4,-16,-6,-14,-1,-1,5,3,-1,-12,-12,-16,-4,2,3,14,-2,-13,-12,-1,0,9,10,20,3,-3,-16,-22,-1,14,4,16,8,-3,-5,0
2025-04-22 16:23:30.78,open,0,-3,-5,-1,-1,4,-12,-6,-24,-16,-9,-3,-1,-15,-12,-15,-3,-2,5,8,-7,-8,-12,-13,-4,1,4,18,-2,-13,-9,-2,5,7,9,23,4,-2,-12,-22,0,16,6,18,10,-2,-5,0
2025-04-22 16:23:30.79,open,1,-4,-4,-5,1,3,-18,-10,-33,-15,-9,-2,0,-15,-14,-12,-7,1,3,7,-12,-9,-12,-14,-2,1,4,22,1,-11,-13,0,2,7,15,26,7,-1,-11,-18,-1,17,7,24,9,-2,-2,1
2025-04-22 16:23:30.80,open,-3,-4,-6,-4,-1,0,-11,-2,-22,-18,-7,-4,-1,-14,-10,-14,4,-1,8,8,-1,-7,-11,-14,-4,1,8,23,2,-13,-8,-3,5,10,15,28,8,-1,-11,-19,0,18,11,25,9,3,-2,1
2025-04-22 16:23:30.82,open,1,1,0,-1,3,6,-8,1,-24,-13,-5,-1,4,-15,-7,-14,-1,2,8,10,-3,-6,-10,-11,-1,1,12,24,4,-8,-8,0,5,15,18,31,13,-1,-9,-20,3,19,13,28,11,4,-1,2
2025-04-22 16:23:30.83,open,1,-1,-1,0,2,5,-9,-8,-34,-15,-4,-2,1,-9,-11,-12,-4,1,6,9,-8,-5,-10,-13,-2,0,10,23,-1,-8,-12,-3,6,11,15,30,6,2,-11,-20,2,19,13,26,11,1,0,1
2025-04-22 16:23:30.84,open,-2,-5,-11,-12,-4,-2,-13,-9,-28,-21,-7,-6,4,-13,-11,-14,-4,-1,7,4,-5,-6,-13,-10,-5,-1,8,19,2,-10,-13,0,2,13,16,26,6,1,-13,-17,2,18,14,25,8,3,-2,3
2025-04-22 16:23:30.85,open,13,24,17,11,15,11,-2,8,-13,-13,-4,1,5,-7,-3,-11,-1,0,10,8,3,-5,-10,-12,-2,2,7,18,3,-11,-9,-1,2,11,18,25,8,0,-14,-17,-1,21,12,22,11,3,-2,3
2025-04-22 16:23:30.86,open,1,3,0,2,2,8,-10,-8,-30,-17,-2,-3,5,-12,-11,-12,-3,-1,7,5,-5,-7,-12,-12,-4,2,7,22,2,-9,-13,0,3,12,17,27,10,-2,-11,-19,1,21,10,27,11,0,-1,0
2025-04-22 16:23:30.87,open,-2,-6,-12,-5,-4,-2,-13,-8,-31,-20,-5,-6,4,-14,-9,-11,-6,-5,7,3,-10,-6,-13,-12,-6,-1,8,17,2,-9,-12,-1,5,7,16,25,6,2,-13,-16,-1,18,9,25,11,1,-4,0
2025-04-22 16:23:30.88,open,1,-2,0,-2,1,2,-8,1,-16,-16,-5,-4,5,-14,-7,-13,-3,-3,4,8,1,-8,-11,-13,-6,0,4,16,-1,-9,-8,-2,4,6,14,25,5,1,-14,-18,-4,19,7,24,8,2,-2,0
2025-04-22 16:23:30.89,open,0,-2,-1,-1,2,3,-11,-5,-32,-14,-6,-5,5,-16,-9,-15,-4,-5,4,2,-6,-10,-10,-14,-6,2,5,15,2,-10,-10,-2,2,10,13,28,8,1,-9,-18,2,17,10,22,13,1,0,2
2025-04-22 16:23:30.91,open,-3,-8,-12,-10,-1,-1,-17,-11,-38,-19,-8,-6,1,-14,-12,-15,-6,-5,3,6,-12,-6,-12,-12,-3,1,5,21,1,-11,-10,0,2,13,17,28,10,2,-11,-17,0,17,13,25,11,3,-4,1
2025-04-22 16:23:30.92,open,1,5,0,1,2,5,-6,5,-14,-14,-2,-4,6,-12,-7,-14,-2,0,7,9,7,-5,-11,-11,-6,1,10,22,2,-6,-7,-3,6,11,17,33,11,1,-11,-19,3,21,14,29,11,6,0,3
2025-04-22 16:23:30.93,open,0,2,-4,1,0,8,-11,-5,-30,-15,-8,-1,2,-9,-10,-13,-5,-1,9,6,-5,-3,-10,-9,-6,1,10,21,4,-8,-11,-1,6,11,19,33,10,2,-11,-20,1,21,15,27,10,5,-2,0
2025-04-22 16:23:30.94,open,0,2,-2,1,2,3,-9,-6,-38,-15,-8,-2,3,-14,-9,-10,-6,-5,3,5,-9,-5,-10,-10,-5,2,8,22,-1,-10,-9,-2,7,10,20,28,8,1,-11,-20,2,22,13,27,14,3,-4,1
2025-04-22 16:23:30.95,open,0,-2,-1,-5,3,3,-8,0,-18,-19,-3,-5,5,-9,-5,-10,-6,-1,8,7,4,-7,-8,-11,-6,1,5,22,3,-8,-8,0,3,11,18,26,11,3,-13,-17,1,21,12,27,11,2,-2,2
2025-04-22 16:23:30.96,open,1,5,-2,2,1,9,-12,-5,-26,-16,-5,-4,6,-10,-8,-11,-6,-5,8,3,-3,-5,-11,-10,-6,1,7,21,0,-7,-7,-3,3,9,18,28,9,2,-9,-20,1,18,15,27,14,1,-1,0
2025-04-22 16:23:30.97,open,-2,-3,-3,-4,1,2,-12,-10,-35,-20,-5,-4,0,-12,-13,-12,-9,-6,3,1,-10,-7,-12,-11,-7,1,6,17,-2,-7,-13,0,3,7,18,27,9,-2,-10,-20,0,18,13,26,10,3,-2,0
2025-04-22 16:23:30.98,open,0,-7,-5,-6,-1,0,-13,1,-22,-21,-7,-7,4,-16,-7,-14,-10,-4,2,1,0,-9,-11,-16,-5,1,4,18,1,-9,-9,-1,1,9,16,26,8,2,-12,-15,-3,19,12,25,12,3,-2,0
2025-04-22 16:23:30.99,open,2,-2,-2,1,-1,8,-13,-2,-25,-16,-7,-5,4,-16,-7,-12,-7,-8,5,3,-4,-7,-12,-11,-8,1,4,18,2,-10,-8,-2,3,8,18,28,9,3,-11,-17,-1,21,13,27,14,3,0,1
2025-04-22 16:23:31.00,open,-2,-2,-5,-6,0,0,-13,-9,-36,-19,-7,-7,3,-15,-14,-14,-8,-9,3,2,-11,-7,-13,-13,-8,2,4,22,1,-12,-12,-2,3,10,18,30,9,3,-11,-15,1,18,17,26,12,5,-3,2
2025-04-22 16:23:31.02,open,-2,-2,-8,-2,-4,3,-14,-3,-22,-19,-5,-6,4,-13,-10,-12,-8,-3,2,7,-1,-6,-12,-11,-5,0,7,21,0,-8,-10,0,1,13,20,29,13,2,-12,-16,-1,24,15,27,13,5,-3,2
2025-04-22 16:23:31.03,open,1,2,2,3,1,10,-10,0,-25,-15,-8,-1,3,-12,-5,-10,-4,-3,5,7,-1,-7,-7,-10,-4,0,10,21,4,-7,-5,-2,6,13,19,33,11,2,-9,-18,0,24,15,31,14,4,-3,2
2025-04-22 16:23:31.04,open,0,5,-3,3,3,5,-7,-7,-33,-19,-4,-5,5,-14,-7,-12,-6,-3,3,6,-6,-6,-12,-12,-4,1,8,22,1,-6,-9,-3,8,11,21,30,11,3,-11,-15,0,20,18,31,13,5,-2,2
2025-04-22 16:23:31.05,open,-2,-5,-12,-10,-3,-2,-14,-9,-31,-16,-11,-3,-1,-12,-11,-12,-9,-4,4,2,-8,-6,-10,-11,-5,0,8,22,1,-7,-8,-2,6,10,20,30,10,5,-12,-16,1,21,17,30,12,6,-2,2
2025-04-22 16:23:31.07,open,13,19,10,12,8,11,-7,8,-18,-12,-4,-3,6,-13,-4,-15,-4,-5,5,7,1,-4,-10,-12,-7,2,5,18,4,-8,-7,0,3,10,19,29,12,2,-12,-20,1,20,15,28,13,2,0,2
2025-04-22 16:23:31.08,open,1,2,0,0,4,5,-10,-6,-30,-19,-5,-5,5,-14,-8,-12,-6,-7,4,6,-8,-7,-10,-14,-4,0,5,23,1,-8,-10,-4,6,11,18,29,8,3,-12,-20,2,21,14,30,12,4,0,2
2025-04-22 16:23:31.09,open,-3,-7,-13,-5,-7,1,-17,-9,-36,-18,-9,-7,3,-16,-12,-13,-10,-7,0,4,-10,-10,-11,-11,-6,-1,7,20,0,-10,-9,-3,5,9,17,31,9,0,-9,-18,1,20,12,30,12,5,0,1
2025-04-22 16:23:31.10,open,2,-5,-3,-5,1,2,-12,5,-19,-15,-8,-1,1,-10,-8,-12,-7,-3,3,8,4,-7,-11,-13,-7,0,5,21,3,-9,-9,1,2,10,18,33,10,1,-10,-20,2,19,16,28,13,5,-2,0
2025-04-22 16:23:31.11,open,2,1,1,-1,4,4,-9,-3,-30,-15,-8,-2,1,-12,-11,-13,-9,-5,4,4,-9,-5,-11,-14,-6,0,6,22,1,-7,-9,-2,3,11,16,34,11,1,-13,-21,-1,20,15,29,11,4,-2,0
2025-04-22 16:23:31.12,open,0,-13,-12,-9,-4,-2,-15,-9,-37,-22,-8,-6,3,-16,-10,-12,-11,-7,0,6,-12,-5,-9,-10,-2,1,6,24,2,-10,-9,-2,6,11,17,35,13,1,-10,-18,0,24,14,32,15,2,-1,1
2025-04-22 16:23:31.13,open,2,3,4,3,1,10,-10,7,-15,-13,-7,-1,3,-10,-6,-12,-6,-3,3,10,4,-6,-8,-12,-5,2,4,23,5,-9,-4,-2,5,11,22,35,11,4,-11,-21,2,21,19,32,13,3,-4,3
2025-04-22 16:23:31.14,open,1,0,-1,-2,2,3,-9,-7,-29,-20,-4,-2,1,-15,-7,-10,-8,-6,7,6,-7,-4,-11,-10,-7,2,6,26,2,-7,-7,-3,5,10,22,33,10,5,-13,-17,1,20,19,29,15,4,-2,0
2025-04-22 16:23:31.16,open,0,2,-3,1,0,7,-13,-9,-37,-19,-8,-5,2,-13,-12,-14,-10,-8,2,6,-11,-6,-10,-13,-5,1,5,25,3,-10,-9,0,3,11,19,33,14,1,-10,-21,2,20,17,30,11,5,-2,0
2025-04-22 16:23:31.17,open,-2,-4,-5,-5,1,6,-12,2,-19,-16,-9,-1,0,-10,-6,-11,-11,-7,3,4,1,-4,-12,-12,-10,0,3,23,1,-9,-6,-3,3,11,18,31,12,2,-15,-21,-3,23,14,33,12,4,-3,1
2025-04-22 16:23:31.18,open,1,0,1,0,4,8,-10,-3,-25,-18,-7,-3,5,-12,-5,-14,-9,-11,-2,7,-5,-7,-8,-12,-6,0,2,23,2,-10,-8,-1,1,12,17,34,13,4,-13,-21,-2,21,18,30,15,6,-2,1
2025-04-22 16:23:31.19,s,1,-4,-3,-1,2,5,-8,-7,-38,-21,-5,-4,4,-10,-10,-12,-15,-13,-5,4,-11,-7,-9,-12,-8,0,2,19,0,-6,-10,-1,1,7,20,30,10,3,-15,-19,-4,22,14,33,13,2,-1,0
2025-04-22 16:23:31.20,s,0,-4,-4,-5,0,7,-11,0,-24,-19,-9,-4,1,-8,-5,-11,-12,-14,-5,6,-2,-5,-9,-8,-9,0,3,18,1,-5,-9,0,0,6,21,33,10,2,-11,-21,1,20,17,33,13,2,-1,0
2025-04-22 16:23:31.22,s,1,0,0,0,6,8,-3,1,-25,-19,-4,-2,3,-4,-5,-11,-15,-14,0,2,-2,-2,-8,-8,-9,0,2,21,1,-7,-5,-1,2,10,17,33,11,1,-9,-18,-1,18,19,31,12,5,0,0
2025-04-22 16:23:31.23,s,0,-2,-4,-2,2,10,-7,-8,-39,-16,-9,-1,5,-6,-2,-11,-15,-17,-5,4,-8,-5,-6,-8,-9,1,2,21,0,-5,-8,-2,2,9,22,31,11,2,-9,-20,0,20,20,32,11,5,-2,1
2025-04-22 16:23:31.24,s,-1,0,-4,-2,5,9,2,0,-22,-19,-5,1,6,-2,4,-10,-12,-16,1,8,1,-2,-2,-6,-8,0,6,22,5,-4,0,0,3,14,24,33,12,4,-9,-16,-2,26,21,33,12,6,-3,1
2025-04-22 16:23:31.25,s,1,3,0,6,7,17,7,4,-24,-12,-6,4,11,2,9,-8,-14,-14,2,9,1,6,1,2,-9,-1,10,26,3,3,2,0,7,22,31,37,16,10,-5,-9,2,33,28,35,15,8,-2,1
2025-04-22 16:23:31.26,s,2,-2,2,3,9,17,16,1,-32,-12,-3,9,8,8,9,-2,-15,-10,6,9,1,5,6,6,-7,1,13,32,5,6,3,-2,13,26,42,42,18,11,-1,-8,9,42,37,40,18,10,2,0
2025-04-22 16:23:31.27,s,0,-8,-9,-1,-1,16,14,-2,-30,-12,-2,6,11,8,14,-3,-12,-11,7,17,1,7,9,13,-6,1,18,33,4,8,7,-2,14,30,47,46,16,14,2,-2,9,48,45,43,18,10,4,0
2025-04-22 16:23:31.28,s,14,20,20,18,18,29,31,10,-14,-11,5,14,15,15,21,-1,-11,-7,16,20,14,12,13,24,-10,2,18,31,6,10,13,1,13,28,50,44,16,16,4,0,10,55,46,46,15,10,5,2
2025-04-22 16:23:31.29,s,2,4,7,8,13,25,28,3,-31,-11,1,19,11,16,23,4,-16,-7,18,17,1,11,17,24,-10,3,15,31,4,10,13,-2,13,28,45,42,13,15,6,4,9,48,43,40,14,10,6,0
2025-04-22 16:23:31.30,s,0,-4,1,8,8,22,30,3,-33,-15,6,20,13,17,27,1,-15,-6,16,23,-1,14,19,31,-11,2,18,23,0,14,12,1,9,25,44,34,8,18,9,7,8,48,41,36,11,12,6,1
2025-04-22 16:23:31.31,s,1,3,11,17,13,32,34,9,-13,-5,8,34,19,25,35,7,-9,0,26,31,18,26,25,38,-9,2,22,34,4,20,21,1,13,28,45,39,11,20,13,10,7,49,42,36,14,22,14,2
2025-04-22 16:23:31.32,s,1,8,20,30,18,32,46,11,-32,-5,24,54,21,39,37,10,-9,9,40,46,17,33,30,48,-6,3,45,46,11,29,21,1,17,36,57,38,14,31,20,17,12,52,47,35,14,27,20,1
2025-04-22 16:23:31.33,s,-3,6,16,30,20,33,55,11,-37,-5,29,81,28,53,47,16,0,18,61,62,18,45,41,58,1,6,64,69,16,38,28,0,28,59,73,54,19,32,24,20,15,71,62,43,16,33,17,0
2025-04-22 16:23:31.34,s,3,22,35,48,37,51,76,29,6,2,41,103,43,73,67,19,9,39,82,80,47,59,51,68,6,8,85,83,21,49,38,1,33,76,92,64,22,34,27,21,23,97,73,55,18,33,19,3
2025-04-22 16:23:31.35,s,3,13,32,43,43,79,104,24,-27,3,45,117,47,94,90,24,13,53,103,88,40,71,64,78,8,12,108,105,31,59,42,1,46,97,114,75,26,40,26,19,31,111,98,62,18,32,12,0
2025-04-22 16:23:31.36,s,2,20,35,49,46,87,107,22,-34,10,49,126,52,108,102,27,13,59,117,97,40,73,73,84,9,12,117,116,33,65,43,2,48,106,126,80,29,37,24,24,28,119,101,66,20,29,14,2
2025-04-22 16:23:31.37,s,2,19,40,58,53,94,115,28,11,13,56,131,61,116,114,29,17,62,116,99,67,81,82,83,8,12,118,115,39,71,52,2,45,103,122,83,32,43,30,25,31,114,99,69,21,33,18,1
2025-04-22 16:23:31.39,s,3,33,48,69,54,95,106,23,-14,16,57,145,61,112,102,28,14,58,115,108,53,78,78,79,10,10,118,120,41,70,49,1,43,98,121,82,36,48,32,32,25,115,95,66,23,36,20,3
2025-04-22 16:23:31.40,s,2,22,35,59,48,77,97,16,-34,9,49,137,56,98,92,24,12,52,108,102,41,74,70,72,9,11,117,113,37,70,43,3,43,98,117,84,32,52,31,30,26,113,98,62,23,38,20,1
2025-04-22 16:23:31.41,s,1,17,35,59,47,79,89,21,5,8,51,137,56,95,82,21,15,54,116,105,59,74,62,70,7,11,119,120,38,68,47,1,50,107,126,85,33,48,29,19,34,118,105,66,20,38,15,2
2025-04-22 16:23:31.43,s,2,17,36,59,47,78,88,19,-15,5,48,141,55,94,81,21,13,55,116,105,48,69,59,68,6,14,120,122,36,67,42,0,53,108,132,86,30,50,22,18,32,123,106,68,18,35,12,3
2025-04-22 16:23:31.44,s,1,17,29,62,46,75,89,18,-37,3,45,142,51,96,78,18,10,56,115,106,43,69,60,66,9,12,122,126,38,69,38,3,51,113,130,90,34,45,24,17,34,126,106,74,17,34,12,2
2025-04-22 16:23:31.45,s,2,11,31,58,52,80,97,22,3,3,45,148,57,103,91,20,15,53,116,112,62,76,62,70,9,10,124,128,36,73,42,2,57,110,133,89,32,44,19,11,36,124,104,74,15,33,8,2
2025-04-22 16:23:31.46,s,4,24,35,71,59,89,105,24,-8,3,46,150,62,104,95,16,12,52,112,116,61,77,66,68,10,13,122,133,42,69,45,2,56,113,131,92,33,50,21,10,40,125,108,76,15,36,8,2
2025-04-22 16:23:31.47,s,2,26,34,72,61,89,105,22,-32,2,44,150,64,107,98,16,12,48,111,116,55,86,66,71,9,10,120,131,46,75,41,4,54,110,131,89,38,56,20,15,36,122,108,73,19,33,10,0
2025-04-22 16:23:31.48,s,1,9,23,56,55,80,95,20,-10,5,39,151,63,110,95,21,13,49,107,122,73,86,65,68,9,12,117,135,53,81,47,4,53,109,128,91,43,66,25,17,36,122,105,75,20,41,13,3
2025-04-22 16:23:31.49,s,17,40,45,82,71,91,106,32,5,5,42,153,68,111,89,18,13,47,103,121,80,90,64,67,9,10,112,136,56,86,49,4,54,103,123,89,45,67,29,17,36,123,98,74,27,44,16,3
2025-04-22 16:23:31.51,s,3,21,28,67,59,85,92,21,-32,-1,33,143,61,102,83,16,8,39,93,118,80,85,60,63,9,11,106,134,59,81,43,3,50,104,116,90,48,64,28,15,32,123,99,70,22,46,14,2
2025-04-22 16:23:31.52,s,-2,7,11,58,52,77,84,17,-20,-4,29,141,60,102,79,13,10,39,91,118,79,86,57,61,10,10,107,137,58,85,43,2,56,103,118,86,53,65,31,12,34,123,98,73,28,45,16,2
2025-04-22 16:23:31.53,s,4,18,23,70,62,86,94,29,4,1,30,147,70,101,81,13,13,41,89,124,80,92,58,62,11,9,104,136,63,82,46,4,54,105,119,88,53,69,25,12,36,122,99,72,31,50,14,3
2025-04-22 16:23:31.54,s,3,19,21,68,65,83,91,22,-29,-5,27,143,67,102,79,12,7,38,85,122,80,86,53,60,9,10,102,137,63,80,37,3,56,105,117,91,52,66,24,10,38,120,102,73,29,48,12,1
2025-04-22 16:23:31.55,s,1,2,12,58,60,81,94,19,-30,-8,24,146,64,107,84,10,7,34,87,123,83,93,57,63,9,10,103,142,66,87,40,3,56,101,122,90,53,70,23,9,37,123,99,78,29,48,14,0
2025-04-22 16:23:31.56,s,3,24,27,73,73,98,108,34,11,-2,29,158,76,116,99,16,11,37,96,127,89,100,64,67,7,8,108,141,70,91,47,2,54,105,124,90,58,69,26,8,35,124,101,78,30,51,12,2
2025-04-22 16:23:31.57,s,3,12,20,70,71,99,108,29,-31,-3,28,158,76,122,105,13,8,36,93,130,92,104,68,65,8,10,109,144,73,90,49,1,56,103,121,94,59,70,29,7,39,121,103,78,31,52,12,1
2025-04-22 16:23:31.59,s,1,16,17,71,66,99,106,21,-33,-7,24,155,69,123,101,13,4,34,91,122,91,99,65,67,4,8,107,140,67,91,43,4,50,105,118,91,54,70,24,7,37,120,101,74,30,47,11,1
2025-04-22 16:23:31.60,s,1,10,19,69,71,99,113,33,5,-5,31,158,72,127,102,11,8,38,90,128,89,100,69,67,9,9,107,139,65,91,47,1,56,102,119,90,53,66,24,6,35,123,97,76,30,46,10,2
2025-04-22 16:23:31.61,s,3,19,24,75,71,104,110,31,-21,-4,31,157,72,123,99,12,7,35,90,126,92,98,66,64,8,9,107,142,67,91,44,3,53,102,121,89,53,69,24,7,37,121,100,77,30,46,12,2
2025-04-22 16:23:31.62,s,-2,9,15,67,64,91,104,22,-41,-10,27,150,71,112,94,12,5,29,91,123,86,96,60,66,5,8,108,141,66,87,40,2,51,104,120,91,53,65,21,10,37,122,101,75,26,48,8,1
2025-04-22 16:23:31.63,s,-2,8,18,68,63,90,98,26,-1,-9,29,151,69,112,89,12,6,31,91,123,87,92,56,63,5,10,108,138,67,83,39,3,52,100,122,89,54,64,22,6,36,125,99,74,30,44,9,1
2025-04-22 16:23:31.64,s,2,11,20,68,62,93,100,25,-21,-9,31,154,67,109,90,9,4,31,89,127,87,91,56,63,4,8,109,139,67,84,37,2,51,105,123,92,54,66,20,7,37,121,100,80,30,45,12,0
2025-04-22 16:23:31.65,s,1,8,14,67,64,90,102,24,-44,-7,26,151,69,109,93,9,4,29,91,125,87,90,58,60,5,11,106,141,70,82,36,3,50,105,122,92,54,66,21,7,36,122,103,79,30,46,10,0
2025-04-22 16:23:31.67,s,2,8,16,70,63,95,103,26,-6,-10,28,158,70,114,100,10,6,31,92,127,89,90,59,62,3,11,108,142,69,80,41,2,53,100,124,89,53,65,17,6,34,122,103,75,28,44,7,1
2025-04-22 16:23:31.68,s,1,16,27,73,74,100,113,29,-15,-5,30,159,71,118,104,13,4,32,98,126,89,94,62,62,9,11,107,144,67,85,43,2,55,102,124,92,55,61,16,3,36,124,102,77,30,43,6,2
2025-04-22 16:23:31.69,s,0,12,21,71,70,96,111,27,-42,-7,28,158,69,119,103,13,2,27,96,125,88,91,59,64,2,8,110,139,68,81,37,1,53,101,124,90,52,62,16,4,33,124,102,75,30,42,3,1
2025-04-22 16:23:31.70,s,0,-5,11,58,61,89,99,21,-18,-14,38,156,68,119,98,9,2,27,95,127,88,93,59,63,4,9,111,140,67,82,39,2,53,102,124,94,54,62,19,4,37,123,102,79,27,42,5,2
2025-04-22 16:23:31.71,s,13,30,37,81,78,99,114,37,-5,-6,35,164,72,119,95,10,2,32,98,127,92,93,58,64,5,10,113,144,70,81,41,2,51,103,126,90,57,64,16,5,35,123,104,78,31,43,5,3
2025-04-22 16:23:31.72,s,0,8,23,69,70,90,104,25,-38,-11,32,157,73,112,90,8,1,28,97,124,93,90,56,62,3,10,111,145,70,83,37,4,49,105,127,91,59,64,17,7,33,123,103,76,33,45,6,0
2025-04-22 16:23:31.73,s,0,-1,14,63,58,89,96,22,-31,-10,28,159,69,108,92,13,-1,25,99,123,92,89,54,61,2,10,112,142,74,80,35,2,48,105,125,93,56,63,19,4,35,124,103,81,32,44,6,0
2025-04-22 16:23:31.74,s,2,11,28,73,68,94,103,32,-4,-4,36,162,75,109,93,9,4,33,99,129,94,89,54,60,2,10,114,146,73,81,40,0,51,102,128,93,56,65,19,8,36,123,103,81,30,46,7,2
2025-04-22 16:23:31.75,s,2,11,25,71,69,90,103,26,-35,-6,33,162,72,110,90,10,0,29,101,125,92,90,54,60,4,9,116,143,70,81,33,3,50,102,128,91,57,62,17,4,36,122,104,81,31,44,8,0
2025-04-22 16:23:31.76,s,0,-2,15,59,62,82,96,17,-37,-14,32,156,66,107,87,7,1,27,98,127,89,84,53,56,3,11,114,143,71,74,34,1,50,101,126,92,54,64,15,3,34,121,103,78,29,44,3,2
2025-04-22 16:23:31.78,s,4,18,35,77,75,94,102,32,6,-5,35,164,72,110,85,9,4,29,103,124,92,85,52,56,2,10,111,144,69,78,37,3,50,100,127,91,54,64,16,6,35,123,101,79,31,42,4,2
2025-04-22 16:23:31.79,s,2,9,24,72,66,88,100,24,-32,-10,35,159,69,106,86,11,-1,29,99,124,93,84,52,59,2,9,112,142,71,76,35,2,50,101,126,91,54,63,15,3,34,121,101,79,31,42,6,0
2025-04-22 16:23:31.80,s,2,13,24,68,66,82,97,18,-37,-12,33,156,69,102,84,7,0,25,95,123,93,83,52,57,3,11,111,142,70,76,31,3,47,100,125,89,58,61,13,6,32,121,100,80,32,43,4,1
2025-04-22 16:23:31.81,s,1,6,25,70,64,88,96,26,1,-8,32,160,70,105,84,11,0,27,97,124,91,85,51,59,1,10,109,143,71,75,40,1,47,99,124,88,58,61,17,9,34,120,99,79,31,43,6,2
2025-04-22 16:23:31.82,s,3,12,29,72,68,87,99,29,-24,-10,33,154,71,99,82,8,0,24,91,121,89,81,49,59,0,6,105,136,69,71,32,3,46,97,119,90,57,58,13,8,30,120,98,74,30,40,5,2
2025-04-22 16:23:31.83,s,-2,8,20,70,60,86,94,19,-45,-9,29,154,67,96,84,13,0,21,87,122,84,79,50,58,1,9,101,137,63,71,32,2,45,94,118,86,51,54,16,8,31,116,98,73,26,42,6,0
2025-04-22 16:23:31.85,s,0,8,25,66,65,83,99,26,-1,-8,33,154,64,103,83,11,3,26,87,122,85,81,53,58,4,9,98,136,63,70,38,1,47,93,114,85,50,57,15,7,28,118,92,70,28,40,5,2
2025-04-22 16:23:31.86,s,2,16,25,70,66,85,103,23,-18,-6,33,152,68,102,90,10,7,26,85,121,83,80,57,60,5,9,94,133,60,70,52,2,44,95,112,82,48,56,14,9,28,117,91,67,26,36,6,2
2025-04-22 16:23:31.87,s,1,8,18,66,56,86,97,19,-42,-3,29,147,62,100,92,13,6,27,82,119,73,82,57,63,6,9,94,125,57,67,38,2,47,93,109,82,44,51,15,14,28,117,90,60,24,34,7,0
2025-04-22 16:23:31.89,s,-2,13,23,68,55,87,103,27,-2,1,37,150,62,105,97,17,10,33,87,113,70,82,62,70,6,8,96,122,47,67,44,1,48,91,110,75,40,49,16,11,34,114,87,60,19,33,8,3
2025-04-22 16:23:31.90,s,1,29,36,81,68,101,118,29,-4,6,44,156,60,115,106,20,13,41,90,115,68,86,72,78,8,10,96,122,48,71,50,0,54,94,111,76,35,51,23,19,36,114,91,59,19,31,9,2
2025-04-22 16:23:31.91,s,3,20,35,72,62,96,115,25,-27,13,42,157,61,119,119,23,15,42,95,112,62,88,83,83,9,8,101,115,43,77,51,3,53,98,109,73,33,51,27,25,35,114,91,53,19,35,10,2
2025-04-22 16:23:31.92,s,1,10,20,64,48,98,112,22,-2,17,46,161,60,130,125,28,16,53,103,113,61,98,92,89,12,10,106,114,42,84,57,3,50,102,113,72,36,55,31,27,35,117,92,56,18,37,14,1
2025-04-22 16:23:31.93,s,13,40,53,86,69,118,132,39,14,22,54,163,65,140,138,32,21,56,108,110,60,106,107,96,14,10,107,112,41,87,65,3,54,98,116,71,33,54,35,32,37,113,94,59,16,35,14,5
2025-04-22 16:23:31.94,s,2,21,35,73,56,110,124,27,-25,17,48,149,57,136,134,30,16,51,107,101,45,100,105,98,10,8,106,101,29,82,64,2,53,97,111,66,20,48,35,31,37,112,92,49,9,30,12,0
2025-04-22 16:23:31.95,s,1,12,28,64,47,103,123,27,-13,13,44,145,52,131,134,30,13,53,104,98,49,95,106,99,10,9,106,98,26,79,63,3,48,97,109,62,17,41,31,32,32,113,90,48,7,25,11,1
2025-04-22 16:23:31.96,s,3,20,39,66,54,95,127,34,13,14,51,134,55,119,135,33,14,51,104,92,61,84,104,96,8,10,101,91,21,64,60,0,45,84,102,60,17,23,28,28,30,103,82,47,1,13,6,2
2025-04-22 16:23:31.97,s,1,16,35,58,40,74,107,23,-26,6,41,116,44,94,118,30,9,43,96,80,31,61,84,90,5,8,90,78,14,41,47,0,37,70,85,47,10,12,20,27,18,88,68,39,2,5,7,3
2025-04-22 16:23:31.99,s,0,2,9,31,14,43,73,11,-32,-2,22,73,28,56,76,15,7,30,66,47,13,25,45,62,3,6,60,46,7,16,20,1,27,52,53,30,4,6,12,18,13,65,50,19,0,4,4,2
2025-04-22 16:23:32.00,s,3,10,15,19,20,26,50,13,-2,-7,9,36,19,30,34,6,2,19,34,20,19,18,24,39,-1,3,32,21,2,10,15,1,18,33,39,18,5,8,5,9,14,54,38,22,3,4,2,1
2025-04-22 16:23:32.01,s,2,4,5,6,8,21,33,7,-28,-10,1,13,15,17,21,1,-3,8,18,16,8,12,18,30,0,2,20,24,3,6,8,-1,21,37,51,38,12,6,3,1,15,66,51,36,11,10,-3,2
2025-04-22 16:23:32.02,s,1,1,1,-2,6,8,21,-1,-34,-13,-4,-2,8,1,12,0,-11,-7,7,6,-3,5,10,27,-6,2,16,23,2,2,0,1,11,34,50,44,13,2,0,2,11,52,49,42,10,8,-2,0
2025-04-22 16:23:32.03,s,-1,0,-2,-5,4,8,14,2,-15,-8,-5,-3,5,1,7,-4,-6,-13,2,4,7,3,5,15,-6,1,10,21,0,-2,-3,0,9,22,40,39,9,3,-4,-4,5,31,36,36,8,6,-1,0
2025-04-22 16:23:32.04,s,0,6,-3,1,6,11,6,-5,-22,-6,-8,-6,8,-2,-2,-10,-2,-8,-1,1,0,-3,-3,4,-6,2,6,18,-1,-3,-7,1,6,15,31,29,10,-2,-11,-8,1,20,23,26,10,4,-5,1
2025-04-22 16:23:32.05,s,0,-2,-4,-5,1,7,0,-15,-32,-16,-10,-11,7,-9,-4,-11,-3,-7,-3,-1,-8,-7,-8,-2,-6,0,4,14,-4,-6,-11,-2,3,11,16,27,5,-3,-11,-16,-1,15,13,23,4,1,-6,0
2025-04-22 16:23:32.06,s,0,-3,-4,-6,4,6,-5,-6,-19,-16,-10,-11,1,-7,-7,-12,-3,-2,2,1,-1,-6,-8,-6,-7,-1,6,11,-4,-8,-8,-2,2,5,13,20,3,-4,-14,-18,-1,13,6,19,4,0,-6,0
2025-04-22 16:23:32.08,s,-2,1,0,-4,7,6,-2,-7,-22,-15,-10,-5,5,-7,-7,-10,-4,2,10,4,1,-6,-7,-5,-5,0,11,19,2,-8,-7,0,3,9,17,25,8,-1,-14,-15,-4,14,7,23,8,4,-4,2
2025-04-22 16:23:32.09,s,-2,-3,-8,-3,-1,6,-9,-11,-37,-19,-7,-9,3,-7,-12,-9,-3,0,8,6,-4,-8,-7,-7,-5,0,13,19,4,-6,-12,0,5,14,18,31,9,3,-10,-15,-1,19,9,26,11,2,-1,2
2025-04-22 16:23:32.10,s,-3,-3,-6,-6,-2,6,-11,-5,-24,-14,-8,-7,5,-12,-13,-12,-3,1,7,7,1,-7,-11,-8,-6,2,10,15,2,-10,-8,-3,3,7,16,27,6,-4,-11,-17,-3,19,7,24,9,0,-2,1
2025-04-22 16:23:32.11,s,1,-2,0,-1,2,6,-13,-5,-24,-16,-8,-6,1,-11,-14,-14,-2,-1,6,6,-2,-5,-11,-9,-3,0,8,13,-2,-10,-9,-1,3,7,12,20,5,-3,-16,-18,-4,15,8,18,4,2,-4,0
2025-04-22 16:23:32.12,s,2,1,1,1,1,6,-12,-6,-35,-14,-8,-10,4,-15,-12,-16,-4,-5,4,2,-11,-8,-11,-13,-7,1,2,10,-4,-13,-14,-3,0,3,9,17,1,-2,-18,-21,-5,12,-1,17,6,-3,-5,0
2025-04-22 16:23:32.14,s,-3,-15,-21,-14,-11,-5,-18,-11,-34,-18,-13,-7,-2,-14,-14,-11,-6,-7,5,0,-7,-11,-13,-13,-8,2,1,12,-3,-16,-11,-3,1,4,8,20,4,-4,-16,-23,-5,13,1,19,7,-2,-6,0
2025-04-22 16:23:32.15,s,4,12,4,5,4,9,-7,6,-16,-14,-2,-5,6,-13,-10,-13,-1,0,8,9,1,-6,-10,-11,-4,0,5,18,-3,-10,-10,0,1,7,13,20,6,-2,-14,-21,0,16,2,21,6,2,-5,3
2025-04-22 16:23:32.16,s,1,1,-5,0,-1,5,-8,-5,-33,-16,-6,-4,4,-13,-9,-12,-3,2,8,9,-4,-8,-11,-9,-6,0,10,17,2,-11,-11,2,3,7,14,23,5,-3,-10,-16,0,15,8,20,8,0,-2,2
2025-04-22 16:23:32.17,s,-2,-5,-7,-7,-2,2,-10,-9,-32,-16,-5,-6,4,-10,-9,-9,-3,1,12,9,-6,-8,-7,-8,-5,1,10,21,4,-10,-10,0,6,13,13,27,6,-3,-15,-16,-2,20,7,21,9,0,-2,0
2025-04-22 16:23:32.18,s,0,-2,-4,0,-1,8,-8,1,-13,-14,-1,-1,5,-6,-5,-10,2,7,11,14,9,-5,-5,-6,0,1,11,19,3,-8,-5,1,5,13,17,25,6,2,-10,-13,1,19,9,21,8,5,-1,2
2025-04-22 16:23:32.19,s,1,-4,-1,-1,2,6,-5,-7,-30,-12,-7,-1,5,-9,-4,-9,1,4,10,6,-2,-3,-8,-5,-3,-2,12,19,-1,-8,-8,1,3,14,14,24,9,-4,-9,-16,2,18,7,22,9,3,-1,0
2025-04-22 16:23:32.20,s,0,-9,-7,-8,-1,0,-10,-13,-34,-16,-9,-6,4,-15,-9,-12,-2,-1,5,4,-9,-8,-8,-10,-3,0,7,13,-1,-12,-11,0,1,5,12,19,2,-2,-13,-16,-3,14,3,18,4,2,-3,0
2025-04-22 16:23:32.22,s,2,4,1,-2,4,2,-9,2,-12,-15,-8,-4,1,-12,-7,-11,-6,-5,4,1,0,-7,-12,-9,-7,0,-2,8,-5,-13,-8,-3,-1,-1,2,11,1,-8,-18,-21,-6,10,0,9,3,-5,-5,3
2025-04-22 16:23:32.23,s,1,-6,-6,-7,0,1,-13,-9,-27,-17,-5,-7,4,-15,-10,-15,-4,-6,0,2,-11,-7,-13,-12,-7,0,-1,7,-6,-12,-10,-3,0,-1,0,12,0,-5,-13,-22,-7,7,-3,14,1,-2,-3,0
2025-04-22 16:23:32.24,s,1,-2,-4,-5,-2,1,-18,-11,-39,-18,-7,-9,0,-18,-12,-13,-8,-6,0,1,-13,-11,-13,-13,-7,0,0,11,-4,-13,-12,0,-3,-2,6,13,3,-3,-15,-17,-6,6,-9,15,8,-1,-5,2
2025-04-22 16:23:32.25,s,-2,-4,-6,-2,-4,0,-12,1,-19,-18,-5,-6,4,-15,-10,-11,-8,-4,1,3,-2,-8,-9,-12,-8,1,2,9,0,-12,-10,0,-3,-20,5,13,4,-3,-13,-17,-4,7,-1,16,4,-3,-2,2
2025-04-22 16:23:32.26,s,1,3,0,-1,2,5,-12,-2,-25,-16,-3,-6,5,-14,-6,-9,-7,-6,5,1,-4,-5,-10,-9,-9,0,3,8,-1,-12,-9,-1,-2,0,3,15,3,-4,-11,-20,-4,9,0,14,7,0,-5,0
2025-04-22 16:23:32.27,s,-2,-2,-7,0,0,5,-12,-9,-35,-15,-5,-5,1,-10,-8,-11,-7,-9,3,0,-11,-7,-10,-11,-8,1,-1,10,-5,-10,-11,0,-1,0,5,9,0,-3,-16,-21,-6,5,-1,11,6,-5,-3,0
2025-04-22 16:23:32.28,s,0,2,-4,1,-1,7,-12,0,-19,-15,-5,-3,1,-9,-7,-11,-9,-5,1,-1,-1,-6,-10,-11,-7,1,-2,9,-5,-10,-6,-2,0,-3,4,11,0,-5,-17,-21,-5,6,1,14,3,-5,-4,2
2025-04-22 16:23:32.30,s,1,2,-2,3,1,9,-8,1,-25,-12,-4,-4,3,-7,-6,-10,-10,-5,1,-1,-2,-6,-10,-10,-11,2,-1,7,-2,-12,-9,0,-5,1,4,9,4,-8,-15,-22,-5,4,-2,15,1,-2,-5,1
2025-04-22 16:23:32.31,s,-2,0,-7,0,-1,7,-13,-10,-33,-16,-8,-3,1,-9,-9,-8,-10,-8,0,0,-11,-9,-7,-9,-7,-2,1,9,-2,-12,-12,-2,-3,-2,1,12,2,-5,-15,-21,-6,8,-2,15,7,-4,-6,2
2025-04-22 16:23:32.32,open,0,-5,-5,-6,-2,2,-13,-4,-21,-17,-9,-4,3,-10,-7,-10,-10,-7,2,1,-3,-5,-10,-6,-8,-2,2,8,-1,-12,-9,1,-5,3,6,13,1,-3,-16,-18,-5,7,-2,18,5,0,-4,2
2025-04-22 16:23:32.33,open,0,3,-4,2,0,7,-11,-1,-22,-13,-6,-2,4,-13,-5,-9,-8,-9,4,2,-2,-4,-6,-10,-5,1,2,10,1,-9,-7,0,0,-1,9,17,4,-2,-13,-17,-4,8,4,18,6,1,-4,3
2025-04-22 16:23:32.34,open,1,3,-2,2,2,3,-9,-7,-31,-18,-5,-5,0,-10,-11,-12,-9,-8,0,-2,-7,-7,-9,-11,-7,1,0,14,-1,-9,-8,-2,-1,2,8,21,6,-2,-12,-18,-1,9,5,19,8,1,-4,2
2025-04-22 16:23:32.35,open,-3,-18,-17,-15,-7,-4,-17,-12,-30,-21,-7,-7,0,-12,-10,-11,-11,-8,0,0,-6,-7,-12,-10,-8,-2,2,10,-1,-9,-11,0,-2,4,8,17,5,1,-14,-17,-4,11,5,19,8,1,-5,1
2025-04-22 16:23:32.37,open,4,9,4,6,5,10,-6,6,-16,-11,-3,-4,7,-12,-3,-12,-7,-7,2,4,0,-3,-8,-9,-10,2,2,10,-3,-8,-7,0,-2,4,8,15,5,-2,-13,-20,-1,10,3,20,6,2,-3,2
2025-04-22 16:23:32.38,open,1,3,-2,1,4,5,-9,-7,-29,-15,-5,-2,5,-13,-6,-9,-7,-7,2,0,-9,-4,-8,-11,-6,0,3,12,-1,-10,-8,-3,0,1,9,18,4,1,-13,-19,-3,12,2,18,9,-2,-3,2
2025-04-22 16:23:32.38,open,0,-5,-6,-7,1,4,-13,-9,-29,-18,-5,-7,5,-10,-4,-9,-7,-8,1,-2,-7,-6,-10,-9,-7,1,3,11,-3,-10,-8,-2,1,3,6,20,6,-3,-13,-21,-1,11,3,19,7,1,-3,2
2025-04-22 16:23:32.39,open,0,2,-3,-2,4,6,-5,6,-13,-14,-2,-4,8,-8,0,-11,-4,-3,3,6,7,-2,-6,-9,-6,0,2,15,2,-8,-2,-2,2,4,9,18,4,1,-11,-20,-3,14,1,22,9,-2,-2,1
2025-04-22 16:23:32.40,open,2,8,-3,4,2,11,-7,-5,-25,-14,-2,-2,4,-5,-4,-9,-8,-5,4,0,-3,-3,-8,-7,-6,-1,6,13,-2,-8,-7,1,1,6,12,17,4,0,-15,-19,-1,11,6,22,7,2,-3,2
2025-04-22 16:23:32.42,open,0,-3,-4,0,-1,8,-9,-6,-37,-12,-7,-6,5,-11,-4,-12,-7,-9,5,0,-9,-2,-8,-5,-7,1,5,13,3,-8,-8,0,2,6,13,20,5,2,-12,-19,0,13,6,22,11,0,-2,0
2025-04-22 16:23:32.43,open,1,5,3,0,5,7,-5,7,-13,-10,-3,-1,5,-5,-3,-8,-8,-2,5,4,3,0,-5,-9,-5,0,3,15,-1,-5,-2,-3,3,6,9,23,5,2,-11,-18,0,13,3,24,9,2,-2,2
2025-04-22 16:23:32.44,open,0,4,-5,2,0,9,-8,-2,-30,-11,-5,-2,3,-7,-6,-9,-9,-7,4,0,-2,-4,-8,-7,-8,2,4,13,3,-8,-7,0,-1,9,12,19,7,3,-10,-15,-2,15,7,21,11,4,-1,2
2025-04-22 16:23:32.45,open,1,-3,-8,-2,-3,6,-9,-7,-37,-13,-7,-4,4,-13,-11,-10,-9,-8,0,2,-10,-5,-6,-6,-7,1,5,10,2,-8,-11,-2,0,6,13,20,6,3,-12,-16,-3,15,7,19,12,4,-2,1
2025-04-22 16:23:32.46,open,0,-4,-6,1,-1,7,-11,1,-18,-12,-4,-3,5,-12,-5,-12,-7,-8,1,2,-2,-3,-8,-6,-7,0,4,13,-3,-7,-3,-3,1,4,12,18,6,0,-12,-19,0,14,5,20,8,2,-4,0
2025-04-22 16:23:32.47,open,1,2,2,0,4,7,-10,-3,-21,-12,-6,-1,1,-9,-6,-11,-8,-5,1,3,-4,-3,-5,-9,-5,1,2,11,1,-9,-5,-2,2,5,9,21,6,2,-12,-15,-4,12,6,20,11,2,-3,2
2025-04-22 16:23:32.48,open,-2,3,-5,2,1,8,-9,-6,-35,-16,-3,-5,3,-10,-6,-9,-9,-10,3,-1,-9,-5,-7,-9,-7,2,2,13,-2,-8,-7,-2,3,3,12,19,6,1,-11,-16,-1,12,6,21,8,4,-5,2
2025-04-22 16:23:32.49,open,0,-3,-5,-1,1,3,-8,2,-18,-14,-3,-5,3,-8,-5,-10,-8,-3,2,3,0,-2,-7,-6,-8,2,3,15,1,-8,-5,-3,3,4,13,22,9,0,-11,-17,-4,18,5,23,10,2,-4,2
2025-04-22 16:23:32.50,open,0,5,-3,4,4,11,-8,0,-23,-13,-2,-3,7,-8,-2,-8,-4,-6,3,3,-2,-1,-5,-5,-7,-2,6,11,4,-6,-4,-2,5,6,13,23,9,1,-10,-17,1,13,9,22,11,2,-4,2
2025-04-22 16:23:32.53,open,1,-3,-7,-1,-1,8,-9,-8,-32,-15,-3,-5,6,-10,-4,-10,-10,-5,1,3,-10,-2,-6,-5,-5,0,5,15,-1,-5,-5,-3,5,6,15,22,8,2,-12,-14,-1,16,7,25,10,5,-2,2
2025-04-22 16:23:32.54,open,1,-2,-5,0,0,7,-10,2,-22,-15,-4,-5,6,-9,-1,-11,-5,-6,3,4,1,-4,-4,-8,-4,1,6,15,0,-6,-3,-2,5,5,13,25,6,3,-8,-17,0,17,7,23,9,1,-1,1
2025-04-22 16:23:32.55,open,2,6,0,6,2,10,-10,-2,-20,-15,-2,-3,5,-8,-6,-10,-7,-6,1,5,-1,-2,-4,-8,-5,2,3,15,2,-7,-2,-2,3,8,14,22,5,3,-9,-14,0,13,9,24,10,1,0,2
2025-04-22 16:23:32.56,open,2,2,2,0,5,6,-6,-6,-31,-16,-3,-4,6,-10,-8,-8,-11,-9,3,-1,-7,-4,-7,-6,-7,1,3,13,-2,-7,-5,-2,2,6,9,23,6,-1,-9,-17,0,15,5,22,12,2,-3,2
2025-04-22 16:23:32.57,open,-2,-19,-15,-14,-7,-3,-15,-7,-31,-18,-6,-7,4,-13,-5,-11,-8,-9,1,0,-8,-7,-6,-9,-6,0,0,13,-1,-9,-5,-2,2,6,10,23,9,0,-12,-16,-2,16,4,24,10,1,-1,1
2025-04-22 16:23:32.59,open,4,6,6,2,6,11,-8,5,-13,-12,-1,-3,6,-9,-2,-9,-9,-5,2,6,4,-2,-5,-6,-7,2,4,14,-1,-6,-2,-3,3,6,10,23,7,1,-10,-15,-1,16,4,25,12,1,-2,4
2025-04-22 16:23:32.60,open,0,3,0,0,0,9,-10,-6,-27,-12,-7,-1,1,-9,-7,-7,-11,-5,2,3,-4,-4,-8,-8,-8,0,6,15,-1,-6,-8,0,0,9,12,21,7,2,-11,-13,-3,16,6,24,11,1,-1,2
2025-04-22 16:23:32.61,open,0,-3,-5,0,-2,6,-14,-6,-33,-12,-8,-6,4,-13,-4,-11,-8,-10,3,0,-7,-3,-6,-6,-7,-1,6,13,3,-7,-8,-2,2,6,13,25,7,2,-11,-13,-1,16,8,24,10,5,-2,0
2025-04-22 16:23:32.62,open,0,-4,-1,-1,2,6,-5,8,-16,-8,-2,-3,7,-8,0,-9,-7,-2,8,6,5,0,-6,-6,-7,1,5,18,3,-8,-1,-2,5,10,12,27,8,4,-8,-16,1,16,7,25,12,2,-4,1
2025-04-22 16:23:32.63,open,1,4,-1,3,2,6,-7,-2,-26,-13,-7,-2,3,-7,-6,-9,-10,-5,4,1,-3,-3,-6,-4,-5,1,4,16,1,-8,-3,-4,5,7,15,23,10,3,-10,-15,-3,18,10,23,12,4,-1,1
2025-04-22 16:23:32.64,open,0,-4,-7,-2,-2,3,-9,-8,-33,-16,-4,-6,5,-11,-4,-10,-7,-7,0,2,-10,-2,-3,-9,-5,1,3,16,1,-9,-4,-3,3,9,13,25,8,0,-10,-16,-1,17,6,26,12,1,-1,0
2025-04-22 16:23:32.65,open,1,2,-1,-2,4,7,-8,6,-13,-14,-2,-4,4,-9,-1,-10,-10,-5,1,4,3,-2,-7,-6,-8,1,4,14,1,-8,-4,0,2,3,13,20,4,2,-10,-14,-3,14,6,20,11,1,-4,2
2025-04-22 16:23:32.66,open,2,0,0,-1,4,6,-6,-1,-25,-12,-3,-2,4,-7,-3,-10,-7,-9,4,2,-6,0,-6,-5,-6,1,4,13,1,-8,-3,-2,3,5,12,22,6,1,-9,-16,0,14,5,22,12,2,-4,1
2025-04-22 16:23:32.67,open,0,-7,-6,-5,-1,2,-9,-11,-33,-13,-7,-2,4,-10,-7,-9,-10,-9,2,0,-12,-2,-6,-6,-9,0,6,10,2,-8,-9,0,1,3,12,23,6,2,-11,-13,-1,11,8,21,9,4,-2,2
2025-04-22 16:23:32.69,open,0,-5,-3,-5,1,2,-8,2,-15,-14,-3,-2,3,-7,-2,-11,-7,-10,4,1,3,-3,-7,-9,-5,1,4,12,-2,-6,-3,0,3,4,14,21,6,3,-10,-13,-1,11,9,22,9,1,-4,0
2025-04-22 16:23:32.70,open,0,5,-3,3,0,11,-9,-2,-21,-13,-2,-3,4,-9,-2,-10,-9,-7,2,1,-4,0,-6,-9,-7,1,1,12,1,-8,-2,-3,5,5,10,22,8,1,-8,-17,0,14,5,24,11,0,-1,2
2025-04-22 16:23:32.71,open,0,1,-1,0,3,5,-6,-5,-35,-11,-4,-5,6,-10,-4,-9,-9,-13,2,1,-11,-2,-4,-6,-5,0,4,13,-2,-6,-4,-2,5,4,13,23,6,3,-10,-17,0,13,5,26,10,2,-3,1
2025-04-22 16:23:32.72,s,0,0,-3,0,0,9,-7,4,-19,-10,-7,0,3,-5,-1,-9,-8,-9,3,3,1,-4,-3,-6,-6,0,2,15,-1,-6,-2,-2,2,6,10,26,8,0,-10,-17,0,16,5,28,10,5,-3,3
2025-04-22 16:23:32.73,s,1,4,-3,1,4,8,-2,-2,-22,-11,-3,-2,5,-4,-2,-10,-9,-9,0,3,-3,-3,-3,-5,-6,0,3,14,-1,-5,-2,0,2,9,12,26,9,-1,-11,-15,-1,17,8,25,13,2,-3,2
2025-04-22 16:23:32.74,s,-3,2,-5,3,-1,10,-6,-3,-37,-11,-7,1,1,-4,-3,-9,-12,-10,0,0,-8,-2,-4,-4,-10,1,3,13,-2,-3,-5,-2,3,4,12,25,7,3,-8,-17,0,17,7,27,11,3,-1,1
2025-04-22 16:23:32.75,s,0,-1,-3,-2,1,7,-2,3,-23,-10,-4,-3,7,-6,4,-9,-10,-13,2,6,-1,0,0,-5,-7,1,2,16,1,-5,-3,-3,3,7,14,22,9,3,-10,-12,-4,19,7,28,12,0,-4,2
2025-04-22 16:23:32.76,s,1,5,2,1,5,10,-4,-1,-20,-10,-1,1,7,-3,2,-7,-11,-10,2,9,0,3,1,1,-8,0,7,15,4,-4,4,-2,6,10,15,28,10,2,-3,-9,3,18,9,30,14,4,0,2
2025-04-22 16:23:32.77,s,2,6,4,4,7,12,6,1,-32,-6,-1,5,7,-4,5,-4,-12,-11,1,4,-5,0,3,0,-11,0,7,15,-1,-1,-2,0,2,13,18,25,8,6,-4,-6,-1,20,12,27,8,5,-1,3
2025-04-22 16:23:32.78,s,-3,-14,-12,-10,-2,8,1,-3,-30,-10,0,2,6,1,9,-3,-16,-13,3,5,-4,4,2,3,-10,2,8,17,4,3,3,-2,7,15,20,30,11,8,3,-2,2,23,12,32,11,9,4,1
2025-04-22 16:23:32.79,s,3,12,11,8,13,18,17,14,-13,-2,3,12,9,10,12,0,-9,-11,5,12,7,9,9,6,-7,2,7,19,5,2,7,-1,8,19,24,29,12,12,3,2,3,27,21,28,14,9,2,3
2025-04-22 16:23:32.80,s,0,6,4,7,10,19,22,4,-29,-3,2,13,12,13,16,2,-12,-11,5,12,1,13,13,13,-8,1,7,24,4,10,8,1,8,21,31,34,17,17,8,4,7,30,27,34,17,16,4,3
2025-04-22 16:23:32.82,s,0,-1,2,6,11,25,27,-1,-26,-6,5,14,12,19,20,2,-15,-6,10,16,5,16,14,20,-10,2,13,29,8,14,15,-3,14,27,33,42,22,21,11,6,11,41,30,42,19,19,10,2
2025-04-22 16:23:32.83,s,1,3,9,10,15,30,32,8,-8,0,6,22,16,23,27,1,-10,-1,17,19,15,19,16,21,-8,2,12,22,4,15,18,2,13,23,32,37,16,19,13,6,9,41,30,36,16,24,12,3
2025-04-22 16:23:32.84,s,2,4,7,14,13,26,36,8,-27,-7,7,21,17,22,25,0,-11,-2,17,15,3,19,18,25,-10,1,12,21,0,12,14,2,13,25,31,33,12,14,8,0,10,44,31,35,14,12,7,2
2025-04-22 16:23:32.85,s,0,1,0,13,7,30,33,5,-34,-11,8,26,14,22,31,4,-11,-1,21,20,-4,20,20,30,-12,3,19,18,-3,14,14,0,13,27,34,27,6,13,5,3,11,44,35,30,7,9,3,2
2025-04-22 16:23:32.86,s,2,5,16,19,17,32,45,13,-6,-5,16,37,20,31,41,6,-7,11,32,34,20,25,27,40,-7,2,31,30,3,20,24,-2,19,33,42,36,10,15,13,10,14,52,46,38,8,14,7,3
2025-04-22 16:23:32.87,s,0,9,17,31,16,40,51,17,-25,4,25,62,23,45,48,16,-2,22,51,46,21,36,40,54,1,4,54,52,13,30,27,0,26,44,56,44,18,27,23,22,20,60,52,41,11,29,20,2
2025-04-22 16:23:32.88,s,1,6,18,35,19,41,60,17,-33,8,32,93,30,55,59,22,5,30,72,66,21,49,50,66,0,8,70,75,18,40,37,2,28,60,74,53,22,34,29,33,17,75,59,50,19,32,23,1
2025-04-22 16:23:32.89,s,0,12,35,46,34,48,75,24,3,14,45,116,46,69,78,24,16,44,89,90,52,62,59,76,5,7,91,91,29,53,46,3,32,74,88,67,34,41,37,35,25,85,74,58,23,38,24,2
2025-04-22 16:23:32.91,s,3,26,43,60,40,57,78,24,-16,21,53,129,46,76,77,25,15,56,111,92,48,60,61,73,9,10,98,102,34,54,44,3,35,82,97,71,33,41,35,37,21,103,75,57,23,38,23,2
2025-04-22 16:23:32.92,s,2,22,40,63,39,69,83,16,-31,17,53,126,49,81,77,24,13,57,106,94,38,61,61,71,9,10,103,103,31,55,40,0,41,85,102,67,26,40,33,33,24,99,81,50,18,34,20,2
2025-04-22 16:23:32.93,s,3,18,41,57,42,66,78,18,3,14,51,124,49,80,77,21,12,55,103,90,52,60,56,63,9,10,101,95,26,50,43,1,42,91,99,62,19,34,27,24,25,100,82,43,10,25,12,2
2025-04-22 16:23:32.95,s,2,24,41,57,49,71,88,24,-14,12,46,129,52,86,77,22,13,51,106,89,46,61,53,69,7,11,107,99,31,50,36,3,46,101,112,70,25,32,20,16,33,113,92,58,14,26,10,3
2025-04-22 16:23:32.96,s,2,17,28,58,46,72,83,16,-34,10,48,139,56,89,77,20,16,60,112,104,46,66,56,71,13,12,120,131,43,56,35,3,55,113,133,86,37,40,21,21,35,121,107,75,22,32,7,1
2025-04-22 16:23:32.97,s,2,17,31,62,54,80,91,24,0,17,52,153,64,99,92,22,20,68,121,114,72,75,60,74,12,12,128,131,53,64,44,3,58,121,135,93,43,44,24,22,43,126,109,83,26,32,12,1
2025-04-22 16:23:32.98,s,4,32,43,71,70,94,108,29,-6,20,62,162,80,121,110,25,23,70,123,126,89,91,78,83,16,11,132,139,65,82,49,4,58,118,140,93,54,55,30,26,41,125,111,83,29,37,14,2
2025-04-22 16:23:32.99,s,2,31,41,78,76,97,105,24,-26,20,57,171,87,125,109,24,18,61,122,124,96,98,74,75,14,12,127,143,75,93,48,2,58,117,135,95,58,65,28,22,39,128,112,80,34,42,14,1
2025-04-22 16:23:33.00,s,0,11,23,64,70,87,95,20,-8,12,56,166,92,124,102,17,20,55,117,128,101,99,70,68,13,12,125,145,79,96,48,4,55,115,138,94,62,77,28,17,40,126,107,84,35,46,13,2
2025-04-22 16:23:33.01,s,5,34,42,83,84,96,100,32,10,12,51,170,89,123,91,16,17,53,116,126,103,96,60,61,13,12,124,144,78,91,48,2,60,114,135,94,60,73,21,11,41,123,111,82,33,45,8,3
2025-04-22 16:23:33.02,s,3,24,31,74,75,82,91,24,-27,5,43,159,82,111,82,12,14,47,106,122,97,91,54,60,11,10,124,139,78,87,36,4,59,115,137,91,60,65,17,3,41,125,111,82,33,45,5,2
2025-04-22 16:23:33.03,s,1,9,20,64,64,77,82,19,-18,3,38,150,80,103,75,10,17,45,99,126,94,91,51,59,10,13,120,139,77,85,33,4,61,115,136,91,57,65,17,1,45,124,109,84,32,43,7,2
2025-04-22 16:23:33.05,s,3,22,32,67,76,81,92,31,11,8,41,150,83,103,74,10,16,46,99,123,98,86,49,54,10,12,116,141,77,81,39,2,61,113,134,90,58,64,14,2,44,124,111,80,31,44,4,2
2025-04-22 16:23:33.06,s,1,19,23,66,73,86,92,26,-30,7,36,145,84,107,78,12,10,38,93,120,99,91,48,54,10,10,109,142,78,83,35,1,61,109,132,90,58,67,16,1,45,123,108,82,32,45,5,1
2025-04-22 16:23:33.07,s,1,9,21,60,79,86,97,21,-30,5,36,148,92,117,92,7,13,34,92,124,110,99,54,59,8,10,113,141,88,92,35,4,55,110,129,87,65,70,14,1,43,123,110,81,34,49,7,0
2025-04-22 16:23:33.08,s,3,30,37,76,97,104,112,34,17,9,45,159,104,136,105,8,16,39,100,130,121,109,63,60,8,12,116,144,98,102,45,3,58,111,129,94,70,80,22,3,45,122,109,84,38,54,7,3
2025-04-22 16:23:33.09,s,2,19,31,72,101,105,113,29,-24,7,44,163,105,144,106,10,12,35,99,130,126,114,62,60,6,13,116,149,99,106,44,4,55,111,130,91,75,77,23,-1,44,124,108,83,40,52,4,2
2025-04-22 16:23:33.11,s,0,12,23,63,96,104,108,24,-35,4,37,162,112,145,111,8,9,32,97,131,128,121,68,62,6,9,117,146,106,107,41,3,56,110,130,90,75,78,20,-2,47,122,110,84,39,54,6,0
2025-04-22 16:23:33.12,s,2,19,28,75,103,115,115,34,12,4,43,163,118,151,113,9,9,33,98,132,137,121,69,59,5,12,111,151,106,108,46,2,57,109,131,90,71,80,17,-1,44,122,108,83,39,52,4,2
2025-04-22 16:23:33.13,s,3,20,28,76,103,114,114,32,-19,4,34,162,111,148,109,8,5,29,91,131,132,117,64,61,4,9,111,147,102,105,39,3,55,106,131,89,73,75,14,-1,46,123,108,84,38,47,3,2
2025-04-22 16:23:33.14,s,1,13,20,68,96,110,111,28,-39,-4,35,154,111,142,111,11,4,22,91,126,127,115,65,62,4,10,110,146,103,103,36,4,56,109,130,88,74,75,13,-2,44,124,108,83,38,49,2,2
2025-04-22 16:23:33.15,s,-2,11,19,68,97,109,108,33,2,-3,33,154,112,140,110,8,6,25,90,129,132,113,64,62,4,9,109,147,101,99,44,1,57,107,132,89,73,73,13,-2,44,124,107,82,43,48,2,3
2025-04-22 16:23:33.16,s,2,17,27,72,102,111,115,36,-18,-2,36,157,114,143,107,8,5,24,91,130,131,115,62,62,2,11,108,151,103,102,44,1,57,108,131,90,73,76,14,-1,46,126,105,87,41,47,4,2
2025-04-22 16:23:33.17,s,1,4,20,65,103,110,113,27,-42,-4,33,158,114,146,110,8,0,22,90,127,132,117,65,64,2,10,105,150,107,105,40,2,56,107,126,91,73,75,15,-3,45,123,107,83,39,49,5,1
2025-04-22 16:23:33.19,s,2,10,22,68,108,117,115,33,-5,0,35,162,119,153,118,7,5,22,89,131,137,119,69,62,2,9,104,149,106,104,48,2,53,115,125,91,75,76,13,-1,43,124,105,81,41,49,1,2
2025-04-22 16:23:33.20,s,2,17,25,74,109,122,119,33,-16,1,34,165,123,156,118,8,4,19,92,130,140,125,72,66,1,7,103,147,107,105,44,3,50,105,126,88,75,74,14,-3,43,122,105,82,38,46,-3,1
2025-04-22 16:23:33.21,s,2,11,26,67,110,117,115,27,-38,-3,29,161,117,152,119,10,-3,15,85,127,133,120,68,61,1,10,98,149,102,105,41,1,53,102,121,91,72,72,8,-4,37,125,101,83,39,41,-2,0
2025-04-22 16:23:33.22,s,0,-6,10,57,102,110,115,27,-17,-6,31,159,116,156,116,7,0,19,84,131,134,121,69,61,1,9,101,147,106,103,43,1,49,105,125,90,74,73,9,-5,40,126,101,84,39,42,-1,1
2025-04-22 16:23:33.23,s,4,25,34,78,116,121,121,42,1,-3,36,161,122,150,116,8,2,17,89,129,136,122,65,62,-1,6,102,146,107,103,43,3,49,106,125,91,76,73,11,-5,44,124,103,83,38,47,-2,2
2025-04-22 16:23:33.24,s,2,11,21,72,105,114,111,32,-40,-4,29,156,118,144,110,5,-2,15,85,130,133,115,65,58,1,8,103,147,109,101,38,2,51,103,126,91,75,74,11,-6,43,124,105,86,41,44,-1,0
2025-04-22 16:23:33.25,s,2,3,17,67,101,109,107,27,-30,-6,27,157,112,138,108,6,-6,13,85,128,127,114,58,58,-5,9,102,146,105,96,35,3,48,105,124,86,72,69,7,-6,37,124,102,82,41,40,0,0
2025-04-22 16:23:33.26,s,1,13,31,74,112,114,119,42,2,1,32,163,118,143,113,8,-1,16,88,130,134,115,63,56,2,8,101,149,102,95,40,2,54,104,124,92,73,69,7,-5,42,125,104,81,39,43,-2,3
2025-04-22 16:23:33.27,s,2,12,24,75,105,115,113,30,-33,-5,35,161,114,144,110,7,-6,18,88,129,132,113,59,60,-4,9,104,144,103,98,35,3,50,102,127,86,73,71,11,-6,42,123,105,83,38,44,-1,2
2025-04-22 16:23:33.29,s,-2,5,15,66,101,105,110,24,-33,-8,32,157,113,144,111,8,-2,16,88,128,129,113,62,59,0,9,103,146,102,99,36,4,48,103,126,86,73,72,8,-1,40,123,104,84,39,43,-1,2
2025-04-22 16:23:33.30,s,2,18,28,74,105,117,114,37,8,-1,36,164,117,145,112,9,0,18,89,130,135,113,65,59,-2,9,102,149,102,96,41,2,49,103,124,90,72,69,8,-5,40,124,101,83,36,44,0,4
2025-04-22 16:23:33.31,s,2,12,26,72,106,112,112,29,-29,-7,35,158,111,144,106,6,-6,16,88,128,128,110,62,57,-1,9,102,148,100,95,35,3,48,104,122,91,69,69,12,-5,40,123,101,83,39,41,-3,2
2025-04-22 16:23:33.32,s,-2,5,15,66,98,105,109,26,-40,-6,31,161,110,144,105,5,-4,14,89,127,125,115,60,60,-4,8,104,146,100,98,34,2,49,105,124,91,72,68,11,-5,40,122,105,83,38,46,2,1
2025-04-22 16:23:33.33,s,1,5,27,70,103,109,111,33,1,-3,32,164,115,142,104,5,-1,18,90,131,135,113,59,59,-2,8,103,148,106,96,41,2,50,103,122,90,74,69,11,-6,40,123,102,83,39,46,0,2
2025-04-22 16:23:33.34,s,4,14,31,74,108,111,116,31,-21,-6,36,159,113,139,108,8,-4,15,92,127,128,114,60,56,1,9,103,150,101,97,37,1,53,103,122,89,74,70,9,-6,41,125,100,81,42,44,2,3
2025-04-22 16:23:33.35,s,1,10,24,67,104,108,112,26,-39,-8,32,158,109,139,107,5,-4,11,86,127,124,112,58,58,-4,7,100,144,100,94,32,4,48,102,122,85,70,69,7,-5,39,121,100,81,38,42,0,2
2025-04-22 16:23:33.37,s,1,6,23,68,104,109,114,34,-3,-3,32,158,115,141,110,5,-2,15,87,127,135,112,62,57,-1,11,98,147,102,95,39,2,50,100,121,88,74,69,8,-6,39,123,101,82,38,45,0,1
2025-04-22 16:23:33.38,s,2,16,28,75,107,117,118,35,-21,-1,34,164,113,147,109,6,-2,14,88,130,132,112,61,60,-3,8,100,145,102,97,37,3,47,100,121,88,73,68,12,-7,40,123,98,82,38,45,3,2
2025-04-22 16:23:33.39,s,0,10,20,70,100,110,111,26,-45,-7,33,157,110,139,109,6,-3,13,83,128,123,109,62,59,0,8,96,146,99,94,35,3,47,97,122,87,67,68,11,-1,37,120,98,80,34,45,-1,0
2025-04-22 16:23:33.40,s,0,11,21,72,96,111,114,33,-5,-2,36,158,108,143,111,9,1,18,88,126,121,109,62,63,-1,8,99,144,92,95,40,2,51,98,119,87,65,66,12,-1,37,118,97,77,34,43,-2,2
2025-04-22 16:23:33.41,s,2,12,29,70,92,107,112,34,-17,2,32,158,99,134,112,10,6,21,85,127,110,104,67,63,6,9,98,140,82,84,41,3,52,98,118,87,59,58,13,-1,40,122,97,79,31,38,2,2
2025-04-22 16:23:33.42,s,0,17,23,71,78,104,113,30,-38,-2,33,149,86,127,112,13,6,22,82,121,98,97,66,67,2,9,93,136,70,78,37,0,53,99,115,86,52,51,9,1,40,121,97,71,26,30,-2,0
2025-04-22 16:23:33.43,s,-2,-2,11,55,61,93,110,24,-10,1,32,151,71,127,116,16,9,25,87,118,85,90,69,72,4,10,96,130,57,74,39,2,53,100,114,81,43,41,7,6,41,115,98,69,18,18,0,1
2025-04-22 16:23:33.44,s,5,27,41,81,73,114,130,43,10,11,46,163,70,137,127,23,16,40,101,119,80,99,80,83,8,8,107,130,53,78,50,1,53,102,122,85,36,42,14,12,47,117,101,71,17,19,3,2
2025-04-22 16:23:33.45,s,2,24,34,72,68,112,129,34,-26,17,47,165,69,137,138,26,15,47,107,114,73,100,92,92,8,12,110,126,46,79,51,2,61,103,124,82,29,40,16,18,43,120,99,65,14,19,0,3
2025-04-22 16:23:33.46,s,0,16,27,69,58,112,129,29,-10,14,49,162,63,144,144,26,16,53,108,110,64,104,102,95,10,12,108,122,38,80,61,2,61,106,120,78,24,37,23,19,48,118,101,64,6,19,6,2
2025-04-22 16:23:33.48,s,3,26,43,78,70,122,141,42,19,17,55,162,69,148,151,28,22,58,115,112,70,109,110,103,13,11,112,117,30,86,66,2,61,108,120,74,21,35,23,20,47,120,99,60,3,16,2,3
2025-04-22 16:23:33.49,s,1,21,33,73,57,118,132,35,-25,12,46,146,62,142,148,28,17,53,109,99,45,105,110,100,13,11,108,102,25,79,60,3,57,107,118,64,16,30,21,20,48,120,97,56,-2,15,4,2
2025-04-22 16:23:33.50,s,0,6,25,58,50,104,126,27,-23,4,39,140,53,138,143,32,13,54,108,93,44,98,108,107,10,11,108,103,26,73,60,3,58,107,118,65,17,25,19,25,42,120,99,54,0,11,5,3
2025-04-22 16:23:33.51,s,1,20,34,68,52,105,126,37,13,6,39,130,54,123,138,28,15,54,105,90,59,85,99,100,10,11,104,95,21,58,56,1,55,98,111,64,12,12,19,23,40,115,94,50,1,3,2,3
2025-04-22 16:23:33.53,s,1,10,24,56,42,86,116,33,-27,-2,35,108,45,103,122,24,10,47,96,76,36,64,86,90,9,10,97,80,15,39,42,4,46,87,100,55,9,1,15,21,34,105,85,44,-4,0,3,2
2025-04-22 16:23:33.54,s,-2,2,11,36,28,62,95,23,-40,-6,24,77,35,75,105,18,8,37,80,58,17,37,60,78,3,6,80,58,9,20,24,3,34,66,81,41,2,0,9,18,20,89,68,34,-5,-4,-1,1
2025-04-22 16:23:33.55,s,-2,3,5,20,21,46,70,20,-2,-6,6,49,24,46,68,12,5,27,55,32,25,17,38,53,1,4,47,35,2,11,19,0,31,54,57,25,5,-8,5,12,17,73,57,25,-2,0,2,2
2025-04-22 16:23:33.56,s,2,10,12,11,23,35,56,19,-23,-3,0,23,18,26,41,6,4,15,35,21,12,12,27,44,1,4,32,29,2,7,12,0,28,54,60,34,10,1,1,2,18,76,57,35,7,1,-4,3
2025-04-22 16:23:33.57,s,0,-3,0,-3,13,19,40,7,-36,-12,-4,1,13,13,26,3,-7,-2,16,8,0,9,17,34,-4,2,19,26,-1,1,3,-1,23,44,55,41,11,-2,-1,-3,15,66,52,41,8,1,-1,1
2025-04-22 16:23:33.58,s,0,2,-3,-1,8,16,26,6,-10,-8,-9,-2,12,4,18,-3,-6,-9,4,6,11,3,9,24,-5,2,11,23,1,-1,0,0,17,31,47,37,10,-5,-5,-7,9,44,43,34,9,3,-5,1
2025-04-22 16:23:33.59,s,1,8,0,1,12,13,20,5,-19,-10,-9,-6,12,-3,5,-7,-7,-9,1,2,0,-5,2,8,-3,1,5,21,-3,-8,-5,-2,11,21,33,33,9,-7,-10,-14,3,28,28,27,9,2,-5,1
2025-04-22 16:23:33.60,s,0,-2,-4,-5,7,9,6,-9,-37,-13,-15,-7,5,-10,0,-12,-1,-5,1,0,-7,-6,-6,2,-4,1,6,17,-1,-7,-13,0,6,15,24,26,6,-4,-12,-15,1,20,14,25,8,-1,-4,0
2025-04-22 16:23:33.62,s,0,-6,-6,-8,4,3,-2,-5,-21,-18,-15,-7,3,-12,-5,-9,-2,-2,4,4,1,-9,-6,-6,-4,2,3,17,-2,-15,-10,-2,5,10,12,22,4,-10,-12,-18,-2,15,6,19,4,0,-4,1
2025-04-22 16:23:33.63,s,1,0,-6,-4,1,8,-7,-5,-23,-15,-12,-5,4,-13,-6,-12,1,3,10,10,5,-4,-9,-5,-4,0,12,19,3,-12,-7,-2,8,11,17,26,5,-3,-10,-18,2,16,11,22,8,3,-4,2
2025-04-22 16:23:33.64,s,2,2,1,-4,5,10,-5,-7,-34,-16,-13,-3,4,-14,-7,-10,1,5,11,11,-2,-8,-7,-4,-2,1,14,27,1,-12,-9,-1,7,18,20,33,10,-5,-11,-17,0,22,12,28,10,3,-5,0
2025-04-22 16:23:33.65,s,-2,-18,-19,-14,-4,-3,-12,-11,-31,-21,-11,-9,4,-16,-12,-11,-2,7,11,10,-1,-9,-11,-7,-4,0,16,24,2,-10,-13,-2,9,19,20,33,10,-5,-16,-18,0,25,12,27,9,1,-4,0
2025-04-22 16:23:33.66,s,1,4,3,2,5,10,-6,6,-13,-14,-5,-4,5,-15,-9,-11,5,8,16,18,9,-10,-7,-10,-2,3,15,26,-2,-10,-10,0,11,16,23,30,6,-4,-17,-17,4,21,15,25,10,4,-5,2
2025-04-22 16:23:33.68,s,0,2,-2,-1,5,6,-8,-5,-31,-16,-8,-5,6,-17,-10,-11,0,6,16,14,-3,-7,-11,-6,-1,1,19,31,1,-14,-12,0,11,18,24,36,12,-5,-16,-21,1,28,15,28,12,3,-5,1
2025-04-22 16:23:33.69,s,-1,-3,-9,-8,2,1,-8,-9,-33,-19,-7,-3,2,-16,-12,-11,1,11,17,16,-4,-6,-12,-6,-3,1,21,35,5,-14,-11,1,13,20,29,38,14,-3,-15,-23,6,27,22,31,12,4,-4,2
2025-04-22 16:23:33.70,s,1,3,0,-4,8,8,-2,5,-11,-13,-3,-2,9,-16,-6,-12,7,15,21,24,15,-7,-7,-8,2,3,27,37,5,-9,-10,1,12,23,32,38,17,-2,-15,-18,4,33,22,32,17,2,-5,3
2025-04-22 16:23:33.71,s,2,-2,-3,-4,5,6,-6,-2,-31,-12,-8,1,4,-13,-11,-9,2,16,21,22,4,-8,-7,-8,3,2,29,40,4,-8,-12,-1,16,25,33,44,16,1,-13,-19,5,36,26,34,17,4,-4,0
2025-04-22 16:23:33.72,s,1,-8,-10,-10,1,3,-12,-9,-40,-14,-10,-4,5,-16,-9,-12,4,11,20,20,-1,-8,-8,-8,0,4,26,40,3,-9,-12,-3,16,26,31,39,14,-1,-17,-22,3,34,24,32,16,3,-6,1
2025-04-22 16:23:33.73,s,1,-4,-4,-6,5,5,-5,3,-12,-14,-5,-1,8,-13,-10,-12,5,15,19,23,11,-5,-6,-6,1,2,27,36,7,-9,-8,0,14,25,33,38,12,-1,-13,-21,8,35,24,34,17,2,-4,2
2025-04-22 16:23:33.75,s,-2,2,-4,0,4,11,-4,1,-30,-11,-8,3,5,-9,-8,-12,5,13,20,19,3,-4,-10,-5,-3,4,24,38,5,-12,-7,-2,14,26,33,38,12,-1,-13,-23,7,32,25,36,12,5,-5,1
2025-04-22 16:23:33.76,s,-2,-3,-11,-5,0,7,-10,-10,-35,-16,-9,-1,2,-13,-11,-12,0,11,19,14,-3,-7,-11,-7,-3,4,20,35,3,-12,-13,-1,14,25,26,38,11,-1,-15,-22,4,29,21,31,10,3,-6,0
2025-04-22 16:23:33.77,s,0,-4,-3,-7,4,5,-6,3,-19,-14,-8,-1,6,-14,-7,-14,4,10,15,16,8,-7,-10,-8,-3,0,20,26,4,-12,-11,1,10,22,24,32,11,-4,-19,-23,2,30,15,28,12,-2,-6,1
2025-04-22 16:23:33.78,s,2,3,-1,1,8,7,-5,2,-24,-16,-5,-2,4,-12,-11,-15,0,9,13,14,1,-10,-8,-9,-2,1,14,27,0,-13,-11,-2,11,18,20,28,8,-5,-17,-25,3,24,16,26,9,-3,-5,2
2025-04-22 16:23:33.79,s,0,-2,-5,-4,0,6,-13,-7,-39,-15,-11,-2,3,-17,-9,-10,-3,7,10,11,-4,-10,-10,-10,-5,3,12,29,1,-13,-15,1,8,20,20,31,10,-5,-16,-22,3,24,14,27,9,2,-5,0
2025-04-22 16:23:33.80,s,-1,3,-7,-2,0,8,-13,0,-22,-14,-9,-1,4,-14,-10,-10,0,3,13,12,4,-10,-10,-9,-4,0,14,24,1,-12,-13,0,7,18,20,28,10,-6,-17,-24,0,26,14,26,10,-2,-4,3
2025-04-22 16:23:33.81,s,0,3,-4,1,4,8,-10,0,-24,-16,-5,-3,5,-15,-7,-15,-1,5,12,12,1,-8,-10,-8,-2,2,11,27,1,-13,-10,0,8,17,20,29,7,-3,-17,-23,0,26,14,26,10,2,-5,2
2025-04-22 16:23:33.82,s,0,0,-6,-4,1,8,-12,-8,-37,-13,-10,-1,6,-14,-8,-11,-2,3,11,10,-6,-5,-11,-7,-5,1,13,27,4,-10,-13,0,10,15,22,30,8,-3,-17,-26,4,25,13,28,12,-4,-4,2
2025-04-22 16:23:33.84,s,0,-3,-6,-8,4,3,-8,-1,-22,-19,-7,-2,3,-12,-6,-14,0,4,13,11,2,-5,-8,-11,-2,1,14,25,-1,-14,-10,-2,9,16,20,30,10,-5,-19,-26,1,25,14,27,9,1,-5,2
2025-04-22 16:23:33.85,open,0,7,-1,-1,7,10,-8,0,-18,-14,-7,2,9,-10,-6,-12,0,8,15,15,9,-3,-8,-8,0,1,17,27,3,-9,-8,0,10,20,22,34,9,-3,-17,-26,4,25,19,31,9,1,-8,2
2025-04-22 16:23:33.86,open,2,2,2,-2,8,10,-8,-3,-34,-14,-6,-3,8,-13,-6,-14,-1,5,11,12,-2,-5,-7,-9,0,2,16,27,3,-10,-13,1,9,21,25,32,10,-4,-18,-24,3,26,21,28,13,0,-8,1
2025-04-22 16:23:33.87,open,-3,-14,-17,-10,-4,2,-10,-5,-31,-19,-10,-3,6,-13,-8,-12,-2,4,12,11,-1,-7,-11,-8,-4,3,14,31,3,-10,-10,-2,13,21,25,33,12,-4,-18,-24,2,29,20,28,15,-2,-5,2
2025-04-22 16:23:33.89,open,2,6,4,1,10,13,-3,9,-14,-15,-3,1,8,-9,-6,-12,-2,9,14,14,11,-6,-7,-8,-2,3,13,30,3,-9,-9,1,9,22,25,31,13,-2,-20,-25,4,27,20,31,12,-3,-3,2
2025-04-22 16:23:33.90,open,0,4,-5,0,4,11,-8,-2,-32,-18,-6,-2,6,-13,-8,-10,-1,3,12,11,0,-7,-8,-9,-2,2,17,29,2,-12,-10,-2,13,22,25,34,12,-5,-14,-25,5,28,21,33,11,3,-4,1
2025-04-22 16:23:33.91,open,-2,-2,-7,-3,4,5,-8,-7,-32,-19,-7,-2,2,-10,-10,-11,-4,2,13,7,-2,-7,-12,-8,-5,1,16,29,2,-11,-13,-3,11,18,26,34,10,-1,-18,-23,2,31,20,31,15,1,-7,3
2025-04-22 16:23:33.92,open,-2,4,-2,3,6,13,-5,7,-14,-13,-4,-1,9,-11,-5,-13,-1,7,14,15,12,-4,-9,-8,-3,3,15,30,1,-7,-8,-2,13,19,28,33,11,0,-16,-25,5,28,20,34,14,0,-6,2
2025-04-22 16:23:33.93,open,1,6,-3,3,4,13,-7,-2,-27,-14,-9,2,6,-9,-5,-12,-1,7,15,12,-1,-2,-7,-9,0,2,16,32,2,-7,-10,-2,14,21,28,37,12,-1,-13,-24,6,30,22,34,13,2,-5,3
2025-04-22 16:23:33.94,open,-2,-7,-8,-7,1,3,-7,-8,-37,-18,-8,-1,5,-10,-9,-12,-4,7,16,13,-1,-5,-10,-4,-2,1,21,33,2,-12,-11,-2,15,21,31,36,13,0,-17,-22,4,32,26,33,12,4,-5,2
2025-04-22 16:23:33.95,open,1,-2,-3,-4,6,8,-5,5,-13,-15,-4,1,6,-8,-1,-11,-1,11,18,18,12,0,-8,-5,-2,0,23,33,4,-5,-8,1,13,27,34,38,18,2,-15,-23,8,34,28,36,14,6,-4,2
2025-04-22 16:23:33.97,open,0,3,-2,-2,8,10,-2,0,-26,-14,-5,4,6,-7,-5,-11,-1,10,20,15,6,-3,-7,-6,-1,3,23,35,4,-6,-11,1,14,28,35,38,19,-2,-12,-24,8,35,31,36,15,8,-5,1
2025-04-22 16:23:33.98,open,0,-6,-8,-7,3,6,-7,-9,-36,-16,-9,2,5,-7,-6,-11,-3,9,17,14,0,-5,-6,-4,-4,3,22,38,5,-7,-10,0,13,27,37,40,17,1,-15,-21,5,35,33,37,17,5,-5,2
2025-04-22 16:23:33.99,open,0,-4,-3,0,4,9,-5,7,-19,-14,-7,3,6,-6,-1,-10,0,10,19,15,13,-1,-7,-3,0,2,24,37,6,-5,-7,0,16,26,34,42,16,0,-13,-22,8,34,33,36,18,3,-5,1
2025-04-22 16:23:34.00,open,0,8,-1,4,6,14,-4,5,-24,-13,-7,4,8,-10,-3,-10,1,7,17,18,4,-3,-6,-8,1,2,23,38,5,-6,-9,-1,16,25,38,42,17,-2,-12,-23,8,36,28,40,18,3,-2,1
2025-04-22 16:23:34.01,open,1,3,-5,2,5,13,-6,-2,-38,-12,-9,3,6,-6,-7,-11,-2,9,16,13,1,-4,-6,-4,-2,2,24,34,7,-9,-9,-2,16,25,38,42,14,3,-13,-22,8,35,31,40,19,3,-4,3
2025-04-22 16:23:34.02,open,0,-5,-6,-3,0,10,-6,3,-19,-16,-5,1,8,-9,-1,-10,1,7,19,20,7,0,-6,-6,0,3,23,37,3,-6,-9,1,14,27,37,42,16,2,-14,-19,7,36,34,38,17,6,-4,3
2025-04-22 16:23:34.03,open,1,4,3,3,9,14,-4,3,-21,-14,-4,5,8,-8,-1,-11,1,9,20,19,8,-2,-4,-5,1,4,24,40,6,-6,-9,1,15,27,38,41,19,2,-14,-20,4,39,34,38,19,6,-3,2
2025-04-22 16:23:34.04,open,1,-2,-3,-3,5,9,-1,-2,-37,-15,-9,3,6,-7,-6,-11,-3,7,19,15,0,0,-8,-4,-5,5,22,39,7,-6,-11,1,13,26,38,42,14,2,-16,-20,5,35,32,35,15,5,-1,0
2025-04-22 16:23:34.05,open,0,-5,-7,-3,-1,10,-7,0,-22,-18,-5,1,4,-6,-4,-12,-1,7,17,18,7,-5,-6,-6,-1,3,23,36,3,-6,-9,1,11,26,35,41,16,1,-14,-20,5,33,33,36,16,4,-4,1
2025-04-22 16:23:34.06,open,1,-2,-2,0,7,10,-1,2,-22,-15,-4,3,8,-6,-2,-11,0,8,17,18,12,-2,-7,-5,1,2,21,35,5,-7,-5,0,14,23,33,40,16,-2,-11,-24,8,32,30,34,15,4,-5,3
2025-04-22 16:23:34.07,open,0,5,-4,2,4,13,-5,-2,-35,-14,-9,3,6,-11,-4,-9,-3,3,17,12,0,-3,-8,-6,-4,3,19,35,3,-5,-11,1,10,27,33,41,17,0,-15,-21,3,35,30,35,16,5,-5,2
2025-04-22 16:23:34.08,open,-4,-14,-16,-7,-3,7,-10,-6,-30,-19,-8,-2,8,-9,-3,-9,-3,4,16,11,0,-3,-8,-5,-2,2,21,35,3,-5,-9,-2,14,22,32,39,13,2,-13,-21,5,32,28,38,17,4,-5,0
2025-04-22 16:23:34.09,open,2,8,3,2,10,12,2,11,-15,-11,-5,6,6,-5,0,-9,-1,5,19,14,13,-3,-5,-8,0,3,20,35,2,-4,-4,0,14,26,31,41,17,0,-14,-22,4,35,27,38,16,6,-5,2
2025-04-22 16:23:34.10,open,0,3,-1,2,6,14,-1,0,-32,-12,-9,4,7,-5,-5,-12,-1,7,14,15,1,-4,-5,-6,0,3,18,35,5,-6,-11,0,11,24,31,38,16,0,-16,-22,3,35,27,35,16,5,-5,2
2025-04-22 16:23:34.11,open,-2,-2,-4,-4,5,10,-4,-5,-31,-15,-9,2,4,-6,-6,-12,-4,5,12,14,-2,-2,-6,-7,-3,3,17,33,3,-9,-10,-3,14,22,32,37,12,2,-15,-21,5,32,26,34,15,3,-3,2
2025-04-22 16:23:34.13,open,1,4,2,0,10,11,2,7,-12,-15,-4,3,11,-7,3,-11,1,6,18,16,13,0,-5,-5,-4,3,20,30,6,-7,-3,0,13,23,30,39,16,-2,-14,-24,7,31,26,33,17,2,-3,2
2025-04-22 16:23:34.14,open,1,2,-1,-1,8,10,0,-3,-29,-15,-9,4,6,-5,-3,-8,-1,2,16,13,0,-2,-5,-6,-2,2,20,33,2,-5,-8,-3,14,21,29,39,16,-2,-12,-24,7,32,26,32,16,3,-4,2
2025-04-22 16:23:34.15,open,0,-3,-5,-5,6,8,-7,-8,-37,-20,-9,1,3,-7,-5,-9,-7,3,13,10,-2,-3,-6,-8,-2,2,20,32,2,-5,-11,2,9,22,31,36,13,1,-14,-20,3,32,26,35,16,2,-4,0
2025-04-22 16:23:34.16,open,0,-2,-2,-1,6,12,-5,8,-16,-13,-9,4,6,-5,-2,-12,-3,5,13,16,11,-1,-5,-8,-2,1,16,32,4,-9,-5,-2,13,21,30,37,16,-2,-12,-23,4,33,25,36,16,4,-6,2
2025-04-22 16:23:34.17,open,-1,4,-4,3,7,10,1,3,-29,-12,-8,4,8,-5,-3,-12,-4,5,12,15,5,-2,-8,-6,-4,3,18,33,5,-7,-7,-2,13,21,35,38,14,1,-16,-22,5,31,30,36,15,5,-3,1
2025-04-22 16:23:34.18,open,-2,-3,-11,-1,1,12,-6,-7,-35,-15,-11,4,6,-8,-2,-8,-5,1,17,11,1,-3,-6,-7,-3,3,19,36,4,-7,-9,-2,15,25,33,42,17,-1,-12,-22,7,35,28,40,16,4,-4,2
2025-04-22 16:23:34.20,open,-2,1,-5,1,6,9,0,4,-17,-18,-5,2,6,-2,-2,-11,-1,7,15,17,12,-3,-4,-6,-3,4,19,37,6,-5,-7,1,11,27,36,41,18,2,-14,-21,5,35,30,38,18,6,-5,2
2025-04-22 16:23:34.21,open,2,5,-1,4,7,17,-1,3,-23,-15,-4,1,11,-4,2,-12,-2,3,17,15,7,-2,-5,-5,-4,3,20,32,7,-4,-9,1,12,27,37,39,17,2,-12,-22,4,37,29,40,19,5,-2,1
2025-04-22 16:23:34.22,open,1,-1,-5,2,5,16,-1,-1,-39,-14,-8,1,8,-4,-1,-11,-4,1,11,12,-1,1,-6,-3,-6,3,19,31,7,-6,-8,-2,15,22,33,41,14,4,-13,-19,5,33,29,38,14,6,-3,2
2025-04-22 16:23:34.23,open,-2,0,-2,-2,7,12,-3,4,-18,-16,-10,4,7,-1,1,-11,-6,2,10,12,9,-2,-5,-5,-2,2,14,32,5,-5,-9,0,13,22,30,41,13,2,-11,-21,7,31,28,36,14,9,-2,2
2025-04-22 16:23:34.24,open,2,6,0,6,10,14,3,7,-23,-16,-7,1,8,-1,-1,-11,-8,2,9,9,4,1,-8,-5,-4,2,14,27,1,-4,-8,1,9,21,28,35,11,3,-13,-19,3,31,25,31,16,4,-2,3
2025-04-22 16:23:34.25,open,-2,0,-7,1,6,14,-4,-5,-37,-18,-12,2,5,-4,-6,-10,-10,-2,7,5,-3,1,-8,-5,-6,0,12,25,2,-6,-8,-1,10,18,26,37,11,4,-14,-20,3,29,24,32,15,5,-3,1
2025-04-22 16:23:34.27,s,0,-5,-5,-5,6,10,-2,2,-22,-18,-8,-1,9,-5,-3,-11,-8,-3,8,7,3,0,-10,-6,-9,2,6,26,0,-7,-6,-2,10,16,25,34,12,3,-15,-21,0,28,21,34,14,4,-4,2
2025-04-22 16:23:34.29,s,-2,1,-6,0,4,14,-4,1,-26,-14,-10,3,9,-2,-1,-9,-6,-3,6,11,8,-2,-4,-4,-5,0,12,26,3,-6,-4,-2,9,19,24,38,13,1,-10,-21,2,28,23,33,15,9,-1,3
2025-04-22 16:23:34.30,s,1,0,0,0,8,12,2,-2,-33,-19,-7,0,8,-2,-4,-11,-9,-5,4,10,0,1,-5,-5,-5,2,11,31,5,-5,-6,0,9,20,30,38,14,4,-13,-21,2,31,28,35,17,8,-3,1
2025-04-22 16:23:34.31,s,-2,-18,-14,-10,-1,11,-5,-4,-34,-18,-11,-2,9,-2,3,-12,-9,-7,3,8,4,1,-5,-5,-6,2,12,32,5,-1,-5,-2,13,19,33,41,17,5,-12,-21,4,32,27,41,16,11,-3,0
2025-04-22 16:23:34.32,s,0,11,3,10,12,24,10,13,-14,-15,-3,4,15,6,7,-8,-7,0,10,14,19,7,-2,2,-6,-2,16,35,10,1,-2,1,11,27,37,44,20,9,-11,-18,4,36,34,42,22,11,-3,2
2025-04-22 16:23:34.33,s,1,0,0,2,12,17,12,2,-32,-18,-6,4,14,6,4,-9,-9,-4,7,16,4,9,-2,2,-7,1,16,37,7,2,-2,-1,14,24,40,44,19,9,-8,-16,8,36,36,44,18,11,0,1
2025-04-22 16:23:34.34,s,1,2,-5,4,8,21,9,-2,-31,-19,-8,3,13,6,10,-7,-12,-7,4,14,3,4,3,2,-7,1,15,34,5,3,-3,1,13,28,37,46,20,8,-10,-16,5,39,35,40,18,13,-1,2
2025-04-22 16:23:34.35,s,0,6,3,8,16,23,22,16,-15,-11,-7,12,16,9,18,-6,-9,-7,7,15,20,10,4,8,-9,2,13,32,7,7,5,1,13,29,41,42,16,10,-8,-14,7,36,37,42,16,13,0,3
2025-04-22 16:23:34.36,s,2,3,2,3,15,22,21,5,-31,-13,-7,5,14,8,15,-6,-14,-13,4,8,7,9,6,8,-12,0,10,29,5,6,1,1,12,29,39,41,15,11,-4,-14,7,39,37,42,15,12,0,0
2025-04-22 16:23:34.37,s,1,0,-3,0,12,19,20,-3,-35,-16,-7,6,14,9,11,-5,-17,-19,-1,8,-1,10,6,12,-12,1,6,24,3,7,0,0,10,25,37,36,14,8,-7,-13,5,39,33,38,16,6,-2,2
2025-04-22 16:23:34.39,s,1,3,1,6,13,21,25,7,-15,-13,-4,9,16,14,22,-4,-13,-18,3,11,17,11,10,15,-12,0,8,26,1,9,9,-2,16,27,38,43,14,11,-4,-10,6,44,39,38,16,8,-2,2
2025-04-22 16:23:34.40,s,0,5,0,10,14,28,31,8,-29,-13,-6,17,14,18,23,0,-15,-15,7,19,9,13,14,19,-10,2,8,32,3,9,9,-2,17,31,46,43,16,8,1,-7,9,51,42,44,14,8,0,2
2025-04-22 16:23:34.41,s,-3,-3,-8,6,11,26,33,6,-39,-16,-4,16,16,18,27,0,-16,-10,12,21,5,16,14,27,-11,2,15,37,7,9,10,0,18,39,51,47,17,8,1,-6,13,58,54,45,13,6,-1,2
2025-04-22 16:23:34.42,s,1,1,4,10,17,31,40,13,-13,-15,1,26,20,26,41,2,-10,0,23,34,21,24,24,36,-5,2,32,48,5,19,19,0,27,50,65,51,18,12,3,-4,18,75,61,52,17,9,0,2
2025-04-22 16:23:34.43,s,0,9,8,23,23,41,56,22,-26,-8,5,39,24,41,48,8,-6,10,39,47,22,29,30,45,-3,5,52,66,10,24,21,-1,33,63,84,60,19,18,5,4,24,98,74,59,17,12,2,4
2025-04-22 16:23:34.44,s,0,8,3,22,25,44,63,17,-40,-11,8,50,28,50,54,14,-4,21,60,58,19,39,38,56,0,8,74,82,17,28,19,2,37,82,97,68,25,19,9,3,26,105,86,65,22,13,0,2
2025-04-22 16:23:34.45,s,0,7,11,28,33,51,71,24,-8,-4,16,71,36,60,66,15,0,26,72,73,42,44,44,63,-2,9,85,91,19,32,31,0,40,85,104,69,26,22,8,8,29,107,91,64,18,14,3,2
2025-04-22 16:23:34.47,s,3,10,24,38,45,59,78,24,-18,-5,23,93,45,66,68,13,-4,26,75,78,37,50,43,63,-2,9,88,94,22,37,27,2,39,86,103,70,24,21,8,5,31,107,92,64,15,11,4,2
2025-04-22 16:23:34.48,s,0,5,13,32,44,70,91,22,-41,-4,22,92,48,78,75,13,-2,25,74,80,33,50,49,63,4,9,93,97,23,38,28,2,42,88,108,68,19,20,6,2,30,108,93,59,9,11,-1,2
2025-04-22 16:23:34.49,s,1,3,16,35,46,82,98,27,-11,-2,25,100,52,90,90,14,3,27,81,86,49,59,52,70,3,8,96,101,23,44,32,0,48,91,112,73,20,21,8,1,33,114,94,64,12,5,-1,2
2025-04-22 16:23:34.50,s,2,8,20,36,47,79,101,29,-18,-4,24,107,51,92,89,15,4,30,85,88,50,60,51,68,3,9,99,103,28,43,35,3,47,98,114,75,24,18,5,2,34,116,97,65,8,9,-2,2
2025-04-22 16:23:34.51,s,3,16,19,38,48,77,98,25,-37,-7,22,91,51,82,80,14,-1,23,76,88,39,56,48,64,4,8,96,105,25,42,28,1,50,97,114,73,21,19,6,-2,35,115,94,65,11,5,-2,1
2025-04-22 16:23:34.52,s,-2,-12,-1,18,37,64,86,19,-24,-11,17,84,48,78,71,12,-4,22,74,84,48,53,42,61,2,10,93,108,27,41,28,1,50,101,114,75,26,21,3,-2,33,120,97,65,10,10,-4,0
2025-04-22 16:23:34.53,s,4,21,25,43,55,85,105,34,0,-2,24,92,57,87,87,13,2,27,81,94,63,60,48,62,6,9,100,112,34,46,35,1,56,103,119,77,29,24,1,-1,37,119,102,67,11,12,-3,3
2025-04-22 16:23:34.54,s,2,13,13,33,52,83,99,25,-32,-4,21,93,54,94,86,13,0,23,77,95,56,64,45,63,3,9,96,114,37,49,29,2,56,100,119,76,28,27,1,-1,39,117,102,64,14,12,-5,2
2025-04-22 16:23:34.55,s,1,4,12,31,54,86,100,24,-25,-3,16,92,57,98,90,12,-2,21,73,91,67,68,49,59,5,8,92,110,39,52,28,2,54,100,116,73,30,26,0,-7,37,120,97,63,14,8,-6,2
2025-04-22 16:23:34.57,s,2,17,19,42,61,96,112,36,8,0,20,90,65,104,100,12,2,22,71,92,73,75,48,60,4,6,88,107,43,56,31,2,56,98,113,73,31,25,1,-8,39,116,97,60,10,10,-5,2
2025-04-22 16:23:34.58,s,1,13,14,31,62,94,110,30,-29,-2,14,84,65,108,97,7,1,24,63,94,73,73,51,59,6,8,87,110,45,59,27,4,55,102,112,74,33,31,0,-6,37,121,96,59,14,12,-9,3
2025-04-22 16:23:34.59,s,1,4,5,27,58,86,101,21,-32,-7,14,83,67,102,89,10,0,19,64,92,74,75,45,56,4,6,86,111,50,58,27,3,54,98,109,75,36,33,1,-5,40,116,95,60,19,13,-5,0
2025-04-22 16:23:34.60,s,1,16,15,34,62,87,96,27,10,-3,14,86,64,99,85,6,1,17,57,95,74,74,42,54,4,5,81,106,54,58,26,3,53,93,104,74,40,36,1,-6,41,115,91,60,17,19,-5,2
2025-04-22 16:23:34.61,s,1,15,11,32,60,90,97,26,-24,-3,9,85,65,99,79,6,-4,13,55,92,77,73,41,53,3,6,73,111,54,59,22,2,50,94,102,70,43,37,-2,-7,37,114,89,58,17,20,-5,2
2025-04-22 16:23:34.62,s,0,3,3,31,58,89,96,22,-38,-3,9,89,71,106,85,7,-4,11,49,95,81,81,44,53,0,6,72,110,62,62,25,1,54,89,98,71,43,37,3,-7,36,115,82,58,23,21,-5,0
2025-04-22 16:23:34.63,s,2,10,17,42,73,93,105,29,6,-2,17,98,83,114,99,5,2,17,55,99,92,85,48,52,1,8,71,111,67,67,32,0,53,87,95,75,48,41,3,-5,39,112,85,60,22,26,-3,2
2025-04-22 16:23:34.64,s,2,20,18,55,82,98,105,26,-18,2,21,106,86,121,92,4,2,17,59,106,98,93,49,54,2,6,78,120,72,80,27,4,51,90,100,76,51,51,5,-6,39,114,83,65,28,34,-4,2
2025-04-22 16:23:34.65,s,3,13,17,52,85,97,102,22,-33,2,20,111,87,121,86,4,1,21,60,110,103,94,46,51,5,6,85,123,80,82,23,3,53,95,101,82,58,54,6,-5,41,114,86,67,29,40,-1,0
2025-04-22 16:23:34.67,s,1,15,19,51,85,94,97,26,5,2,21,109,89,115,89,2,6,21,64,110,103,92,46,44,4,8,77,123,81,80,31,2,55,91,101,78,57,57,6,-8,42,114,87,67,31,41,-2,2
2025-04-22 16:23:34.68,s,2,21,18,56,86,99,98,26,-15,6,21,114,87,121,83,4,2,23,63,106,107,94,45,45,5,9,78,125,80,82,28,4,53,94,101,78,54,62,5,-5,44,113,85,68,30,41,1,2
2025-04-22 16:23:34.69,s,1,16,12,50,89,95,98,19,-37,1,20,113,93,121,86,1,2,21,58,110,107,97,49,47,5,5,78,121,81,87,25,4,53,89,99,75,54,64,5,-6,41,114,83,62,30,38,-2,2
2025-04-22 16:23:34.70,s,1,9,16,47,90,99,102,27,1,3,21,117,99,129,98,4,5,19,58,109,110,104,52,46,4,6,74,121,79,88,32,4,50,91,94,74,58,64,5,-4,40,110,82,63,28,37,1,2
2025-04-22 16:23:34.71,s,2,17,20,54,94,105,102,25,-10,5,22,124,103,135,100,5,5,22,59,113,115,108,54,52,5,8,72,126,84,90,37,1,53,89,97,74,61,67,8,-4,41,113,81,60,32,41,0,2
2025-04-22 16:23:34.72,s,3,18,20,54,95,103,105,25,-33,1,22,124,99,130,92,4,-1,16,59,113,115,105,51,54,4,6,75,128,85,88,29,4,49,90,95,78,60,68,9,-5,41,111,81,64,29,44,2,0
2025-04-22 16:23:34.74,s,-2,3,4,48,85,99,96,17,-16,3,21,128,102,130,97,6,-1,19,59,116,118,108,51,52,3,6,78,129,90,90,36,3,51,90,96,81,61,73,11,1,39,113,82,66,33,43,3,0
2025-04-22 16:23:34.75,s,3,30,32,70,104,111,107,34,2,11,25,137,104,139,100,5,2,17,66,115,123,112,52,52,0,8,76,130,92,96,38,2,50,87,95,81,64,72,14,2,40,108,82,67,33,48,6,3
2025-04-22 16:23:34.76,s,2,18,18,57,91,104,101,23,-32,4,21,131,100,135,93,5,-2,14,58,115,115,106,51,48,3,5,71,128,87,93,35,1,51,85,92,75,60,69,13,1,39,107,78,65,30,46,2,2
2025-04-22 16:23:34.77,s,1,12,18,53,92,102,99,19,-18,2,20,132,99,136,95,7,-3,17,60,112,116,108,53,49,2,8,74,128,87,92,33,1,51,86,95,74,60,68,12,1,35,111,77,60,32,46,3,0
2025-04-22 16:23:34.78,s,4,30,31,71,100,109,112,34,14,8,30,135,103,135,102,8,1,20,64,116,115,110,56,52,5,5,77,127,87,96,40,2,51,86,96,77,60,69,13,2,37,112,78,65,32,48,4,3
2025-04-22 16:23:34.79,s,2,20,20,58,94,105,106,25,-27,9,24,134,100,131,97,8,1,18,60,116,116,106,51,53,0,6,76,129,87,91,36,3,50,85,97,79,61,68,16,1,39,109,82,65,30,48,4,0
2025-04-22 16:23:34.80,s,1,7,15,53,89,101,103,19,-24,4,27,135,100,139,98,7,0,18,67,118,116,110,58,56,2,5,82,129,89,98,36,2,50,90,98,78,62,70,15,2,36,112,81,69,33,46,7,0
2025-04-22 16:23:34.81,s,3,26,28,72,101,119,116,32,17,14,33,147,112,150,116,7,6,26,76,125,126,118,64,60,3,5,87,135,95,104,47,2,51,89,100,85,65,75,20,2,41,111,83,71,34,50,6,3
2025-04-22 16:23:34.83,s,2,26,28,73,105,124,121,32,-21,15,34,157,113,156,116,10,4,24,77,122,131,122,69,60,2,10,86,139,99,106,44,3,49,89,100,85,67,74,21,1,38,112,84,68,32,52,6,2
2025-04-22 16:23:34.84,s,1,13,25,65,103,119,115,22,-25,13,33,157,115,159,118,12,2,21,80,123,129,125,72,60,3,8,86,137,95,108,46,0,50,85,101,82,62,75,20,6,39,108,81,67,33,50,4,0
2025-04-22 16:23:34.85,s,1,21,31,71,102,125,120,32,11,17,37,157,113,161,122,9,2,23,77,122,128,123,72,60,1,8,79,134,94,104,46,3,47,85,97,77,62,73,16,4,34,109,77,63,27,49,4,3
2025-04-22 16:23:34.86,s,2,29,33,76,105,126,124,32,-13,17,38,156,111,159,116,11,1,23,77,121,126,120,72,59,4,8,79,135,91,103,48,2,48,87,97,78,62,69,19,3,34,111,79,65,30,48,6,2
2025-04-22 16:23:34.87,s,1,19,28,66,100,117,114,23,-29,11,34,150,109,153,108,8,2,21,76,122,123,121,72,60,2,9,83,134,93,102,40,3,48,86,97,83,61,74,20,7,37,109,78,67,32,48,6,0
2025-04-22 16:23:34.88,s,2,19,31,67,98,112,114,29,11,11,37,149,109,148,112,12,4,23,74,120,124,116,64,60,2,8,82,133,91,99,46,1,49,85,96,83,61,75,20,8,36,106,82,66,33,49,7,2
2025-04-22 16:23:34.90,s,4,24,31,72,96,115,113,30,-8,13,32,149,101,145,107,11,4,19,71,121,118,109,63,60,2,6,80,129,85,95,42,2,51,86,95,77,61,69,20,7,35,109,76,63,33,50,7,2
2025-04-22 16:23:34.91,s,1,19,19,65,88,110,110,23,-37,9,28,146,97,142,105,10,-4,18,67,118,112,109,61,62,1,3,76,127,83,94,38,3,46,84,92,76,57,65,15,3,34,106,75,59,26,46,5,2
2025-04-22 16:23:34.92,s,1,14,26,64,95,114,120,27,2,6,33,146,105,147,114,8,1,19,66,119,115,113,66,62,-1,5,75,123,83,94,41,3,45,78,91,73,52,66,16,1,35,103,72,58,24,43,3,2
2025-04-22 16:23:34.93,s,2,25,29,73,103,120,127,34,-8,11,38,150,108,157,120,11,0,20,68,120,118,116,72,63,1,5,72,126,81,94,45,0,48,78,88,74,56,62,16,1,35,100,70,55,24,41,6,2
2025-04-22 16:23:34.94,s,2,21,27,73,99,123,123,29,-33,10,35,153,108,158,118,12,-4,18,68,120,119,118,72,67,1,5,74,126,85,97,44,2,42,81,88,74,53,67,18,6,33,100,68,58,24,43,3,0
2025-04-22 16:23:34.95,s,0,5,17,58,91,111,114,21,-13,7,31,154,103,155,121,12,0,17,68,121,113,115,74,62,2,5,71,127,81,95,43,4,42,81,87,72,50,64,15,3,32,99,71,55,23,40,5,0
2025-04-22 16:23:34.97,s,5,33,41,81,102,123,130,40,7,13,40,153,103,150,125,13,4,22,69,121,105,109,76,68,2,6,75,119,74,88,46,2,45,82,88,71,48,57,16,9,34,101,69,55,23,35,4,1
2025-04-22 16:23:34.98,s,3,20,32,66,81,109,124,30,-32,12,36,148,85,136,118,16,0,22,73,114,86,100,73,74,3,8,78,119,58,76,44,0,48,83,93,68,40,49,15,8,36,105,76,52,16,27,4,0
2025-04-22 16:23:34.99,s,2,16,26,62,65,101,118,25,-19,8,32,146,68,130,120,21,2,29,79,110,75,91,74,77,2,9,83,114,50,71,44,3,47,91,97,67,32,42,13,15,34,111,79,50,16,21,0,1
2025-04-22 16:23:35.00,s,4,28,41,76,66,113,124,37,13,11,43,147,67,126,126,20,11,34,88,108,65,85,79,83,5,10,88,105,37,63,51,2,51,94,98,67,25,29,14,16,37,111,84,50,7,13,3,2
2025-04-22 16:23:35.01,s,2,26,32,71,60,106,124,29,-27,9,37,139,61,123,125,26,9,37,91,100,55,85,82,90,6,10,93,103,28,66,46,3,51,98,102,65,20,26,13,15,40,113,86,49,2,12,3,2
2025-04-22 16:23:35.02,s,1,9,26,58,53,95,119,24,-29,4,36,134,57,120,124,25,9,42,91,98,48,83,88,88,10,10,94,102,27,63,47,3,54,98,101,66,17,21,15,17,37,115,87,47,1,9,0,0
2025-04-22 16:23:35.04,s,2,15,31,65,54,102,121,34,6,6,36,131,56,120,129,26,12,47,90,92,57,83,90,93,9,8,93,93,19,63,53,1,53,93,101,59,11,18,13,17,39,110,87,43,-2,4,1,2
2025-04-22 16:23:35.05,s,1,16,27,61,52,96,123,34,-30,3,32,122,53,112,129,30,11,49,92,91,41,78,92,96,11,9,95,94,19,52,52,2,53,92,102,61,12,14,13,19,36,114,86,44,1,1,3,2
2025-04-22 16:23:35.06,s,-2,3,15,44,39,77,110,19,-39,-3,27,113,41,101,118,24,12,45,85,84,29,68,84,93,6,8,92,83,18,44,43,0,47,84,98,55,12,5,13,17,32,107,79,47,1,2,3,1
2025-04-22 16:23:35.07,s,1,11,23,49,33,69,97,26,-1,1,23,94,37,78,106,20,11,42,76,70,41,43,68,78,6,8,77,70,10,26,38,0,39,74,80,49,9,2,12,17,23,96,70,36,1,-2,-2,2
2025-04-22 16:23:35.08,s,1,11,10,30,26,46,80,19,-24,-7,14,58,25,55,70,14,1,29,53,43,16,24,42,62,1,4,53,43,3,18,21,-2,33,58,62,32,3,3,5,11,16,80,55,26,-3,-1,0,3
2025-04-22 16:23:35.09,s,-3,3,1,14,14,30,51,14,-39,-10,-3,29,16,28,41,6,-3,13,28,21,5,13,27,48,-3,2,32,27,0,9,10,2,23,49,49,29,2,3,1,6,16,67,47,28,3,0,-1,2
2025-04-22 16:23:35.11,s,0,0,2,2,12,18,37,9,-14,-11,-6,14,12,18,29,3,-7,1,16,14,13,10,17,37,-6,2,17,26,-2,6,9,-2,21,37,47,37,6,2,0,-1,13,59,45,36,7,2,-1,1
2025-04-22 16:23:35.12,s,2,4,3,1,12,14,31,9,-24,-9,-8,3,8,6,17,-4,-8,-10,5,9,3,3,9,26,-7,0,13,22,1,0,-1,1,14,28,46,35,11,-1,-8,-1,7,44,44,34,9,3,-2,1
2025-04-22 16:23:35.13,s,-2,3,-5,-5,6,8,15,-8,-34,-15,-8,-6,7,-5,4,-8,-9,-10,2,7,-8,-3,1,12,-7,1,11,28,1,-5,-4,-2,15,22,39,37,10,-1,-9,-7,4,32,31,32,10,3,-6,0
2025-04-22 16:23:35.14,s,-3,-2,-8,-1,4,4,7,-1,-23,-15,-12,-3,4,-4,-2,-8,-4,0,7,11,1,-6,-3,4,-4,0,13,28,2,-7,-8,-2,13,20,33,39,11,-3,-9,-10,2,28,24,35,11,5,-1,0
2025-04-22 16:23:35.15,s,0,-3,-7,-1,1,8,1,-5,-22,-18,-8,-4,8,-8,-5,-10,0,2,8,14,7,-10,-4,-3,0,1,13,30,2,-6,-3,-2,12,17,24,36,10,2,-9,-13,4,24,18,30,11,6,0,0
2025-04-22 16:23:35.16,s,1,8,-1,3,4,10,-4,-9,-31,-18,-11,-5,6,-12,-7,-9,-2,1,7,12,-4,-12,-7,-8,-2,2,11,31,1,-7,-9,0,9,16,20,36,12,-2,-11,-13,3,24,13,30,12,5,-3,0
2025-04-22 16:23:35.17,s,-4,-14,-17,-10,-8,0,-10,-11,-35,-18,-13,-4,0,-10,-10,-10,-3,6,10,14,-2,-10,-9,-6,-2,3,15,31,5,-8,-9,1,8,21,23,38,16,1,-9,-12,3,24,20,30,15,10,-1,0
2025-04-22 16:23:35.18,s,2,2,3,0,6,7,-1,2,-13,-16,-6,-3,7,-13,-5,-13,4,8,10,18,9,-10,-7,-9,0,2,17,33,4,-10,-3,-3,13,18,25,37,12,1,-11,-13,4,28,20,30,13,8,-3,1
2025-04-22 16:23:35.20,s,0,1,-6,0,-1,7,-7,-6,-30,-18,-8,-3,5,-14,-14,-14,1,6,12,18,-5,-7,-11,-8,-4,3,16,31,3,-9,-12,0,9,19,24,36,10,0,-12,-15,3,29,19,28,13,5,-3,0
2025-04-22 16:23:35.21,s,0,-5,-8,-8,-1,-1,-7,-7,-34,-19,-8,-2,3,-13,-13,-12,0,10,13,18,-3,-9,-12,-8,1,2,18,36,2,-10,-13,0,14,25,25,39,13,-4,-10,-16,7,33,20,33,14,5,-1,0
2025-04-22 16:23:35.22,s,0,3,-3,3,2,8,-4,6,-13,-12,-6,5,5,-10,-4,-10,8,13,19,27,8,-5,-9,-6,-1,2,23,40,6,-10,-5,-2,15,26,32,45,17,1,-12,-17,7,37,26,35,17,4,-1,2
2025-04-22 16:23:35.23,s,-1,-1,-7,1,-1,6,-9,-3,-31,-13,-5,0,7,-15,-9,-13,6,11,22,24,0,-6,-9,-5,1,1,29,40,9,-8,-10,1,15,30,37,43,17,0,-11,-14,9,37,33,39,14,10,-2,0
2025-04-22 16:23:35.24,s,0,-8,-7,-6,-4,3,-10,-11,-35,-18,-5,1,3,-15,-10,-11,4,16,21,25,-1,-12,-10,-5,-2,4,29,43,6,-10,-10,0,16,29,36,46,17,2,-9,-15,8,41,29,41,17,6,-1,0
2025-04-22 16:23:35.25,s,-2,-3,-7,-5,1,2,-6,2,-15,-13,-2,3,5,-10,-7,-10,6,18,23,30,11,-8,-7,-8,3,3,34,46,5,-7,-7,-1,18,29,41,47,18,1,-8,-16,10,40,34,41,18,6,-1,1
2025-04-22 16:23:35.26,s,1,3,3,2,6,7,-1,1,-26,-11,-2,6,7,-15,-6,-11,6,18,26,26,6,-7,-7,-6,1,4,32,48,11,-8,-10,0,14,35,41,45,18,3,-10,-13,11,39,35,41,17,9,-1,1
2025-04-22 16:23:35.27,s,-1,-5,-11,-2,-3,5,-9,-9,-38,-13,-4,4,3,-13,-12,-9,1,17,24,25,0,-10,-7,-8,1,2,34,43,11,-9,-12,-2,17,30,40,47,19,1,-9,-20,11,40,31,42,19,4,-3,0
2025-04-22 16:23:35.28,s,-2,-3,-3,-3,-1,6,-9,1,-21,-11,-3,2,5,-14,-5,-9,4,18,25,27,12,-8,-11,-8,0,2,32,45,8,-10,-5,-1,16,32,39,47,18,0,-12,-18,9,40,35,39,15,7,-1,2
2025-04-22 16:23:35.29,s,2,4,-3,3,2,9,-7,0,-26,-10,-3,5,4,-10,-12,-11,2,17,27,26,3,-6,-9,-8,0,1,35,46,7,-9,-8,-2,17,30,42,48,18,3,-13,-18,8,42,35,39,21,3,0,1
2025-04-22 16:23:35.31,s,0,3,-6,1,1,7,-9,-8,-34,-15,-2,1,7,-14,-10,-12,2,17,24,27,-1,-8,-10,-9,0,2,37,47,9,-10,-8,-2,16,31,42,50,19,5,-13,-19,7,42,37,42,22,5,-1,2
2025-04-22 16:23:35.32,s,-2,-1,-7,1,-1,6,-9,0,-21,-14,-1,1,7,-14,-6,-10,5,13,25,26,5,-6,-9,-7,0,1,34,43,11,-9,-5,0,15,30,40,47,21,-1,-10,-20,9,37,32,44,19,8,-1,2
2025-04-22 16:23:35.33,s,0,4,1,3,2,10,-7,0,-22,-14,0,3,8,-12,-6,-13,3,12,20,23,6,-7,-8,-6,-2,2,29,40,6,-8,-7,-2,14,26,33,45,18,0,-15,-22,7,36,30,39,17,5,-2,2
2025-04-22 16:23:35.34,s,-1,2,-5,-1,4,8,-10,-8,-36,-14,-7,2,4,-9,-12,-9,-2,11,18,17,-2,-6,-8,-8,0,2,21,39,3,-9,-10,-3,13,20,29,39,13,0,-12,-23,5,31,23,35,17,3,-3,0
2025-04-22 16:23:35.35,s,0,-2,-1,-2,6,6,-9,-1,-21,-16,-3,-1,7,-10,-6,-11,-3,9,17,16,0,-6,-10,-8,-2,1,17,34,1,-8,-10,-2,9,18,24,35,12,-4,-16,-24,4,28,20,31,14,2,-5,3
2025-04-22 16:23:35.37,s,0,2,-6,3,2,16,-7,2,-24,-10,-1,1,9,-10,-7,-12,-2,10,16,19,6,-7,-9,-9,-4,1,19,30,3,-9,-9,0,10,19,20,37,10,-2,-16,-23,2,27,18,33,14,1,-3,3
2025-04-22 16:23:35.38,s,1,5,-3,4,2,9,-8,-2,-33,-15,-2,-1,8,-12,-9,-14,-1,7,16,12,-2,-7,-10,-9,-5,1,21,34,3,-9,-9,1,8,19,25,35,13,-3,-15,-22,7,27,22,34,14,0,-2,2
2025-04-22 16:23:35.39,s,-4,-7,-13,-5,-3,5,-14,-9,-30,-15,-5,-1,6,-13,-7,-10,-3,5,19,15,0,-5,-9,-9,-4,2,23,38,7,-12,-7,0,13,25,31,42,16,-3,-12,-24,5,32,25,39,16,4,-2,3
2025-04-22 16:23:35.40,open,2,9,8,6,7,13,-7,7,-13,-11,-1,4,6,-7,-6,-10,-1,8,24,21,12,-4,-7,-10,-3,4,26,43,7,-9,-3,0,13,27,39,44,21,2,-14,-20,5,37,36,40,22,5,-4,4
2025-04-22 16:23:35.41,open,0,3,-4,0,6,7,-7,-3,-33,-12,-3,3,7,-10,-11,-12,-4,13,21,23,0,-3,-6,-10,-3,4,30,46,8,-6,-7,-1,15,30,42,51,21,5,-13,-18,7,40,38,43,20,6,-3,3
2025-04-22 16:23:35.42,open,1,3,-1,-1,4,6,-8,-5,-31,-16,0,1,8,-12,-7,-11,0,11,24,23,3,-7,-8,-12,0,3,35,48,10,-7,-9,-2,18,30,49,50,24,4,-15,-20,7,44,42,48,23,6,-1,2
2025-04-22 16:23:35.43,open,1,9,4,4,11,9,-1,8,-12,-10,0,8,8,-5,-2,-12,1,15,29,25,17,-3,-8,-9,-3,4,36,51,13,-7,-3,-1,19,37,50,54,24,3,-13,-23,11,47,45,48,24,9,-3,4
2025-04-22 16:23:35.44,open,2,4,-1,1,7,8,-8,-3,-28,-12,-3,6,6,-6,-7,-12,1,12,27,24,4,-2,-9,-9,2,4,39,48,12,-5,-11,1,18,37,54,52,26,2,-17,-24,11,48,47,52,23,6,-1,3
2025-04-22 16:23:35.46,open,0,4,-4,0,5,6,-5,-4,-37,-11,-2,3,9,-8,-9,-12,-1,13,27,22,1,-4,-10,-10,-2,2,39,47,10,-5,-10,0,21,35,52,55,24,1,-14,-24,10,49,44,50,24,4,-5,3
2025-04-22 16:23:35.47,open,0,2,-1,6,4,10,-6,6,-14,-10,1,3,11,-7,-1,-12,2,14,27,25,12,-2,-6,-8,-1,4,37,48,10,-4,-6,1,18,34,53,50,24,4,-16,-22,10,48,45,49,24,5,-5,3
2025-04-22 16:23:35.48,open,2,7,5,5,9,11,0,1,-24,-13,3,7,7,-5,-5,-11,-1,13,29,24,5,-2,-6,-7,0,5,37,49,9,-3,-7,-2,18,38,51,55,25,4,-11,-23,11,49,47,48,24,5,-4,3
2025-04-22 16:23:35.49,open,-1,0,-6,1,1,10,-6,-5,-38,-11,0,3,10,-7,-9,-10,-1,10,29,27,3,-3,-5,-9,1,4,43,53,13,-4,-8,0,18,41,56,57,25,6,-12,-21,10,51,49,51,26,8,-3,3
2025-04-22 16:23:35.50,open,-2,4,-3,5,6,7,-2,6,-19,-7,-1,9,11,-6,2,-12,4,13,34,30,13,1,-6,-5,2,4,40,55,16,-4,-2,1,18,43,57,60,29,6,-9,-21,12,51,53,55,26,9,-3,3
2025-04-22 16:23:35.51,open,1,10,2,9,7,14,-2,2,-22,-10,-1,9,8,-2,-4,-10,0,17,33,28,12,-2,-7,-8,-2,2,46,55,15,-1,-6,0,21,43,60,57,30,6,-12,-19,13,54,52,56,28,9,-2,5
2025-04-22 16:23:35.52,open,-1,10,1,7,7,13,-1,-1,-35,-8,0,5,10,-7,-6,-12,0,15,32,26,4,-3,-8,-9,-1,5,43,54,15,-4,-10,0,22,43,59,55,29,5,-13,-20,9,55,51,55,25,11,1,3
2025-04-22 16:23:35.53,open,1,2,2,2,7,9,-4,6,-21,-9,-1,7,9,-5,1,-9,1,13,33,28,11,0,-7,-8,-1,3,44,51,13,-2,-6,1,18,37,60,57,26,6,-11,-21,13,51,50,53,24,8,0,4
2025-04-22 16:23:35.54,open,1,6,4,5,10,14,-2,3,-21,-8,0,10,8,-5,1,-11,1,15,31,30,11,-3,-3,-8,2,5,42,55,13,-4,-3,0,22,40,56,59,27,8,-9,-16,12,52,51,52,24,8,1,3
2025-04-22 16:23:35.55,open,0,2,0,1,6,10,0,-6,-34,-12,1,6,8,-4,-4,-9,-2,11,31,26,4,-1,-7,-8,-3,3,43,54,15,-1,-5,0,19,40,57,58,28,9,-11,-16,13,50,53,53,24,12,-1,3
2025-04-22 16:23:35.57,open,1,3,1,0,8,8,0,2,-19,-11,-1,7,8,-6,1,-10,0,11,31,27,7,1,-6,-7,-2,3,43,53,12,-1,-5,-1,20,39,57,59,27,9,-11,-17,10,52,51,50,26,9,-3,4
2025-04-22 16:23:35.58,open,1,2,-1,7,5,14,0,6,-22,-7,1,7,13,-4,3,-11,0,15,32,28,12,2,-4,-10,2,3,44,51,15,-2,-1,1,19,41,56,54,30,5,-8,-17,11,49,50,52,25,10,1,3
2025-04-22 16:23:35.59,open,1,8,-1,7,5,13,-1,-1,-33,-11,1,5,9,-7,-2,-12,-1,11,26,26,4,-2,-3,-9,1,5,38,51,13,-4,-7,-1,22,40,54,59,27,8,-10,-16,10,47,51,51,25,10,0,4
2025-04-22 16:23:35.60,open,1,0,-4,0,1,11,-6,-3,-32,-10,-3,6,8,-5,-2,-8,-2,11,27,26,5,-2,-4,-5,-1,4,40,55,15,-3,-6,1,19,40,57,56,28,6,-12,-17,9,52,50,52,25,12,-1,2
2025-04-22 16:23:35.62,open,1,16,8,9,13,16,6,15,-12,-8,4,9,14,-1,3,-8,4,13,34,32,17,4,-4,-2,1,4,42,58,17,-2,1,0,21,42,60,61,33,8,-8,-15,14,52,53,55,27,12,2,4
2025-04-22 16:23:35.63,open,2,5,4,4,8,14,2,-1,-29,-9,3,9,9,1,-2,-8,0,15,30,32,11,1,-3,-5,0,4,44,56,15,0,-3,0,19,43,63,60,31,11,-7,-13,11,55,52,55,27,11,2,2
2025-04-22 16:23:35.64,open,1,6,-3,3,7,9,1,-5,-30,-12,0,7,8,-1,0,-8,2,11,32,30,5,2,-3,-4,0,4,46,56,14,2,-4,-2,23,42,57,59,27,9,-8,-14,10,55,53,52,29,13,2,3
2025-04-22 16:23:35.65,open,2,7,8,7,12,16,6,11,-9,-8,5,11,14,-1,5,-8,2,15,32,34,19,5,1,-5,2,5,46,57,14,2,0,1,19,44,62,57,33,9,-7,-14,12,51,52,56,25,13,1,4
2025-04-22 16:23:35.66,open,2,3,3,3,9,11,2,1,-27,-12,1,8,12,-2,2,-9,-2,14,31,26,9,2,-2,-5,0,5,43,53,17,2,-3,-1,22,39,56,59,29,12,-4,-13,13,50,49,56,25,14,2,3
2025-04-22 16:23:35.67,open,1,4,-1,2,7,10,2,-5,-35,-12,0,6,9,-2,-3,-8,-3,13,27,25,6,-1,-2,-6,0,5,39,54,13,1,-4,1,17,42,57,57,30,10,-8,-12,9,50,51,52,25,11,-1,3
2025-04-22 16:23:35.68,s,-1,2,0,4,5,10,3,9,-13,-10,1,7,11,-2,2,-8,-3,13,26,26,15,1,-2,-4,-2,4,35,51,13,-2,1,-2,20,36,54,54,27,8,-6,-10,11,44,49,52,23,9,3,3
2025-04-22 16:23:35.70,s,2,9,4,7,10,16,2,3,-23,-7,0,9,12,-4,2,-8,-1,9,23,25,7,1,-3,-5,-1,5,33,48,13,-2,-3,0,19,35,52,55,26,8,-5,-13,10,41,47,48,24,10,0,3
2025-04-22 16:23:35.71,s,1,6,-3,5,4,14,-2,-6,-33,-11,1,5,12,-3,-3,-8,-5,9,23,20,3,-1,-3,-5,-2,3,35,48,14,-2,-7,1,17,33,53,52,27,8,-9,-12,10,43,46,49,22,10,1,3
2025-04-22 16:23:35.72,s,-2,5,-1,7,4,15,1,6,-19,-7,-2,10,9,-1,6,-9,-1,8,28,26,13,1,-2,-5,-2,2,36,51,14,-2,2,-1,19,35,55,56,29,6,-5,-13,11,45,47,52,23,13,-1,4
2025-04-22 16:23:35.73,s,1,5,5,7,9,14,7,3,-21,-10,3,9,9,0,4,-9,-3,11,27,26,8,4,0,-1,0,4,39,55,14,1,0,1,22,39,56,59,30,9,-3,-13,11,49,51,56,26,11,0,3
2025-04-22 16:23:35.74,s,1,2,3,4,8,12,7,-4,-33,-12,1,6,12,0,2,-9,-4,9,25,27,4,2,1,-3,0,4,39,51,15,0,-1,1,21,40,60,60,29,12,-7,-9,12,51,54,54,27,13,1,2
2025-04-22 16:23:35.76,s,0,6,2,3,9,13,10,7,-18,-11,3,9,13,4,11,-7,-3,10,28,32,14,8,3,4,-4,5,42,59,16,3,6,0,20,49,64,64,34,10,-1,-10,14,56,60,58,26,15,2,4
2025-04-22 16:23:35.77,s,2,4,6,7,14,17,17,6,-22,-7,4,12,15,9,11,-3,-6,9,27,35,14,10,8,3,-2,5,48,60,18,8,4,1,23,52,70,63,37,16,-1,-7,16,63,63,59,30,16,3,3
2025-04-22 16:23:35.78,s,0,6,3,6,12,18,18,2,-33,-10,4,12,17,9,12,-4,-6,5,27,32,7,11,9,8,-2,4,44,63,18,10,7,-2,27,53,71,68,37,15,-7,-5,16,68,66,63,31,17,3,3
2025-04-22 16:23:35.79,s,1,8,4,9,13,22,19,8,-19,-9,4,15,14,12,15,-1,-10,0,26,27,14,12,6,7,-8,5,40,58,17,9,9,-1,24,50,73,64,34,13,2,-6,12,68,63,62,28,15,4,2
2025-04-22 16:23:35.80,s,-1,8,2,11,14,22,24,10,-18,-7,4,17,15,16,17,-2,-11,2,21,31,19,10,11,10,-7,1,38,53,12,11,11,1,25,48,70,61,31,15,3,-7,17,67,63,58,29,13,4,3
2025-04-22 16:23:35.81,s,2,5,3,8,13,22,24,0,-30,-13,3,14,13,15,15,-2,-14,-7,22,23,4,12,8,11,-9,1,34,51,13,6,8,-2,25,47,68,60,27,12,0,-7,16,69,66,57,23,10,3,3
2025-04-22 16:23:35.82,s,1,-6,-4,5,6,21,22,-1,-29,-13,2,15,15,14,21,-2,-11,-5,23,28,6,12,11,18,-9,1,38,53,11,9,6,1,23,53,74,62,28,8,1,-6,17,77,67,60,23,11,2,2
2025-04-22 16:23:35.83,s,3,13,11,19,17,33,39,15,-9,-7,8,22,22,20,31,2,-7,3,31,41,22,17,19,22,-5,6,46,64,16,11,13,0,27,61,80,68,33,11,1,-5,23,88,77,63,26,12,0,3
2025-04-22 16:23:35.84,s,1,11,6,17,18,30,46,10,-29,-7,6,30,17,25,33,1,-8,11,42,46,16,16,21,29,-5,5,59,73,15,14,16,0,33,69,93,71,33,10,5,-1,24,96,83,71,28,10,3,3
2025-04-22 16:23:35.86,s,0,2,3,11,16,27,43,14,-31,-7,5,34,16,27,36,5,-7,17,51,51,14,16,25,35,-4,9,72,78,17,15,13,2,38,78,101,72,28,12,3,1,25,101,92,70,24,10,-1,3
2025-04-22 16:23:35.87,s,3,12,13,20,24,34,53,22,-6,-5,14,42,20,31,43,4,-5,21,58,57,27,22,25,36,0,8,78,82,14,14,21,2,38,83,103,71,28,5,0,0,25,108,92,70,21,6,-2,4
2025-04-22 16:23:35.88,s,2,13,10,19,22,35,51,17,-30,-6,12,44,21,27,44,4,-6,15,58,62,15,18,27,39,-2,6,82,83,15,15,13,2,39,87,108,70,22,2,-2,0,28,111,97,72,19,0,-1,4
2025-04-22 16:23:35.89,s,0,8,7,17,23,37,56,15,-34,-10,11,49,21,36,50,5,-7,17,62,67,19,21,32,45,1,9,86,96,15,17,15,1,46,92,115,75,21,3,-4,-4,28,116,99,71,19,-3,-4,4
2025-04-22 16:23:35.90,s,-1,12,12,29,28,47,68,25,-9,1,19,63,33,44,66,13,-1,25,75,83,43,30,41,59,4,9,106,110,26,24,28,1,51,102,126,80,30,6,0,1,34,120,108,78,23,2,-3,3
2025-04-22 16:23:35.91,s,2,17,19,34,34,54,76,27,-20,2,24,80,36,59,71,18,0,31,87,89,41,41,44,66,4,10,114,122,31,27,29,2,58,109,132,89,32,6,7,2,35,123,109,82,23,1,-2,3
2025-04-22 16:23:35.92,s,1,5,11,27,31,54,77,20,-35,-1,23,81,39,67,72,14,-2,32,87,90,33,42,49,68,6,11,116,117,28,33,27,3,57,111,132,84,26,10,3,1,37,125,108,82,18,1,-5,2
2025-04-22 16:23:35.93,s,1,11,22,35,41,68,94,32,3,5,29,89,44,83,92,17,4,40,96,96,57,51,54,72,6,13,118,121,33,35,36,2,62,114,136,87,25,10,5,-3,44,122,114,81,14,1,-7,4
2025-04-22 16:23:35.94,s,3,18,19,41,48,81,103,30,-14,4,28,86,51,89,98,17,6,38,93,90,49,55,57,73,7,11,116,119,31,37,32,4,59,115,135,84,22,10,1,-2,42,127,113,76,14,-3,-6,3
2025-04-22 16:23:35.96,s,2,11,17,34,47,79,101,26,-33,3,19,84,45,92,93,16,4,32,84,88,38,58,58,71,6,10,112,114,31,40,31,3,63,113,131,85,22,8,0,-4,46,125,113,73,11,-3,-7,3
2025-04-22 16:23:35.97,s,-2,14,17,34,48,80,102,31,1,8,22,89,51,94,105,16,10,38,91,91,60,59,59,71,5,12,113,117,31,44,36,3,62,116,136,83,22,13,2,0,48,125,111,76,9,-2,-9,3
2025-04-22 16:23:35.98,s,3,16,21,34,51,83,102,32,-11,12,22,87,54,97,102,17,14,45,88,94,59,62,59,72,11,12,114,122,38,46,33,4,64,120,136,85,30,13,5,0,52,126,113,84,15,0,-4,3
2025-04-22 16:23:35.99,s,2,14,18,32,54,79,103,26,-31,8,24,85,55,96,99,16,14,44,90,95,61,68,57,75,14,11,118,122,39,50,32,3,69,119,138,85,30,19,5,-1,55,124,115,84,12,4,-5,2
2025-04-22 16:23:36.00,s,1,10,20,34,57,80,104,31,2,10,27,91,60,102,105,16,18,49,92,102,69,72,58,70,13,12,118,126,46,50,36,2,71,118,137,89,35,22,5,3,55,127,116,82,19,4,-5,2
2025-04-22 16:23:36.01,s,2,14,21,40,67,89,110,38,-5,9,29,102,67,114,108,18,15,46,89,105,80,77,60,70,15,11,114,130,53,60,40,2,72,119,136,88,41,25,5,0,58,127,113,84,23,6,-5,3
2025-04-22 16:23:36.02,s,3,22,19,49,73,94,108,30,-30,9,28,105,76,115,107,15,12,35,85,105,85,81,62,68,9,10,113,129,62,64,35,2,69,114,134,87,50,30,3,0,51,127,111,82,26,12,-5,3
2025-04-22 16:23:36.03,s,-2,5,10,35,68,86,103,24,-15,1,22,99,72,120,102,10,9,30,72,99,87,82,56,67,7,8,105,122,59,62,33,1,66,110,129,86,43,29,4,-5,51,127,110,75,20,8,-5,2
2025-04-22 16:23:36.05,s,4,26,26,54,81,103,112,40,6,6,21,103,79,127,109,12,11,26,68,104,89,88,59,64,8,9,97,123,60,66,36,5,62,110,126,84,46,30,1,-4,50,123,105,78,19,10,-7,3
2025-04-22 16:23:36.06,s,2,17,18,51,84,99,106,28,-28,3,24,107,89,127,108,13,7,24,73,105,100,93,57,64,6,11,100,129,69,72,32,3,63,110,128,83,51,34,4,-4,49,127,107,80,26,12,-6,3
2025-04-22 16:23:36.07,s,1,14,21,56,91,103,104,26,-23,4,22,123,101,134,106,12,6,23,73,114,113,102,57,62,4,7,102,136,84,82,31,4,60,107,129,86,56,46,5,-5,51,124,108,82,30,20,-4,3
2025-04-22 16:23:36.08,s,4,22,29,64,97,109,107,40,10,8,28,125,108,137,107,8,9,24,73,116,123,104,58,60,3,10,99,135,85,87,39,2,60,105,127,90,61,45,3,-5,46,125,104,81,32,19,-6,2
2025-04-22 16:23:36.09,s,1,19,19,55,92,102,104,30,-30,3,22,123,103,132,98,9,2,17,66,112,113,104,53,58,1,8,92,134,86,83,30,2,57,105,124,86,58,49,5,-7,47,123,103,78,28,21,-8,3
2025-04-22 16:23:36.11,s,1,8,19,51,94,102,98,23,-31,3,22,131,108,139,101,8,2,17,72,117,120,107,59,57,3,8,95,136,94,91,31,1,57,102,121,88,64,54,2,-5,44,121,105,81,33,22,-5,0
2025-04-22 16:23:36.12,s,2,14,29,60,104,107,108,35,10,8,29,135,117,145,111,4,6,17,72,120,131,118,61,54,3,9,87,141,95,97,42,1,55,98,120,87,64,62,5,-5,44,120,102,80,33,26,-2,4
2025-04-22 16:23:36.13,s,2,21,26,65,104,112,113,35,-23,4,27,131,113,144,103,4,2,14,63,115,126,114,57,55,0,8,83,133,92,92,37,4,54,94,116,83,61,59,7,-8,44,121,94,78,30,24,-4,3
2025-04-22 16:23:36.14,s,0,9,19,59,97,111,105,25,-35,3,23,137,112,145,108,5,-2,14,63,119,127,114,60,55,1,8,81,137,96,94,35,1,54,98,114,83,62,65,5,-4,43,117,98,75,32,25,-4,0
2025-04-22 16:23:36.15,s,3,13,30,63,109,111,111,33,7,6,30,140,118,147,114,4,2,17,63,122,133,116,61,55,2,7,81,136,95,96,39,2,51,95,110,82,64,64,7,-8,42,117,93,74,29,30,-5,4
2025-04-22 16:23:36.16,s,3,17,28,66,103,114,110,33,-17,8,27,138,117,149,107,6,-1,15,62,116,132,117,58,59,1,5,81,134,95,98,35,2,51,94,111,82,65,64,6,-5,43,117,91,75,30,29,-3,3
2025-04-22 16:23:36.17,s,1,16,21,62,102,110,104,25,-32,5,22,141,111,144,100,5,-3,13,57,117,126,112,56,53,-2,6,74,133,94,92,32,1,54,91,104,79,63,60,4,-7,42,117,87,70,32,25,-6,2
2025-04-22 16:23:36.19,s,1,16,28,62,106,111,106,32,2,3,28,135,115,144,110,4,4,15,58,119,127,112,60,54,3,7,75,134,94,91,38,1,55,90,108,82,62,61,7,-6,42,119,90,68,31,26,-7,3
2025-04-22 16:23:36.20,s,2,19,29,63,107,111,111,31,-11,8,25,140,113,150,108,7,1,16,65,118,131,118,59,58,2,7,79,134,95,95,36,2,53,95,108,83,62,65,7,-5,46,117,92,74,31,29,-2,2
2025-04-22 16:23:36.21,s,1,17,20,62,101,110,106,25,-39,8,25,135,110,147,106,6,-1,16,59,118,125,114,59,55,0,9,75,134,94,92,36,1,55,92,103,82,61,58,8,-5,42,117,87,71,30,27,-5,2
2025-04-22 16:23:36.22,s,-1,16,21,64,102,114,110,30,1,6,29,139,116,152,118,7,4,16,63,119,128,120,64,59,2,6,80,133,94,94,40,1,55,92,106,83,60,64,8,-4,44,116,88,70,30,26,-5,2
2025-04-22 16:23:36.23,s,0,19,26,70,109,120,119,40,-7,12,35,148,122,156,121,10,5,21,73,122,135,123,69,60,5,8,80,138,99,100,45,1,55,91,110,82,65,67,7,-2,44,116,92,71,33,30,-3,2
2025-04-22 16:23:36.24,s,1,19,23,66,104,115,110,25,-32,8,30,146,120,158,112,9,1,16,70,119,132,122,65,61,-1,9,83,133,101,100,38,2,53,90,109,82,62,68,10,-2,46,117,87,74,32,32,-4,2
2025-04-22 16:23:36.26,s,0,5,18,55,100,111,106,27,-17,8,26,147,117,158,114,7,2,18,66,123,132,120,66,60,1,7,79,134,98,103,41,1,51,89,104,83,65,65,12,-5,42,115,85,72,31,29,-2,2
2025-04-22 16:23:36.27,s,4,29,35,76,113,123,116,39,5,13,36,148,123,155,118,10,6,18,68,125,136,122,68,60,2,8,79,134,98,102,43,3,53,87,105,83,64,67,12,-1,40,114,87,68,30,34,-2,4
2025-04-22 16:23:36.28,s,2,18,27,64,108,112,112,29,-27,6,33,145,117,154,107,8,-2,16,67,120,128,120,62,60,-2,5,76,130,98,98,37,1,51,85,102,81,61,65,9,-2,39,112,84,69,31,29,-2,1
2025-04-22 16:23:36.29,s,2,16,25,64,106,110,109,24,-24,8,28,145,115,152,109,9,0,14,65,118,129,117,61,58,-2,9,74,132,97,96,38,2,47,87,101,78,60,63,8,-1,37,113,84,70,29,32,-2,2
2025-04-22 16:23:36.30,s,4,29,35,73,113,120,116,40,13,13,37,146,122,152,118,7,5,19,65,124,135,121,65,60,0,4,77,131,97,96,41,4,47,89,102,81,62,62,12,-5,42,114,83,69,30,31,0,4
2025-04-22 16:23:36.31,s,2,22,26,68,109,113,113,31,-26,13,33,143,120,152,111,7,2,16,65,119,130,117,64,62,1,6,75,131,95,95,40,2,53,87,100,80,62,60,9,-2,37,113,86,64,31,30,-2,2
2025-04-22 16:23:36.32,s,1,11,21,57,105,109,108,25,-27,8,33,143,120,154,113,7,2,21,67,120,130,119,64,60,0,5,77,131,99,100,38,2,49,86,101,83,64,66,13,0,39,112,86,69,31,32,-1,1
2025-04-22 16:23:36.33,s,2,17,31,65,111,115,116,37,15,12,37,147,121,160,120,9,6,18,68,120,137,122,66,61,0,5,76,130,95,102,44,2,50,85,97,78,61,67,12,0,37,111,82,67,29,30,1,2
2025-04-22 16:23:36.35,s,4,30,36,73,119,120,120,35,-18,13,37,149,125,157,118,10,2,19,66,123,136,122,68,60,2,6,76,133,98,103,40,3,47,86,100,78,66,66,11,-4,37,111,82,70,31,31,0,3
2025-04-22 16:23:36.36,s,2,14,23,61,111,113,113,26,-30,9,36,148,123,156,116,7,1,18,66,120,134,121,69,60,1,6,76,134,98,103,39,2,49,84,99,81,62,66,12,0,36,109,83,67,30,32,1,1
2025-04-22 16:23:36.37,s,2,17,29,66,111,117,111,33,8,15,35,151,123,158,120,10,4,19,67,122,136,120,68,59,1,8,70,131,98,98,44,2,46,85,96,78,64,61,13,-4,37,109,77,66,28,30,-1,2
2025-04-22 16:23:36.38,s,3,30,35,72,110,120,112,30,-16,17,36,150,119,158,113,12,2,17,67,122,130,120,66,58,2,8,74,129,95,96,41,0,49,84,97,77,61,58,11,-1,37,108,81,63,27,28,-2,4
2025-04-22 16:23:36.39,s,2,18,25,65,107,111,107,25,-33,12,31,147,116,152,107,9,-2,17,66,118,127,114,65,59,0,6,75,129,92,95,38,1,49,82,96,76,57,60,12,-4,36,109,79,61,30,27,-3,1
2025-04-22 16:23:36.40,s,-2,21,29,66,109,111,111,31,8,12,33,150,116,153,114,10,4,21,70,118,126,117,63,60,-2,8,74,130,91,90,44,1,49,84,100,77,58,57,9,0,37,109,82,63,24,28,-3,2
2025-04-22 16:23:36.42,s,3,26,36,69,108,111,116,31,-8,16,35,148,110,151,110,10,4,24,71,116,118,112,65,64,1,4,79,125,81,88,38,2,49,89,99,78,53,50,13,-1,37,113,82,65,25,19,0,2
2025-04-22 16:23:36.43,s,2,16,24,64,86,105,107,24,-35,16,36,140,96,140,109,13,2,24,72,112,101,101,66,68,0,9,81,119,71,76,38,3,51,87,101,74,42,42,8,-2,40,114,83,59,19,12,-5,1
2025-04-22 16:23:36.44,s,2,19,33,65,79,104,112,29,5,16,38,138,85,131,123,17,7,27,76,110,86,92,68,71,3,9,82,113,54,66,38,4,49,93,103,69,32,25,8,2,41,114,85,56,10,7,-5,3
2025-04-22 16:23:36.45,s,1,27,39,71,74,109,126,41,-3,20,44,142,72,131,127,19,10,39,86,108,76,89,76,79,6,8,92,113,39,61,43,4,55,94,109,69,23,19,8,8,43,115,91,54,2,2,-3,3
2025-04-22 16:23:36.46,s,3,26,35,67,64,101,122,31,-27,14,43,140,63,127,125,21,11,40,89,105,59,83,78,83,6,9,94,113,33,54,41,1,59,99,109,70,17,11,11,8,44,118,91,57,1,1,-5,2
2025-04-22 16:23:36.47,s,0,13,27,58,52,94,111,25,-14,10,39,134,54,121,125,22,9,40,90,98,48,78,78,85,6,8,96,104,25,49,42,1,57,97,111,67,12,11,8,11,42,119,92,54,1,-2,-2,2
2025-04-22 16:23:36.48,s,4,28,39,72,60,101,120,41,2,16,41,132,60,115,132,24,14,45,93,99,60,78,82,87,11,9,101,105,21,50,43,4,58,102,113,69,17,9,9,13,47,117,97,58,2,-1,-1,4
2025-04-22 16:23:36.49,s,0,18,28,63,50,91,113,27,-29,3,36,125,48,108,121,23,8,41,90,90,32,68,76,88,6,10,98,98,17,41,37,3,54,100,110,66,10,5,8,16,40,116,94,54,-2,-2,-2,3
2025-04-22 16:23:36.50,s,0,7,21,49,42,76,103,25,-30,0,28,105,44,93,115,20,8,35,85,83,29,52,74,85,8,8,94,89,15,32,35,2,51,94,103,64,8,-1,11,11,38,115,89,54,-3,-2,-1,2
2025-04-22 16:23:36.52,s,3,18,35,56,49,79,112,38,3,2,28,103,41,93,119,23,10,42,87,77,53,50,71,86,9,9,91,85,15,27,39,2,51,89,102,60,9,0,11,10,36,111,85,52,0,-6,-2,3
2025-04-22 16:23:36.53,s,2,9,19,38,36,67,96,25,-31,-2,18,82,33,74,104,20,5,32,75,63,23,33,59,77,5,8,80,70,11,19,28,3,42,78,93,51,8,-5,5,8,30,105,78,42,1,-6,-1,2
2025-04-22 16:23:36.54,s,0,1,8,19,21,49,78,17,-40,-6,7,55,25,52,81,12,0,22,48,40,8,16,44,63,0,6,51,48,4,13,21,1,34,65,68,30,0,-5,0,6,20,84,61,31,-7,-7,-3,0
2025-04-22 16:23:36.55,s,1,5,9,15,18,35,65,20,-4,-7,6,33,23,32,58,7,1,13,32,24,23,19,30,51,-3,3,32,26,1,7,17,1,29,49,49,23,4,-6,0,1,16,71,46,27,-2,-7,-5,3
2025-04-22 16:23:36.56,s,2,13,11,12,22,29,51,15,-23,-9,1,16,19,19,35,0,-8,1,12,14,8,11,23,36,-4,1,12,16,-4,6,7,1,21,29,31,18,4,-4,-5,-1,11,49,39,24,3,-2,-5,3
2025-04-22 16:23:36.57,s,0,-3,-1,2,8,20,33,6,-37,-14,-7,4,12,10,22,-2,-11,-15,2,1,-6,6,12,24,-6,1,0,10,-5,1,0,1,16,26,28,23,5,-5,-5,-8,6,40,30,25,8,-4,-6,0
2025-04-22 16:23:36.59,s,0,0,-2,2,7,16,22,3,-15,-10,-10,2,9,4,19,-8,-9,-19,-6,0,9,1,4,17,-9,-3,-4,6,-3,-5,-1,0,15,20,24,26,6,-6,-12,-10,3,34,28,24,8,-3,-5,0
2025-04-22 16:23:36.60,s,0,7,5,1,12,15,15,-1,-20,-12,-7,-4,11,0,4,-9,-9,-23,-9,-7,0,-2,1,8,-7,-1,-10,7,-6,-3,-4,2,10,15,20,21,3,-4,-12,-12,3,27,19,26,6,-3,-6,2
2025-04-22 16:23:36.61,s,2,3,2,-1,5,13,3,-9,-36,-13,-15,-4,4,-3,-5,-9,-10,-19,-13,-10,-11,-5,-6,0,-7,0,-6,3,-6,-7,-8,-2,9,12,17,18,2,-5,-15,-15,1,21,13,21,4,-2,-8,0
2025-04-22 16:23:36.62,s,1,1,1,-2,6,9,-3,-1,-19,-18,-13,-5,4,-5,-1,-9,-11,-13,-14,-12,0,-4,-6,-2,-8,-3,-6,1,-6,-9,-8,0,8,7,13,12,2,-5,-17,-18,-4,18,9,17,2,-4,-9,1
2025-04-22 16:23:36.63,s,1,4,-1,2,5,10,-2,1,-25,-15,-12,-5,5,-7,-3,-10,-10,-13,-11,-12,-3,-5,-8,-3,-9,0,-10,3,-6,-10,-6,-2,8,7,10,11,1,-7,-18,-18,-4,17,4,19,4,-6,-6,2
2025-04-22 16:23:36.64,s,-3,0,-5,-4,0,8,-8,-9,-36,-19,-12,-11,7,-12,-7,-9,-10,-14,-12,-10,-13,-5,-7,-6,-7,-2,-4,3,-6,-12,-12,0,3,10,8,10,0,-7,-18,-20,-4,16,5,15,1,-3,-8,2
2025-04-22 16:23:36.65,s,-2,-1,-6,-3,3,4,-5,0,-21,-19,-11,-10,1,-8,-6,-11,-7,-12,-9,-9,-6,-8,-7,-9,-7,0,-2,3,-7,-14,-11,-1,5,11,8,9,3,-12,-18,-19,-4,18,4,15,1,-5,-5,1
2025-04-22 16:23:36.67,s,-2,8,3,6,7,16,0,10,-16,-11,-8,-4,7,-6,-4,-9,-6,-4,-5,-6,4,-5,-5,-7,-3,0,1,6,-4,-10,-7,0,6,12,9,11,0,-7,-17,-18,0,17,5,17,2,-3,-7,1
2025-04-22 16:23:36.68,s,0,3,-3,-1,0,8,-8,-5,-34,-14,-10,-9,7,-12,-7,-10,-6,-8,-1,-1,-9,-5,-6,-5,-5,0,1,9,-5,-13,-12,0,5,9,9,10,1,-9,-19,-20,-1,16,5,14,2,-4,-8,2
2025-04-22 16:23:36.69,s,-3,-8,-11,-8,-4,3,-12,-6,-32,-20,-10,-7,4,-10,-9,-12,-5,-6,-1,-1,-8,-7,-7,-6,-6,2,2,8,-5,-10,-12,-2,9,9,7,14,1,-8,-16,-18,0,15,5,15,4,-4,-5,0
2025-04-22 16:23:36.70,s,2,7,5,2,8,11,-4,7,-11,-11,-8,1,5,-7,-3,-11,-4,1,4,3,5,-3,-7,-7,-2,0,5,13,-5,-9,-7,1,8,11,10,12,3,-10,-17,-21,3,18,2,17,3,-3,-5,2
2025-04-22 16:23:36.71,s,1,0,0,-3,5,6,-2,0,-30,-11,-7,-3,5,-9,-5,-9,-5,2,3,4,-4,-5,-7,-5,-3,2,4,16,-4,-13,-8,-3,8,9,10,12,3,-7,-17,-19,1,17,4,15,2,-3,-5,2
2025-04-22 16:23:36.72,s,-2,-3,-5,-7,1,5,-11,-7,-32,-15,-7,-3,3,-10,-10,-11,-4,1,4,2,-8,-5,-10,-4,-5,-1,7,16,-1,-12,-9,0,8,14,12,15,1,-7,-16,-22,3,18,6,16,4,-2,-5,0
2025-04-22 16:23:36.73,s,1,9,5,4,7,7,-4,11,-10,-12,-5,-1,7,-13,-1,-10,1,1,9,9,5,-3,-7,-4,-5,1,7,15,-4,-10,-7,-2,10,12,8,18,2,-7,-16,-18,3,18,3,17,4,-3,-5,3
2025-04-22 16:23:36.75,s,0,3,-4,1,0,7,-7,-1,-30,-14,-4,-3,6,-14,-10,-12,-3,2,4,8,-8,-4,-7,-7,-3,2,7,16,-2,-14,-9,0,10,14,12,15,3,-10,-17,-20,1,18,8,16,3,-4,-5,1
2025-04-22 16:23:36.76,s,-3,1,-6,-1,-1,2,-8,-5,-34,-15,-7,-2,1,-16,-9,-9,-4,0,4,7,-9,-8,-9,-8,-6,2,6,19,-3,-14,-14,1,10,15,12,17,2,-8,-19,-21,1,23,7,15,3,-4,-7,0
2025-04-22 16:23:36.77,s,-3,-3,-8,-1,-1,6,-10,3,-14,-13,-7,2,3,-11,-4,-11,0,2,11,9,1,-3,-8,-5,-2,0,14,19,1,-13,-9,0,11,18,16,20,6,-8,-19,-22,1,27,10,23,8,-6,-5,2
2025-04-22 16:23:36.78,s,1,8,5,6,5,13,-5,4,-24,-8,-4,2,9,-12,-3,-12,4,9,13,14,-1,-3,-8,-3,-3,3,16,30,0,-10,-6,0,16,22,18,31,6,-5,-17,-21,4,33,14,27,11,-4,-5,2
2025-04-22 16:23:36.79,s,0,-4,-3,-6,5,7,-4,-3,-34,-13,-4,3,5,-8,-4,-8,5,10,15,15,-3,0,-5,-1,0,0,22,34,1,-6,-9,2,15,27,24,33,9,-3,-16,-19,5,36,20,30,14,1,-5,0
2025-04-22 16:23:36.81,s,0,-2,-4,-1,3,10,-5,6,-18,-8,-4,6,8,-5,3,-8,8,15,17,19,10,0,-2,-1,3,1,24,32,1,-6,-3,-2,19,26,23,35,9,-7,-13,-21,8,36,18,33,10,0,-4,2
2025-04-22 16:23:36.82,open,0,6,-1,4,6,15,-2,2,-22,-11,0,4,11,-5,0,-9,7,12,19,16,4,1,-3,-3,3,2,21,32,4,-9,-4,0,17,26,23,34,10,-7,-18,-21,7,33,19,27,9,-2,-8,2
2025-04-22 16:23:36.83,open,0,4,0,1,3,13,-4,-5,-33,-10,-4,1,9,-8,-3,-11,5,9,17,14,-2,-3,-4,-6,2,2,16,31,2,-8,-9,-2,17,22,22,30,7,-6,-17,-23,6,28,17,27,9,-3,-4,0
2025-04-22 16:23:36.84,open,-2,2,-1,1,4,10,-5,5,-21,-9,-3,5,6,-4,-2,-9,1,11,15,12,6,0,-6,-5,-2,3,16,25,3,-10,-4,0,16,19,17,28,6,-5,-17,-21,3,27,12,22,9,-5,-10,1
2025-04-22 16:23:36.85,open,1,5,-1,3,6,12,-6,1,-21,-11,-5,5,8,-4,-4,-11,1,9,12,14,5,0,-3,-5,1,3,14,29,1,-6,-5,-2,15,21,17,30,10,-6,-13,-22,7,28,14,25,9,1,-3,3
2025-04-22 16:23:36.86,open,0,1,0,-2,6,7,-6,-3,-33,-14,-2,-1,10,-9,-5,-9,1,5,12,9,-3,1,-6,-5,-2,1,18,26,2,-6,-9,0,12,17,21,26,12,-4,-15,-20,3,27,13,26,14,2,-5,1
2025-04-22 16:23:36.87,open,0,0,1,-1,1,10,-11,0,-24,-11,-5,2,8,-12,-4,-10,0,4,11,9,1,0,-9,-6,-5,3,11,27,4,-9,-5,-1,14,18,16,29,9,-4,-14,-19,1,25,14,26,11,0,-1,2
2025-04-22 16:23:36.88,open,0,10,5,8,10,16,-5,10,-18,-7,-3,4,11,-8,-2,-12,3,5,13,10,11,0,-6,-6,-4,2,12,24,2,-6,-7,0,9,18,16,25,8,-2,-13,-20,4,24,12,28,11,2,-2,2
2025-04-22 16:23:36.89,open,0,6,-4,3,2,11,-9,-5,-31,-14,-7,3,6,-7,-9,-10,-4,5,8,6,-1,-2,-8,-9,-3,1,9,22,1,-9,-9,-3,12,12,13,26,7,-2,-15,-21,1,22,7,25,9,1,-3,2
2025-04-22 16:23:36.90,open,0,-3,-7,-5,2,3,-10,-5,-32,-16,-4,-1,8,-9,-9,-14,-2,0,5,7,-1,-4,-6,-8,-2,1,11,19,2,-8,-10,1,8,11,12,22,5,-7,-14,-22,1,21,6,24,8,-2,-6,2
2025-04-22 16:23:36.91,open,1,9,7,4,10,12,-4,9,-11,-13,-1,2,12,-6,-1,-9,-2,0,10,6,9,1,-8,-9,-3,1,10,18,1,-8,-5,0,10,13,10,24,8,-7,-15,-21,-1,23,6,23,9,-3,-4,2
2025-04-22 16:23:36.92,open,1,1,1,2,4,12,-9,0,-32,-11,-4,-1,11,-8,-4,-11,-4,-1,7,4,-1,0,-7,-5,-7,2,7,20,1,-8,-10,1,8,15,12,19,8,-5,-17,-22,2,18,10,23,10,-3,-3,1
2025-04-22 16:23:36.93,open,0,-2,-7,0,0,9,-12,-6,-35,-13,-8,2,5,-6,-6,-9,-6,-2,4,5,-5,1,-6,-8,-4,0,10,17,2,-8,-10,1,7,15,15,20,6,-4,-17,-21,1,23,6,25,9,1,-3,2
2025-04-22 16:23:36.94,open,1,11,4,8,7,15,-1,14,-14,-9,-2,5,10,-2,-1,-10,-4,5,10,7,12,1,-8,-6,-6,1,7,22,0,-6,-3,-2,10,13,14,25,7,-3,-13,-18,0,23,10,22,11,0,-5,4
2025-04-22 16:23:36.95,open,1,7,0,1,8,10,-4,2,-30,-12,-2,-1,11,-6,-3,-10,-6,-1,10,5,0,1,-8,-7,-5,2,8,22,0,-7,-7,-2,11,14,16,26,9,-5,-13,-21,4,25,9,26,11,-2,-2,2
2025-04-22 16:23:36.96,open,1,2,-3,2,5,9,-6,-5,-34,-14,-4,-1,9,-7,-5,-12,-6,1,4,6,-4,0,-6,-8,-4,2,8,21,1,-9,-8,-2,12,14,16,23,8,-3,-16,-18,1,26,12,23,9,3,-3,2
2025-04-22 16:23:36.98,open,1,1,1,2,2,13,-7,7,-13,-13,-2,-1,11,-6,1,-12,-2,1,7,9,9,-2,-5,-6,-2,1,12,19,3,-6,-7,1,9,16,15,26,8,-2,-15,-19,2,25,12,24,11,2,-5,2
2025-04-22 16:23:36.99,open,1,6,5,6,6,15,-6,0,-23,-14,-2,2,7,-4,-5,-9,-8,1,7,9,4,-2,-5,-7,-6,2,8,23,1,-9,-5,-2,13,14,17,26,10,-5,-14,-21,4,24,14,26,10,3,-3,2
2025-04-22 16:23:37.00,open,-3,4,-4,0,6,8,-6,-7,-35,-16,-4,-1,7,-8,-5,-11,-8,0,7,3,-7,0,-6,-7,-5,0,12,19,-1,-6,-9,-2,14,18,16,25,9,-6,-12,-20,1,25,12,22,13,-1,-3,1
2025-04-22 16:23:37.02,open,1,2,2,0,6,8,-5,6,-17,-15,-5,-2,9,-8,-1,-9,-6,1,7,6,5,0,-10,-8,-5,1,7,22,0,-8,-7,0,10,17,16,22,9,-3,-15,-22,3,23,14,26,9,2,-5,1
2025-04-22 16:23:37.03,open,1,4,0,1,6,11,-5,1,-23,-13,-3,3,6,-5,-3,-9,-6,1,8,5,4,0,-8,-8,-3,1,10,23,2,-8,-7,0,13,17,20,28,8,-2,-13,-18,2,27,14,26,11,2,-4,3
2025-04-22 16:23:37.04,open,1,5,2,0,7,10,-4,-3,-34,-14,-4,0,9,-5,-5,-9,-6,-2,9,5,-2,0,-7,-5,-4,0,13,22,2,-6,-11,0,13,20,20,28,11,-3,-11,-21,4,27,15,25,14,2,-4,3
2025-04-22 16:23:37.05,open,1,0,1,-1,5,10,-8,2,-18,-13,-4,3,6,-2,-1,-9,-4,3,9,8,8,2,-6,-5,-5,1,14,22,4,-5,-8,0,13,20,20,30,10,-1,-12,-18,5,26,18,28,11,5,-3,3
2025-04-22 16:23:37.06,open,1,5,5,3,9,15,-4,3,-19,-10,-5,5,8,-2,1,-7,-1,3,9,11,6,2,-6,-4,-5,1,13,23,5,-4,-8,0,14,22,22,29,11,1,-11,-18,7,29,17,31,12,3,-2,2
2025-04-22 16:23:37.07,open,1,4,-1,3,5,15,-2,-2,-32,-14,-3,3,7,-2,-4,-11,-4,2,8,9,0,1,-5,-4,-4,0,15,25,2,-6,-8,-2,14,22,21,31,11,-3,-15,-19,3,31,17,28,12,3,-5,1
2025-04-22 16:23:37.08,open,-2,3,-4,1,2,14,-5,2,-21,-11,-7,4,9,-4,2,-7,-2,1,10,8,3,-2,-3,-5,-3,2,14,26,4,-7,-5,-2,14,21,19,29,12,-4,-11,-20,2,31,15,30,13,2,-5,2
2025-04-22 16:23:37.09,open,1,12,9,7,13,18,7,11,-15,-8,-1,5,10,1,2,-9,-1,6,12,10,8,5,-2,-5,-2,3,14,26,2,-4,-3,1,11,22,20,28,12,-3,-12,-18,2,29,15,26,13,1,-1,3
2025-04-22 16:23:37.10,open,2,4,1,0,7,10,0,-1,-32,-11,-4,1,12,-4,-1,-11,-3,1,6,10,-1,2,-3,-5,-2,1,14,25,1,-5,-8,1,13,20,21,27,9,0,-15,-17,5,27,15,30,10,4,-2,1
2025-04-22 16:23:37.12,open,1,-2,-4,-4,4,7,-6,-4,-30,-15,-5,-2,9,-5,-3,-9,-6,2,8,6,1,0,-5,-4,-6,3,13,23,3,-5,-9,0,11,20,18,29,9,-2,-11,-17,4,25,13,29,11,4,-2,2
2025-04-22 16:23:37.13,open,0,8,2,6,6,15,-4,9,-15,-8,-3,3,11,-4,4,-9,-3,3,10,9,13,2,-5,-5,-3,2,12,26,5,-5,-3,1,14,20,22,29,10,0,-12,-15,4,26,19,27,12,4,-3,4
2025-04-22 16:23:37.15,open,0,8,-1,6,6,15,-4,-2,-27,-11,-7,5,8,-5,-1,-7,-4,1,10,9,0,1,-3,-6,-2,2,14,27,2,-6,-4,-3,15,18,22,30,11,-3,-10,-17,7,28,19,30,12,6,-3,2
2025-04-22 16:23:37.16,open,0,0,-7,0,-1,10,-9,-7,-31,-15,-5,1,8,-4,-4,-9,-5,2,8,10,-1,1,-5,-4,-4,2,12,29,4,-4,-8,1,14,20,24,30,9,2,-11,-15,4,29,19,28,12,6,-4,2
2025-04-22 16:23:37.17,open,2,11,7,9,10,14,3,15,-9,-13,0,4,12,-1,3,-10,0,5,9,15,14,3,-3,-4,-2,2,11,29,2,-6,-1,0,12,22,20,31,13,-2,-15,-17,3,31,17,28,11,6,-3,4
2025-04-22 16:23:37.18,open,1,7,0,3,8,11,1,-1,-26,-12,-2,4,9,-4,1,-8,-2,0,11,9,1,3,-3,-3,-5,3,13,23,5,-6,-4,1,15,19,24,30,10,1,-10,-19,7,29,17,31,14,2,-1,3
2025-04-22 16:23:37.19,open,0,2,-1,2,2,14,-4,-2,-32,-13,-4,3,7,-2,-3,-7,-3,-2,9,8,-3,2,-5,-5,-3,2,12,24,2,-7,-5,-2,14,18,20,30,10,0,-12,-18,3,28,14,24,14,3,-3,1
2025-04-22 16:23:37.20,open,0,-1,-1,2,4,12,-5,7,-16,-10,-4,1,11,-5,4,-11,-2,1,8,8,8,2,-5,-4,-3,2,8,23,1,-5,-3,-2,14,15,19,26,6,1,-11,-16,3,25,14,25,10,4,-4,2
2025-04-22 16:23:37.21,open,2,9,8,6,10,16,-3,1,-22,-12,-2,5,8,-2,0,-7,-4,-1,6,6,4,3,-5,-3,-6,0,12,19,3,-5,-5,0,11,15,18,25,10,-2,-13,-17,3,23,14,27,8,3,-3,3
2025-04-22 16:23:37.22,open,0,0,-1,-2,5,10,-5,-8,-34,-15,-4,-1,9,-7,-4,-10,-6,-5,5,6,-7,0,-3,-3,-6,0,10,21,1,-9,-5,-1,10,13,18,23,9,-4,-12,-20,4,24,10,27,10,0,-1,0
2025-04-22 16:23:37.24,open,0,-3,-1,-1,4,9,-4,7,-17,-14,-3,2,8,-2,-2,-10,-5,-2,8,8,7,3,-7,-5,-5,2,10,22,1,-6,-3,-2,10,18,15,28,9,-4,-11,-19,1,27,12,26,9,4,-3,2
2025-04-22 16:23:37.25,open,1,3,2,1,2,14,-5,1,-23,-12,-1,2,7,-2,-2,-10,-7,3,8,9,4,3,-6,-4,-4,1,12,21,1,-4,-6,0,11,18,20,26,9,1,-12,-16,5,25,17,26,10,5,-1,2
2025-04-22 16:23:37.26,open,0,4,-2,3,5,9,-2,-5,-32,-14,-3,1,9,-6,-1,-11,-6,0,5,10,-3,2,-5,-3,-5,1,11,25,3,-5,-9,0,14,18,20,31,10,-3,-11,-15,4,26,17,26,14,3,-2,1
2025-04-22 16:23:37.27,s,1,0,2,0,6,11,-1,6,-18,-11,-3,5,10,-4,4,-10,-2,1,8,8,7,4,-6,-3,-5,2,13,24,2,-6,-16,-2,16,19,20,29,12,-1,-13,-18,3,29,14,27,11,3,-5,1
2025-04-22 16:23:37.29,s,1,9,1,6,5,16,-3,3,-19,-12,-1,5,10,-2,2,-11,-2,0,11,10,5,2,-2,-5,0,2,12,25,2,-4,-3,-2,15,19,21,31,12,-1,-11,-18,7,26,18,30,12,5,-2,3
2025-04-22 16:23:37.30,s,0,2,0,3,3,15,-5,-3,-32,-12,-2,1,11,-4,-2,-11,-2,-2,9,7,-1,0,-3,-6,-2,2,11,23,2,-5,-7,-2,15,18,20,28,9,0,-11,-18,2,29,15,26,12,3,-5,1
2025-04-22 16:23:37.31,s,1,0,1,0,5,10,-1,2,-21,-12,-7,4,6,-1,-1,-9,-6,-2,8,6,3,4,-5,-6,-4,1,12,23,-1,-2,-7,-2,14,18,18,30,10,-4,-10,-20,5,26,18,30,12,2,-1,1
2025-04-22 16:23:37.32,s,2,17,13,10,15,19,4,14,-14,-7,-2,7,11,-1,4,-9,-2,1,7,11,10,2,-2,-3,-3,2,9,23,5,-4,-2,0,11,20,20,27,9,-1,-13,-17,4,27,14,28,13,2,-1,2
2025-04-22 16:23:37.33,s,2,2,-1,4,4,16,-2,0,-32,-10,-3,2,12,-2,1,-10,-4,-2,5,8,-2,5,-3,-5,-6,2,8,22,4,-3,-7,-2,13,19,19,27,10,1,-13,-16,3,28,17,27,14,3,-2,2
2025-04-22 16:23:37.34,s,-2,-4,-8,0,0,12,-3,-2,-33,-12,-8,3,7,2,1,-9,-8,-1,5,6,3,3,-5,-4,-6,0,13,23,2,-1,-4,-2,13,19,21,31,10,3,-12,-15,3,31,19,28,15,4,-4,0
2025-04-22 16:23:37.35,s,2,8,9,4,12,17,8,10,-11,-10,-4,9,12,7,7,-8,-6,0,7,13,14,8,1,0,-5,0,14,25,5,1,0,2,13,23,26,31,16,3,-11,-15,7,31,21,34,15,8,-2,3
2025-04-22 16:23:37.36,s,2,5,3,3,9,17,7,2,-29,-10,-4,7,12,9,8,-6,-10,-1,9,9,7,9,1,3,-8,2,15,27,9,2,3,1,14,26,29,40,17,8,-4,-13,9,35,27,40,17,9,0,0
2025-04-22 16:23:37.37,s,0,-3,-3,0,5,15,9,-2,-34,-13,-2,4,12,8,7,-4,-12,-5,6,7,5,9,4,6,-8,1,15,29,7,7,1,-2,17,27,34,37,18,9,-4,-8,7,36,33,38,16,11,-1,0
2025-04-22 16:23:37.38,s,3,9,11,8,14,22,19,14,-10,-11,1,9,15,9,18,-5,-10,-9,4,11,14,10,8,7,-8,1,7,25,3,3,9,-2,17,26,31,36,10,8,-2,-8,8,37,29,35,15,6,-1,2
2025-04-22 16:23:37.40,s,1,5,5,6,12,23,17,5,-30,-7,-3,12,10,12,14,0,-16,-13,5,6,3,10,9,11,-10,1,6,19,2,3,6,0,18,26,29,34,9,4,-2,-9,9,36,28,32,11,5,2,3
2025-04-22 16:23:37.41,s,0,3,2,4,9,22,25,4,-33,-12,-1,11,13,12,16,-3,-15,-16,4,9,-2,10,12,16,-10,0,10,19,0,5,6,-2,18,29,33,30,10,5,-3,-4,9,40,33,34,10,4,-3,1
2025-04-22 16:23:37.42,s,0,0,3,6,13,27,36,8,-9,-8,3,18,15,19,35,5,-12,-9,13,17,17,19,17,28,-11,2,12,26,3,9,17,-1,26,34,38,38,10,6,3,1,13,55,43,39,12,5,-1,2
2025-04-22 16:23:37.43,s,2,10,12,13,15,33,45,16,-25,-7,6,25,17,27,35,5,-11,-2,20,27,11,23,26,35,-8,3,21,38,5,14,17,0,25,41,49,42,12,13,6,6,13,67,50,43,14,8,5,3
2025-04-22 16:23:37.44,s,1,2,4,10,15,38,49,14,-38,-5,6,36,19,34,44,9,-12,6,31,30,8,26,29,47,-9,4,32,56,9,20,20,1,24,47,55,45,17,13,9,10,17,74,53,48,15,10,4,2
2025-04-22 16:23:37.45,s,-2,5,8,22,20,38,58,18,-8,-5,16,47,27,46,61,14,-5,17,45,51,31,36,42,59,-2,4,53,63,12,25,32,1,32,56,71,53,17,18,14,15,20,85,67,48,13,17,5,2
2025-04-22 16:23:37.46,s,3,10,26,39,27,49,64,20,-16,0,30,81,32,57,60,15,-3,25,65,69,30,45,45,64,-2,5,74,75,19,32,35,0,37,69,84,59,17,22,17,19,24,102,73,51,14,18,5,2
2025-04-22 16:23:37.47,s,2,16,21,42,33,49,73,21,-35,-1,29,94,37,59,66,17,1,29,76,75,23,49,49,62,3,6,86,83,19,35,32,2,35,81,92,62,19,18,18,14,25,99,78,51,9,14,5,2
2025-04-22 16:23:37.48,s,1,13,29,44,35,65,79,25,-5,6,31,109,42,74,78,16,8,37,89,83,41,57,50,67,3,7,98,90,18,42,36,-1,44,84,102,65,15,18,15,11,29,103,86,55,3,9,4,2
2025-04-22 16:23:37.49,s,2,21,32,54,45,86,99,27,-12,6,38,117,49,92,90,20,6,39,101,87,41,64,59,72,7,9,103,99,25,44,39,0,48,90,110,69,17,17,17,13,32,107,94,58,3,10,4,4
2025-04-22 16:23:37.50,s,2,17,30,52,48,89,107,27,-33,8,40,125,52,103,101,20,9,47,109,95,38,62,66,77,6,11,114,113,29,49,36,3,50,105,122,77,24,19,15,13,33,119,99,72,9,10,3,3
2025-04-22 16:23:37.51,s,1,11,31,54,46,90,110,26,-3,6,41,126,51,111,114,22,13,52,109,100,51,72,68,84,8,10,122,119,31,54,40,2,56,108,133,86,24,20,15,17,39,120,109,76,10,10,2,3
2025-04-22 16:23:37.53,s,6,28,44,74,57,101,115,38,0,10,46,131,57,111,111,22,12,57,112,107,61,68,69,80,11,11,120,127,33,55,42,2,59,113,134,89,25,22,14,14,39,124,108,79,11,7,4,2
2025-04-22 16:23:37.54,s,3,18,31,67,52,95,110,27,-31,11,40,135,60,112,112,21,12,53,112,110,51,69,69,80,8,12,124,130,37,57,36,3,58,119,135,90,29,21,15,11,41,124,111,82,14,11,3,3
2025-04-22 16:23:37.55,s,0,8,18,58,49,91,106,23,-19,8,38,138,60,120,110,24,13,54,116,111,57,78,76,83,11,12,127,132,37,63,39,4,59,120,137,91,30,24,12,9,42,127,110,84,13,8,0,3
2025-04-22 16:23:37.56,s,2,26,38,70,61,107,121,37,6,14,41,147,67,128,123,21,16,58,118,113,76,86,75,80,12,12,125,135,41,66,44,4,63,121,138,93,30,27,12,11,44,129,114,81,11,12,0,3
2025-04-22 16:23:37.57,s,2,22,29,66,62,104,120,32,-25,13,39,145,65,131,119,21,16,61,115,114,60,86,73,79,14,10,128,135,42,66,41,2,67,122,138,94,29,26,11,7,51,127,113,86,12,9,-1,3
2025-04-22 16:23:37.58,s,-2,9,21,55,57,97,117,27,-22,6,38,142,64,131,121,20,15,62,113,115,63,86,76,77,14,11,128,135,42,68,41,4,68,119,142,92,30,26,12,7,55,125,116,82,12,11,-2,2
2025-04-22 16:23:37.59,s,4,22,40,70,68,110,122,41,15,13,45,144,71,130,129,21,21,59,115,117,81,86,76,77,16,13,123,136,44,68,45,4,66,122,138,92,31,28,12,10,57,125,114,79,12,10,-1,3
2025-04-22 16:23:37.61,s,2,21,26,66,60,105,115,30,-21,10,33,141,63,123,116,15,17,53,107,113,62,84,69,74,10,13,120,133,43,67,38,3,70,119,136,90,28,29,9,8,55,124,115,79,11,12,-1,2
2025-04-22 16:23:37.62,s,1,13,19,60,57,98,113,30,-25,5,35,135,63,124,110,15,15,54,105,112,61,87,66,75,12,9,120,132,42,71,36,2,71,119,135,91,31,28,9,6,57,124,114,79,10,15,-3,2
2025-04-22 16:23:37.63,s,0,13,24,60,58,101,112,33,13,10,34,141,63,127,118,18,18,54,107,114,80,88,67,72,12,11,116,134,44,68,40,3,69,119,134,90,29,28,13,6,57,124,109,80,10,10,-3,3
2025-04-22 16:23:37.64,s,4,25,32,68,66,103,119,33,-15,10,36,141,65,128,113,15,16,52,105,113,72,89,67,74,11,10,117,131,46,71,41,2,66,117,134,87,29,32,9,7,54,127,109,79,10,12,2,2
2025-04-22 16:23:37.65,s,1,12,20,56,60,96,113,27,-31,5,35,135,65,124,116,16,16,51,103,115,72,92,69,75,11,9,116,135,49,71,39,3,71,116,134,89,30,33,11,7,57,125,110,79,11,10,0,2
2025-04-22 16:23:37.67,s,1,14,27,59,64,97,115,34,8,12,36,139,69,126,123,13,20,51,106,116,77,92,67,72,10,12,115,134,51,73,40,5,69,118,134,89,33,33,8,9,56,125,111,77,11,15,-2,3
2025-04-22 16:23:37.68,s,3,18,29,65,68,103,118,33,-10,9,39,144,71,128,119,17,16,54,108,120,80,92,69,71,11,11,117,138,52,73,41,3,73,117,133,92,38,36,12,6,60,125,111,79,16,15,0,3
2025-04-22 16:23:37.69,s,-1,18,24,66,63,103,111,25,-30,7,33,148,68,126,116,12,15,49,104,121,80,94,66,71,12,9,116,138,52,73,37,2,71,114,130,92,38,38,11,4,61,124,107,81,18,17,-3,2
2025-04-22 16:23:37.70,s,-2,13,23,65,62,103,113,32,6,10,34,151,70,133,120,14,14,54,105,122,85,93,68,70,10,10,116,136,57,74,39,4,69,116,130,93,37,42,13,2,60,126,107,80,15,18,0,4
2025-04-22 16:23:37.71,s,3,21,29,72,70,105,119,37,-10,10,39,150,72,134,118,13,15,49,99,123,83,98,69,72,12,11,114,135,55,75,39,3,70,114,127,91,36,42,10,7,57,122,108,76,16,19,-2,4
2025-04-22 16:23:37.72,s,1,13,24,64,66,98,115,26,-32,7,31,151,68,132,113,13,10,45,97,122,84,97,68,71,10,10,110,137,53,75,39,3,71,110,128,88,35,40,11,6,58,123,103,76,16,18,-1,0
2025-04-22 16:23:37.74,s,2,13,28,65,68,103,114,31,-1,9,31,151,69,132,119,14,14,45,94,122,83,94,69,68,10,11,107,138,55,74,40,4,69,113,125,90,39,38,11,2,58,125,102,76,12,19,0,2
2025-04-22 16:23:37.75,s,9,34,44,81,79,112,125,41,2,12,39,154,74,131,123,16,15,45,101,122,83,99,70,68,11,8,107,138,57,75,40,4,69,110,123,90,37,43,12,7,58,123,105,73,14,20,-2,2
2025-04-22 16:23:37.76,s,2,16,25,67,68,103,112,27,-29,8,35,148,69,131,113,15,9,45,93,120,82,96,66,70,9,9,107,136,55,76,37,5,67,108,127,87,37,43,11,8,55,124,102,74,17,18,-1,1
2025-04-22 16:23:37.77,s,2,6,21,62,65,95,111,23,-15,6,36,147,71,131,115,14,10,41,96,120,82,97,66,70,9,9,109,135,59,75,39,4,63,110,122,86,42,41,9,3,56,122,102,75,17,19,2,0
2025-04-22 16:23:37.78,s,2,25,34,75,73,108,114,37,11,12,42,155,78,135,119,14,12,47,100,122,88,100,68,72,9,9,110,137,63,78,41,3,67,109,127,90,41,45,9,9,55,127,102,77,19,20,1,3
2025-04-22 16:23:37.79,s,2,16,27,70,72,101,115,30,-26,7,39,152,78,134,114,15,9,44,103,124,90,99,69,69,8,11,110,141,66,80,40,2,67,110,127,93,45,49,11,7,55,123,106,79,22,24,0,2
2025-04-22 16:23:37.80,s,1,8,24,63,67,98,107,24,-22,8,35,154,75,132,118,12,12,43,99,127,94,100,70,68,11,11,110,144,67,82,42,2,67,109,129,91,48,49,11,5,58,123,104,80,25,22,-1,2
2025-04-22 16:23:37.82,s,2,31,39,80,79,111,123,40,18,16,40,163,79,140,128,16,13,47,103,125,96,102,73,70,10,11,109,143,65,83,46,2,67,110,125,92,47,51,11,8,55,121,106,78,22,26,-1,2
2025-04-22 16:23:37.83,s,3,20,29,70,73,104,119,32,-23,8,39,155,79,136,123,13,10,42,96,126,92,102,74,72,9,11,108,140,65,82,45,2,66,108,125,91,48,50,13,8,56,124,103,75,20,26,-1,1
2025-04-22 16:23:37.84,s,1,17,28,68,72,104,119,26,-24,6,36,151,77,136,123,12,10,38,93,122,89,102,73,71,6,11,103,136,65,79,43,3,65,108,120,87,45,50,12,9,52,125,99,73,22,22,-2,2
2025-04-22 16:23:37.85,s,0,15,24,71,68,107,115,34,13,10,39,153,80,138,126,13,14,41,93,124,91,104,72,69,8,10,103,134,62,81,42,4,63,107,119,86,46,46,11,4,55,122,99,72,19,26,0,2
2025-04-22 16:23:37.86,s,3,29,39,79,78,111,120,35,-18,13,38,156,77,139,119,17,12,40,91,123,92,100,70,69,9,9,102,136,65,80,44,4,62,107,121,84,45,50,13,6,54,120,100,73,21,24,-1,4
2025-04-22 16:23:37.88,s,2,16,25,68,71,101,115,24,-31,10,38,151,79,137,117,15,10,40,90,123,93,100,72,73,9,9,104,135,65,82,39,5,62,106,119,86,48,51,11,6,50,123,96,74,23,28,0,0
2025-04-22 16:23:37.89,s,1,20,28,72,73,106,115,33,8,14,39,160,81,142,124,15,13,45,96,127,100,105,74,72,10,10,107,137,70,84,48,2,64,106,120,89,53,53,16,7,52,122,98,76,26,30,4,3
2025-04-22 16:23:37.90,s,2,27,35,73,80,109,121,32,-10,14,46,159,87,142,124,14,13,43,97,127,101,105,76,70,10,11,106,139,76,88,46,3,62,106,120,85,56,57,15,9,50,123,98,75,28,34,2,3
2025-04-22 16:23:37.91,s,1,22,29,71,75,103,112,25,-31,13,43,161,83,142,116,16,7,39,97,124,99,108,72,72,5,10,104,139,75,88,44,2,62,104,120,90,53,62,16,7,52,120,99,76,28,34,6,0
2025-04-22 16:23:37.92,s,0,18,29,74,74,107,115,33,3,14,44,163,85,144,124,14,12,42,96,124,104,108,74,74,5,10,103,138,76,89,49,2,62,101,119,87,53,61,16,11,49,121,97,71,28,35,4,3
2025-04-22 16:23:37.94,s,3,26,32,78,76,110,118,35,-11,18,43,161,86,143,120,15,8,38,93,123,101,106,72,72,5,9,102,135,74,90,46,3,58,103,117,85,53,60,16,9,48,121,93,74,26,40,6,2
2025-04-22 16:23:37.95,s,3,22,27,75,73,106,119,30,-32,12,41,155,85,138,119,17,7,34,90,121,100,105,75,70,6,9,98,136,70,89,46,2,61,99,113,86,50,60,17,9,47,121,94,67,27,36,2,2
2025-04-22 16:23:37.96,s,1,17,29,70,72,102,110,26,-3,9,38,154,80,137,117,12,7,33,83,123,95,104,72,71,3,8,92,132,70,84,42,4,56,97,111,79,48,56,14,8,45,119,90,65,24,33,2,2
2025-04-22 16:23:37.97,s,15,41,49,86,87,114,122,41,2,15,43,159,84,139,120,15,8,34,84,123,96,102,73,68,8,8,92,129,68,84,45,4,56,98,108,79,46,55,16,7,49,118,87,66,23,30,2,3
2025-04-22 16:23:37.98,s,1,24,29,74,73,108,114,26,-29,10,39,157,79,138,114,16,7,30,84,121,96,101,73,72,6,9,90,130,69,83,44,3,54,97,109,79,48,55,16,6,48,115,90,65,20,34,3,1
2025-04-22 16:23:37.99,s,1,6,17,62,66,96,110,24,-21,12,36,158,79,139,118,16,6,35,85,121,96,106,72,71,4,8,95,133,69,88,44,4,56,98,110,83,51,56,17,11,45,117,90,66,23,36,4,0
2025-04-22 16:23:38.00,s,4,27,40,76,81,110,123,39,8,21,45,165,84,144,126,18,11,41,96,124,99,108,75,71,9,9,98,138,69,91,52,2,59,101,116,84,50,58,20,12,48,119,94,66,26,36,5,3
2025-04-22 16:23:38.01,s,2,22,29,74,71,104,112,27,-25,19,44,163,79,134,118,14,10,41,95,124,91,105,73,72,6,9,101,137,67,84,46,3,61,102,114,87,46,54,21,10,51,117,93,69,20,36,5,2
2025-04-22 16:23:38.02,s,-1,13,21,69,62,99,108,25,-24,17,43,159,72,132,118,14,10,45,96,126,85,104,75,73,9,10,103,136,60,86,45,4,62,103,118,84,41,53,17,12,48,121,93,70,18,32,5,2
2025-04-22 16:23:38.04,s,4,30,40,76,70,104,120,36,16,17,48,160,73,129,124,16,17,50,99,120,73,93,76,71,11,10,103,129,48,76,47,2,63,101,118,79,28,40,14,13,52,120,94,62,11,16,3,5
2025-04-22 16:23:38.05,s,1,23,33,73,64,103,121,29,-23,14,45,159,64,132,122,21,12,54,102,117,64,93,80,81,14,9,110,125,40,70,48,2,67,107,121,79,25,35,17,14,56,120,101,64,6,15,3,2
2025-04-22 16:23:38.06,s,0,20,28,72,56,104,121,30,-26,16,44,153,63,127,131,24,16,55,109,111,57,88,84,84,14,11,113,120,33,68,45,5,64,111,123,76,23,29,15,19,52,122,100,65,3,13,4,2
2025-04-22 16:23:38.07,s,0,14,33,64,57,99,119,32,13,13,45,150,60,131,135,23,22,62,111,107,64,90,89,87,14,11,109,118,30,65,53,2,67,109,120,76,21,25,16,17,55,120,103,63,4,13,4,2
2025-04-22 16:23:38.08,s,4,24,40,71,60,102,126,35,-17,13,45,138,60,122,126,25,15,64,109,99,51,86,89,90,14,9,112,111,25,63,48,3,65,106,119,75,18,19,19,17,52,121,98,60,4,6,5,3
2025-04-22 16:23:38.09,s,1,7,24,56,44,82,112,23,-34,2,37,124,51,105,121,25,14,55,105,91,37,72,84,85,13,10,108,104,22,49,45,1,61,104,115,70,16,12,17,17,46,117,95,57,2,9,3,2
2025-04-22 16:23:38.10,s,0,10,21,54,37,76,103,27,1,2,33,108,45,91,112,22,15,57,97,84,52,56,72,80,11,11,96,90,19,33,43,2,53,95,103,63,11,8,12,18,37,113,89,51,0,3,2,2
2025-04-22 16:23:38.11,s,1,9,13,39,25,62,89,24,-23,-4,23,75,35,70,87,15,12,46,79,60,28,29,54,69,10,9,82,67,13,19,25,3,43,84,89,46,6,2,5,11,29,105,77,40,-3,0,0,3
2025-04-22 16:23:38.12,s,0,8,5,21,16,33,68,14,-33,-8,11,49,17,33,59,12,4,32,58,36,8,13,38,59,6,6,62,46,3,13,15,1,37,65,72,38,3,-1,4,9,23,87,66,36,0,-2,-2,2
2025-04-22 16:23:38.13,s,1,3,7,6,12,20,46,11,-13,-8,1,15,14,14,35,4,1,13,26,20,12,10,25,41,-3,5,30,24,-2,5,10,0,29,47,52,34,5,-3,0,3,13,72,52,34,6,-1,-3,3
2025-04-22 16:23:38.15,s,1,8,4,6,7,19,32,9,-19,-6,-5,5,9,8,23,-2,-3,-2,10,11,4,5,14,28,-2,2,13,23,-1,1,5,0,27,44,52,41,10,-1,-3,0,12,66,52,38,11,3,1,1
2025-04-22 16:23:38.16,s,0,8,1,0,7,10,22,3,-33,-11,-7,-3,8,-4,7,-6,-10,-13,-1,4,-7,-4,8,15,-4,1,4,17,-3,-5,-5,1,16,31,46,34,10,-4,-8,-4,9,45,45,34,10,0,-4,2
2025-04-22 16:23:38.17,s,-2,2,-6,-2,0,6,4,-5,-25,-15,-10,-9,6,-8,1,-9,-12,-19,-5,-5,-2,-7,-5,4,-10,0,0,14,-3,-10,-5,-3,13,20,36,30,5,-6,-11,-8,3,33,31,28,7,1,-5,1
2025-04-22 16:23:38.18,s,12,24,17,14,12,16,11,9,-15,-9,-7,-2,9,-7,3,-10,-4,-8,-4,-2,8,-5,-5,2,-6,1,-1,15,-2,-9,-3,-1,11,17,23,28,8,-5,-13,-10,1,25,20,25,9,1,-4,2
2025-04-22 16:23:38.19,s,1,0,0,-2,5,6,-4,-9,-31,-15,-12,-4,4,-8,-7,-9,-10,-5,-2,-2,-6,-6,-6,-3,-6,0,-1,15,-4,-7,-8,-2,8,12,18,22,7,-3,-12,-10,-3,20,12,22,11,1,-4,0
2025-04-22 16:23:38.20,s,-2,-11,-9,-12,-1,0,-8,-9,-32,-19,-13,-6,2,-9,-7,-9,-8,-4,0,0,-7,-5,-5,-7,-4,2,2,16,-3,-8,-9,-3,7,11,17,21,8,-5,-11,-16,0,19,10,21,9,4,-4,1
2025-04-22 16:23:38.21,s,0,6,0,3,5,7,-2,6,-14,-12,-8,-2,7,-12,-6,-12,-4,0,2,8,6,-5,-6,-8,-3,2,5,17,-3,-12,-4,-3,9,12,14,27,5,-1,-13,-14,0,17,11,23,8,3,-3,2
2025-04-22 16:23:38.23,s,0,4,-1,2,1,8,-8,-4,-33,-12,-10,-3,4,-14,-7,-12,-4,-2,5,5,-5,-7,-6,-6,-4,0,10,16,2,-10,-7,-2,9,14,14,28,6,-2,-10,-15,0,20,9,25,10,2,-1,0
2025-04-22 16:23:38.24,s,1,-8,-6,-7,-2,1,-15,-10,-35,-14,-10,-3,3,-16,-10,-11,-3,-2,6,4,-8,-6,-9,-8,-3,2,8,19,0,-13,-9,0,8,11,13,26,5,-7,-10,-13,2,19,6,20,9,0,-2,0
2025-04-22 16:23:38.25,s,1,8,6,2,7,7,-10,6,-9,-13,-3,0,5,-12,-4,-11,0,2,6,11,6,-6,-7,-9,-3,2,7,18,1,-13,-2,-2,9,14,14,25,5,-2,-12,-15,2,17,9,21,7,4,-2,3
2025-04-22 16:23:38.26,s,0,4,2,0,6,6,-10,-3,-27,-12,-8,-1,4,-12,-10,-10,-4,4,8,8,-1,-6,-8,-5,-5,2,10,18,1,-10,-8,1,8,12,13,22,9,-5,-9,-14,2,18,5,21,8,2,-2,2
2025-04-22 16:23:38.27,s,1,4,0,1,2,7,-12,-8,-32,-12,-8,-1,3,-17,-10,-9,-6,0,8,7,-8,-6,-8,-9,-5,2,7,22,-2,-12,-9,-2,8,10,12,25,7,-5,-9,-15,0,20,6,20,8,1,2,1
2025-04-22 16:23:38.28,s,0,-4,-4,-5,2,1,-9,4,-14,-14,-3,-1,4,-12,-6,-11,0,7,8,14,5,-3,-7,-5,-4,-1,11,24,1,-12,-3,-1,9,12,12,27,7,0,-10,-13,2,20,5,23,11,2,1,0
2025-04-22 16:23:38.29,s,3,8,5,4,4,11,-7,0,-21,-12,-1,1,5,-10,-9,-10,-1,8,10,10,0,-3,-8,-5,-4,0,13,23,-1,-7,-8,0,7,14,16,28,8,1,-9,-14,1,20,7,24,9,6,-1,2
2025-04-22 16:23:38.30,s,1,4,-4,1,0,7,-10,-6,-36,-9,-5,1,5,-12,-9,-8,-2,7,12,10,-4,-2,-5,-6,-2,3,12,26,3,-10,-5,-1,10,13,14,31,9,2,-8,-13,2,23,8,25,12,5,0,2
2025-04-22 16:23:38.32,s,1,-4,0,-5,5,4,-7,5,-17,-8,-3,0,7,-13,-1,-7,0,6,13,12,6,-3,-6,-6,-1,1,13,25,1,-10,-3,-2,10,14,12,28,9,-3,-9,-14,3,19,9,22,9,5,-2,2
2025-04-22 16:23:38.33,s,2,2,-2,1,2,9,-9,-2,-23,-8,-5,3,7,-12,-4,-9,1,6,10,13,3,-3,-4,-6,-4,3,12,24,3,-9,-4,-2,10,12,14,27,8,1,-10,-10,2,19,10,22,8,7,-1,2
2025-04-22 16:23:38.34,s,1,0,-3,-1,1,8,-12,-8,-32,-13,-2,1,6,-15,-6,-7,-1,5,10,8,-4,-3,-7,-5,-2,1,14,22,1,-9,-9,-4,8,11,15,23,6,1,-12,-12,-1,21,6,21,10,1,0,1
2025-04-22 16:23:38.35,s,1,-2,-1,0,-1,8,-12,0,-21,-10,-6,-1,6,-13,-7,-10,0,5,8,9,2,-3,-8,-6,-1,2,8,22,1,-11,-4,-2,9,12,10,25,8,-5,-9,-14,1,17,8,21,7,4,-1,1
2025-04-22 16:23:38.36,s,2,1,3,3,2,9,-8,3,-23,-10,-3,1,9,-13,-3,-10,0,5,9,10,4,-6,-5,-6,-4,2,11,19,0,-8,-4,-2,10,13,12,21,10,-5,-9,-14,4,19,5,19,10,0,-3,2
2025-04-22 16:23:38.37,s,0,2,-2,2,0,7,-8,-3,-34,-13,-2,-3,8,-14,-11,-12,-2,2,5,8,-7,-5,-7,-9,-3,0,7,18,-1,-11,-10,1,5,12,9,22,6,-5,-11,-18,0,19,5,20,8,2,-2,2
2025-04-22 16:23:38.38,s,0,-6,-5,-8,0,2,-13,-7,-24,-16,-5,-4,6,-14,-5,-10,-4,0,4,8,-4,-4,-8,-6,-2,1,10,18,-2,-8,-8,-3,6,9,13,20,5,-2,-13,-15,-1,17,8,19,7,1,-1,3
2025-04-22 16:23:38.39,open,14,25,19,14,16,15,1,9,-11,-10,1,1,12,-9,-2,-10,0,6,9,11,9,-4,-4,-6,-3,2,6,21,1,-10,-4,-2,6,13,12,21,6,-3,-11,-15,1,18,8,20,7,2,-2,4
2025-04-22 16:23:38.40,open,0,5,-4,2,1,9,-8,-3,-32,-10,-4,1,7,-13,-4,-11,-1,1,7,9,-3,-2,-5,-6,-2,2,8,18,-1,-8,-7,1,5,14,14,22,6,-1,-11,-13,-1,21,8,21,9,2,-3,1
2025-04-22 16:23:38.41,open,0,-7,-7,-7,1,2,-13,-8,-27,-13,-5,1,5,-9,-5,-7,-3,1,5,10,-3,0,-5,-4,-4,1,6,21,2,-9,-9,0,5,12,14,21,9,-3,-12,-14,-2,20,7,19,10,2,-4,1
2025-04-22 16:23:38.43,open,0,4,0,4,2,11,-9,4,-14,-8,-4,4,7,-12,0,-10,1,3,5,12,7,1,-6,-4,-4,1,11,18,0,-10,0,0,8,13,10,23,10,-3,-13,-15,0,17,4,22,10,0,0,2
2025-04-22 16:23:38.44,open,1,6,1,4,5,11,-9,-3,-30,-7,-3,4,8,-13,-4,-7,-3,1,7,5,1,-4,-4,-8,-5,2,5,19,3,-8,-5,0,5,12,10,21,6,-2,-11,-17,-3,18,5,22,10,2,-1,3
2025-04-22 16:23:38.45,open,-3,-5,-12,-4,-2,3,-15,-11,-32,-15,-3,-3,8,-14,-5,-9,-2,-2,6,8,-4,-4,-4,-7,-4,-1,7,18,-1,-9,-7,0,6,9,10,23,8,-3,-9,-15,-3,18,4,22,10,2,2,2
2025-04-22 16:23:38.46,open,1,6,7,7,5,13,-7,10,-10,-8,-1,1,10,-10,1,-10,1,1,6,11,9,0,-4,-3,-4,2,8,21,0,-6,-3,0,5,8,12,24,6,3,-9,-13,2,17,4,23,10,5,2,3
2025-04-22 16:23:38.47,open,1,5,2,0,6,7,-10,-5,-25,-13,-4,2,9,-10,-7,-10,-4,-1,5,9,-2,0,-5,-8,-3,0,7,18,-1,-6,-5,-2,6,7,6,22,7,-3,-9,-13,-1,16,3,21,11,3,-2,3
2025-04-22 16:23:38.49,open,2,4,4,1,2,6,-7,-3,-34,-10,-6,2,5,-11,-7,-7,-8,1,3,6,-4,-5,-5,-6,-5,0,8,16,1,-7,-8,0,3,7,10,19,8,1,-9,-10,-3,16,5,19,11,3,1,2
2025-04-22 16:23:38.50,open,1,-4,0,-2,4,9,-11,3,-13,-10,-3,1,9,-9,-1,-8,-2,1,5,7,8,-3,-4,-5,-4,2,4,18,3,-8,-4,1,2,7,10,19,6,1,-10,-14,-1,12,5,18,8,5,-2,2
2025-04-22 16:23:38.52,open,2,9,8,8,7,10,-4,0,-20,-11,0,3,7,-8,-2,-6,-3,-3,5,6,0,1,-6,-4,-6,0,7,14,3,-6,-5,0,2,4,9,18,4,2,-9,-9,-3,12,6,19,8,5,0,2
2025-04-22 16:23:38.53,open,1,2,-4,1,1,8,-10,-8,-32,-13,-3,1,5,-10,-7,-8,-8,-1,2,3,-5,-2,-7,-5,-7,-2,4,14,2,-10,-5,0,3,6,4,18,8,-3,-9,-12,-3,13,3,17,8,3,-1,2
2025-04-22 16:23:38.54,open,0,1,1,0,0,8,-10,5,-18,-8,-5,3,6,-9,-2,-8,-6,0,2,7,7,-3,-7,-7,-6,1,2,13,2,-10,-1,1,1,5,8,19,5,0,-10,-11,-3,13,4,17,7,3,-1,2
2025-04-22 16:23:38.55,open,1,6,0,6,4,10,-5,5,-21,-10,-1,2,11,-7,-2,-7,-5,0,5,6,5,0,-5,-4,-5,1,4,18,1,-6,-1,-3,5,6,7,22,6,-2,-5,-10,-1,12,7,18,10,3,0,2
2025-04-22 16:23:38.56,open,1,0,-1,-2,2,7,-9,-8,-30,-12,-4,2,6,-9,-5,-7,-7,-3,1,7,-4,-2,-7,-5,-6,0,6,16,0,-8,-4,-2,2,9,6,22,8,-3,-7,-12,-3,13,5,18,9,1,3,3
2025-04-22 16:23:38.57,open,1,1,1,0,5,9,-7,1,-15,-12,-1,2,8,-7,-2,-8,-4,0,4,7,7,-2,-4,-5,-5,1,6,17,3,-6,-4,0,2,9,9,21,6,2,-8,-13,0,12,6,19,9,5,-1,2
2025-04-22 16:23:38.58,open,2,7,1,6,6,13,-6,4,-21,-8,-3,1,10,-9,0,-9,-3,-1,4,7,5,-1,-3,-5,-3,3,4,19,1,-4,0,-2,7,6,7,23,6,2,-7,-12,-1,13,2,21,10,3,2,3
2025-04-22 16:23:38.59,open,1,3,3,2,8,9,-5,-6,-29,-11,-2,3,6,-7,-5,-8,-7,0,3,3,-1,-2,-3,-6,-4,1,4,18,1,-4,-3,-3,6,7,6,22,8,1,-5,-12,0,15,3,22,11,4,2,2
2025-04-22 16:23:38.60,open,0,-4,-4,-5,2,7,-12,-3,-26,-10,-6,1,5,-9,-3,-7,-8,-2,4,5,-1,-1,-2,-4,-5,0,8,14,3,-6,-4,0,2,9,8,21,10,-1,-7,-9,-1,16,3,18,12,5,0,2
2025-04-22 16:23:38.61,open,16,22,19,16,12,18,-2,11,-13,-7,-2,5,10,-8,1,-10,-2,-1,4,8,7,3,-3,-2,-5,1,4,17,2,-7,-1,-1,2,9,7,20,7,-1,-6,-10,-4,16,3,19,9,5,0,3
2025-04-22 16:23:38.62,open,0,5,-3,4,4,11,-7,-3,-25,-10,-4,3,8,-7,-4,-9,-4,-5,5,5,-5,1,-4,-3,-6,-3,6,12,3,-7,-4,-3,5,6,8,20,6,-1,-7,-9,-2,11,5,18,8,2,3,3
2025-04-22 16:23:38.63,open,-2,-3,-8,-3,0,5,-10,-8,-29,-14,-5,1,6,-11,-2,-10,-5,-3,0,4,-3,-3,-5,-6,-7,2,4,13,-3,-6,-4,-2,5,3,4,19,6,-2,-8,-12,-5,13,3,15,9,2,1,2
2025-04-22 16:23:38.64,open,1,2,4,0,6,9,-6,6,-11,-10,-1,4,7,-5,-1,-9,-4,0,3,10,7,3,-1,-6,-3,1,5,17,2,-7,3,-2,5,7,7,23,8,0,-5,-13,0,13,3,18,11,5,1,4
2025-04-22 16:23:38.65,s,1,1,1,0,7,10,-5,-3,-25,-10,-4,5,6,-8,-4,-6,-6,-3,6,4,-2,1,-5,-4,-7,3,4,18,0,-8,-2,-2,6,7,7,22,6,3,-7,-8,-3,15,4,17,11,3,3,3
2025-04-22 16:23:38.67,s,0,-5,-6,-4,1,5,-8,-9,-31,-13,-4,-2,5,-7,-5,-8,-9,0,3,2,-3,2,-4,-2,-6,0,10,17,1,-2,-5,1,2,10,9,21,7,3,-5,-7,0,13,6,20,8,9,0,2
2025-04-22 16:23:38.69,s,2,11,9,4,10,11,-1,9,-6,-8,1,4,8,-3,1,-7,-4,3,4,9,13,0,0,-5,-2,0,4,16,4,-7,4,-2,6,10,7,22,11,1,-7,-9,-2,13,5,21,10,5,3,4
2025-04-22 16:23:38.70,s,3,6,5,3,8,13,-7,-2,-25,-10,-3,4,8,-5,-2,-5,-6,0,5,6,0,2,-2,-4,-6,2,5,18,3,-6,-4,-1,6,7,8,22,10,1,-9,-9,-2,18,6,19,11,5,-1,2
2025-04-22 16:23:38.71,s,0,8,2,4,6,9,-6,-3,-33,-11,-3,0,9,-9,-2,-9,-4,-2,3,6,-4,1,0,-4,-3,1,8,17,2,-5,-2,-2,7,8,8,23,9,1,-7,-9,-1,13,7,19,11,7,2,3
2025-04-22 16:23:38.72,s,0,0,-3,2,1,6,-7,8,-15,-12,-1,-1,11,-9,2,-7,-3,-3,6,6,7,3,-3,-2,-5,1,4,17,2,-5,-3,0,4,6,8,22,8,0,-8,-13,-3,16,4,20,12,4,-1,3
2025-04-22 16:23:38.73,s,3,6,8,6,5,13,-7,2,-24,-6,-4,5,8,-6,-4,-6,-4,0,2,7,3,0,-2,-5,-5,2,4,18,3,-6,-4,0,3,9,9,22,10,1,-7,-9,-3,16,6,20,11,4,4,4
2025-04-22 16:23:38.74,s,-2,3,-5,2,0,9,-10,-7,-35,-9,-5,3,6,-9,-4,-7,-8,-7,3,2,-7,0,-3,-3,-7,1,2,16,0,-7,-3,-2,5,5,7,22,7,1,-7,-11,-3,12,4,22,8,8,-1,2
2025-04-22 16:23:38.75,s,2,1,1,0,2,10,-8,5,-16,-11,-7,2,7,-10,1,-7,-7,-4,4,4,7,1,-3,-6,-5,1,4,13,3,-5,-2,0,2,9,8,22,9,1,-5,-13,0,11,5,22,9,9,0,2
2025-04-22 16:23:38.77,s,2,1,3,1,7,13,-2,2,-23,-10,-1,2,11,-7,2,-8,-5,-4,0,8,3,3,0,-5,-5,1,5,16,2,-3,-2,0,3,9,8,25,10,2,-6,-13,-1,14,4,24,12,8,-1,2
2025-04-22 16:23:38.78,s,-2,3,-4,2,2,13,-5,-6,-32,-10,-7,3,7,-2,1,-8,-9,-8,0,5,-3,5,-1,-4,-6,0,6,19,0,0,-4,0,6,11,12,29,12,3,-5,-12,0,16,7,27,12,9,3,1
2025-04-22 16:23:38.79,s,-2,3,3,4,5,17,4,6,-21,-8,0,5,9,5,6,-6,-8,-7,2,10,6,9,2,4,-8,0,7,21,6,0,6,-1,7,14,14,29,14,5,-7,-8,-2,21,12,26,16,8,3,2
2025-04-22 16:23:38.80,s,0,9,4,9,7,22,9,7,-19,-8,1,6,14,4,12,-6,-10,-9,2,7,8,10,6,7,-10,2,6,23,6,4,9,-2,11,15,20,35,13,12,0,-5,4,24,13,33,15,13,5,3
2025-04-22 16:23:38.81,s,0,8,2,9,8,23,11,0,-30,-9,0,9,14,9,9,-1,-17,-13,1,6,4,11,6,10,-11,-2,5,21,2,9,6,0,8,15,22,30,11,12,-1,-2,0,25,17,28,16,11,5,2
2025-04-22 16:23:38.82,s,-1,1,-4,2,6,16,8,0,-27,-14,-2,6,12,7,11,-3,-19,-21,-4,3,1,11,8,6,-12,0,0,10,0,3,7,-2,7,11,13,25,9,4,1,-6,1,22,11,23,12,7,4,2
2025-04-22 16:23:38.83,s,12,20,20,18,13,29,19,15,-17,-5,1,15,14,9,19,-3,-16,-21,-3,9,11,11,11,11,-15,1,-3,11,0,4,12,-3,7,9,15,19,8,6,0,-2,1,21,11,24,9,8,0,3
2025-04-22 16:23:38.84,s,1,8,3,9,12,22,23,1,-31,-12,2,14,14,10,17,-1,-17,-22,2,8,-3,14,10,16,-13,-2,0,8,1,4,11,-1,7,14,14,19,9,6,3,-1,2,27,11,24,7,9,2,3
2025-04-22 16:23:38.85,s,0,-4,-4,7,4,23,20,-3,-30,-12,1,19,11,15,20,0,-16,-15,7,12,1,16,13,23,-15,1,6,16,3,8,13,0,13,17,23,25,8,14,5,6,7,33,18,28,9,12,5,0
2025-04-22 16:23:38.86,s,1,9,9,21,13,36,38,11,-9,-6,6,34,20,27,38,7,-12,-4,20,25,17,24,24,35,-8,1,15,23,4,14,22,1,15,26,30,23,11,16,8,9,9,45,23,27,8,13,6,4
2025-04-22 16:23:38.87,s,1,9,17,28,18,38,48,12,-27,-4,14,52,22,33,43,11,-12,0,32,33,8,28,33,46,-7,3,26,31,7,20,21,1,18,30,31,23,8,16,17,15,15,50,26,22,5,11,7,2
2025-04-22 16:23:38.88,s,-1,3,12,30,18,39,51,11,-33,-1,22,70,28,41,53,15,-8,8,42,47,17,35,40,61,-6,3,39,46,7,27,29,-2,23,35,37,30,10,19,19,23,12,56,29,22,4,13,7,2
2025-04-22 16:23:38.90,s,2,22,33,48,30,48,65,23,-2,9,31,92,36,50,64,17,-1,17,58,62,35,47,47,67,-5,4,54,58,11,38,38,1,21,38,46,31,13,25,29,35,11,54,31,24,4,19,20,3
2025-04-22 16:23:38.91,s,1,19,30,43,34,45,66,16,-24,4,36,95,38,54,60,19,-2,21,63,66,25,50,50,66,0,6,58,61,14,42,37,0,26,40,50,37,12,33,30,36,15,51,29,24,4,28,22,3
2025-04-22 16:23:38.92,s,1,18,31,44,29,48,61,12,-30,1,29,91,33,51,55,14,-4,17,55,60,22,45,46,60,-4,5,56,57,13,40,33,-1,26,39,48,19,10,29,25,25,11,49,28,14,2,20,19,2
2025-04-22 16:23:38.93,s,1,13,25,43,32,48,69,21,1,8,28,94,37,60,63,14,1,18,59,59,39,50,46,61,-2,6,57,54,15,39,39,-1,29,45,50,30,9,30,22,22,16,53,30,16,-1,21,15,3
2025-04-22 16:23:38.94,s,2,22,32,44,38,56,74,19,-16,6,28,99,38,67,60,21,0,26,64,65,30,54,46,63,3,6,68,66,18,44,36,-1,34,62,63,41,13,30,24,25,20,68,47,23,2,22,15,2
2025-04-22 16:23:38.95,s,1,13,23,36,34,62,83,14,-32,5,28,98,41,74,65,20,2,29,67,68,28,53,52,69,4,8,74,77,20,49,36,0,40,74,76,51,17,32,24,26,23,84,59,34,4,25,18,1
2025-04-22 16:23:38.96,s,2,16,33,47,46,77,97,27,6,13,34,116,47,93,86,22,13,38,76,84,52,69,61,72,8,9,86,87,26,55,44,2,45,82,87,55,19,34,26,29,25,106,69,36,4,26,14,3
2025-04-22 16:23:38.98,s,3,22,39,65,58,91,102,26,-11,20,41,124,61,100,101,24,12,41,89,95,52,75,62,76,5,8,97,101,34,58,41,2,47,89,96,67,23,33,24,22,28,101,77,45,6,24,9,2
2025-04-22 16:23:38.99,s,2,21,35,57,59,89,102,22,-26,17,41,133,64,109,97,20,14,44,97,102,55,74,67,72,8,9,99,112,40,63,38,3,48,92,102,74,27,38,21,22,25,109,82,48,11,27,9,0
2025-04-22 16:23:39.00,s,1,17,36,58,61,94,102,24,8,14,44,134,65,116,106,20,14,43,99,105,68,83,67,75,6,9,102,112,39,68,44,3,46,97,105,74,28,35,20,19,31,109,83,51,12,20,8,2
2025-04-22 16:23:39.01,s,3,28,39,64,68,93,103,27,-5,17,45,137,70,114,100,19,11,47,98,107,71,82,64,71,8,11,103,120,44,70,43,3,52,99,114,76,34,38,21,18,31,116,90,59,16,23,6,3
2025-04-22 16:23:39.02,s,2,19,37,60,65,85,99,23,-29,18,41,140,67,109,93,21,10,47,99,110,73,80,61,72,8,9,111,122,47,67,38,1,54,100,117,82,34,42,21,19,33,117,94,65,15,26,9,2
2025-04-22 16:23:39.04,s,1,13,27,56,55,79,86,15,-1,12,41,135,68,100,90,18,14,47,98,114,78,81,60,66,8,11,108,127,51,67,41,1,53,102,118,83,41,49,23,25,34,116,99,67,19,30,13,2
2025-04-22 16:23:39.05,s,18,49,55,82,79,94,98,33,12,20,44,142,70,105,88,17,14,47,96,113,78,81,59,67,8,9,107,121,52,72,41,4,51,97,115,79,40,49,21,24,32,114,94,61,19,34,10,4
2025-04-22 16:23:39.06,s,1,21,35,60,64,80,86,19,-21,13,37,127,70,96,82,13,9,34,87,106,72,81,54,61,6,8,93,117,52,71,38,0,50,91,101,77,41,50,19,20,29,110,84,52,20,32,8,2
2025-04-22 16:23:39.07,s,1,10,26,52,61,79,86,20,-16,11,32,129,67,103,82,14,7,32,79,103,77,80,56,62,4,8,87,111,52,70,37,2,48,86,93,71,37,51,19,16,29,104,73,48,16,28,8,0
2025-04-22 16:23:39.08,s,3,27,37,63,74,86,96,27,14,13,39,129,77,105,87,14,8,34,79,102,79,84,52,61,2,9,79,109,52,71,41,1,48,81,88,66,36,53,18,18,27,102,69,40,16,29,7,2
2025-04-22 16:23:39.09,s,3,26,32,63,71,81,89,22,-20,11,36,125,75,101,76,10,6,27,73,104,82,84,52,58,5,8,79,109,57,70,36,1,48,78,87,66,41,58,18,17,28,98,67,44,16,32,12,2
2025-04-22 16:23:39.10,s,1,8,20,47,63,72,75,13,-19,9,28,128,72,100,74,14,2,26,73,103,85,86,50,56,3,8,78,113,59,75,37,0,46,79,88,67,46,62,17,15,27,100,68,44,20,37,10,1
2025-04-22 16:23:39.11,s,4,30,39,66,79,87,91,30,20,16,40,134,85,105,86,10,10,32,76,112,91,92,57,59,3,8,82,118,62,80,43,2,47,82,90,75,49,69,22,18,27,100,73,50,25,41,13,3
2025-04-22 16:23:39.13,s,3,26,35,67,80,96,95,22,-14,17,37,143,88,121,96,16,4,31,83,115,99,106,61,64,2,8,87,123,73,93,47,0,48,82,92,78,54,72,29,16,29,102,73,56,26,51,14,1
2025-04-22 16:23:39.14,s,3,26,37,67,90,99,98,17,-18,16,39,150,92,137,101,13,6,29,86,117,109,115,70,66,1,9,88,127,82,98,51,2,44,83,95,78,58,73,29,14,28,101,73,58,27,52,19,1
2025-04-22 16:23:39.15,s,1,26,37,71,101,107,113,29,24,20,47,155,103,144,113,14,10,33,86,123,112,121,78,69,2,7,88,127,82,103,56,1,45,81,93,78,56,74,35,17,27,101,69,58,27,48,19,3
2025-04-22 16:23:39.16,s,3,35,42,79,105,117,112,27,-6,21,46,159,107,151,110,14,5,30,87,124,118,121,82,65,2,9,88,132,85,108,56,0,45,79,94,81,59,75,37,15,27,101,72,56,30,52,17,2
2025-04-22 16:23:39.17,s,2,20,35,68,94,109,104,18,-23,16,40,159,105,148,108,17,2,25,87,123,123,122,81,66,0,10,88,135,92,110,57,1,42,82,95,83,61,81,39,15,26,99,72,62,30,53,18,1
2025-04-22 16:23:39.18,s,1,27,33,73,92,108,103,26,11,18,44,160,105,141,109,18,4,29,82,125,119,120,75,67,-2,6,86,131,87,107,56,1,42,79,95,78,60,78,36,18,25,99,70,60,32,51,21,2
2025-04-22 16:23:39.19,s,3,28,39,74,89,98,102,26,-9,15,43,155,96,132,93,15,0,25,77,119,111,113,66,66,-2,5,83,127,83,104,53,3,42,75,94,79,58,80,40,22,28,93,72,57,30,54,20,2
2025-04-22 16:23:39.21,s,2,21,31,63,80,91,96,16,-30,9,36,142,89,119,90,13,0,18,66,118,103,108,62,62,-2,6,76,123,78,98,46,2,38,77,89,75,53,76,35,22,25,93,69,52,30,50,19,1
2025-04-22 16:23:39.22,s,4,25,33,72,81,103,103,29,3,14,35,150,94,134,100,14,1,22,69,119,110,112,70,65,-1,7,74,128,79,103,54,1,41,74,88,76,55,79,36,18,26,92,66,56,30,51,21,1
2025-04-22 16:23:39.23,s,3,33,39,80,98,118,118,29,-4,16,44,161,109,153,109,14,2,22,79,127,119,126,80,67,2,8,80,132,90,114,62,0,43,77,88,81,61,82,39,23,25,95,67,55,33,57,21,3
2025-04-22 16:23:39.24,s,2,32,41,80,103,124,118,23,-25,18,48,165,118,158,119,16,1,25,83,126,132,131,86,69,0,8,82,135,94,119,68,1,42,73,90,78,62,84,39,20,23,93,68,57,31,60,21,0
2025-04-22 16:23:39.25,s,1,22,34,72,101,115,117,21,-3,21,49,171,119,167,123,17,0,30,90,130,134,135,90,71,-3,4,87,135,101,124,69,0,41,73,93,81,66,85,45,23,24,92,68,58,31,60,23,1
2025-04-22 16:23:39.26,s,17,50,63,94,124,136,134,39,7,28,56,177,128,171,133,18,7,31,96,132,135,142,102,78,0,6,91,137,100,129,75,0,42,74,95,81,67,89,46,25,24,95,69,60,32,61,24,2
2025-04-22 16:23:39.27,s,2,32,44,81,109,123,124,24,-25,19,56,171,123,169,126,21,2,32,96,130,137,140,101,78,-2,7,95,139,101,131,75,2,41,81,96,86,68,92,52,27,28,96,71,64,36,63,28,0
2025-04-22 16:23:39.28,s,1,19,33,68,98,115,116,22,-10,20,48,171,116,167,125,23,2,33,92,131,134,136,105,77,2,8,93,137,102,130,76,2,40,78,95,86,68,89,59,31,25,97,74,63,34,66,31,1
2025-04-22 16:23:39.30,s,3,35,48,83,109,122,123,33,17,24,53,173,118,167,125,26,5,36,95,132,134,137,102,83,0,9,93,138,105,129,80,3,42,83,100,84,72,93,57,38,26,100,76,65,34,67,32,2
2025-04-22 16:23:39.31,s,2,28,41,83,101,119,113,25,-24,23,52,172,118,159,116,26,2,33,96,130,132,137,99,79,2,8,95,143,103,130,80,0,45,82,100,87,72,93,63,36,27,99,77,67,35,69,33,1
2025-04-22 16:23:39.32,s,0,17,29,71,94,108,106,16,-17,19,51,170,115,161,112,25,1,33,97,129,136,137,99,79,1,10,94,144,105,131,79,1,43,82,101,86,72,94,62,34,28,96,78,68,36,66,33,1
2025-04-22 16:23:39.33,s,6,42,57,89,118,124,121,37,26,26,63,177,124,170,125,24,5,39,100,135,142,138,104,79,0,8,98,145,108,136,81,2,43,82,101,89,74,98,64,36,28,98,76,71,39,67,34,4
2025-04-22 16:23:39.34,s,4,30,47,85,110,123,114,25,-21,24,56,177,124,168,118,25,2,38,100,132,144,142,102,83,0,6,99,143,114,135,80,3,43,79,104,89,75,98,60,34,27,97,74,71,39,67,31,0
2025-04-22 16:23:39.35,s,2,26,45,76,108,116,107,19,-24,24,60,172,128,164,118,22,2,35,99,135,145,143,104,78,2,9,98,145,117,136,80,2,39,83,103,89,78,97,61,37,26,97,76,70,42,70,31,0
2025-04-22 16:23:39.36,s,2,27,49,82,117,123,112,29,25,26,62,180,129,171,124,24,6,41,106,135,148,145,105,76,3,9,99,146,116,137,80,2,42,83,105,87,80,98,61,38,26,96,79,73,41,70,36,3
2025-04-22 16:23:39.37,s,5,37,54,87,119,123,114,26,-14,25,63,180,128,168,118,24,5,36,104,134,148,143,102,76,2,10,95,148,115,135,80,3,40,82,102,90,80,98,61,36,26,95,78,73,42,70,32,2
2025-04-22 16:23:39.39,s,2,21,43,75,110,113,108,21,-30,19,60,172,125,163,113,21,5,34,97,135,144,138,101,77,-2,9,95,143,111,135,79,3,40,79,102,84,77,97,56,33,24,97,72,71,39,69,35,2
2025-04-22 16:23:39.40,s,2,29,45,85,112,123,110,27,17,24,61,178,128,167,121,24,4,35,98,134,147,139,96,77,-2,5,93,141,112,131,76,2,39,77,98,84,75,92,59,32,26,90,74,67,37,69,30,2
2025-04-22 16:23:39.41,s,3,33,47,85,113,122,110,25,-15,23,60,177,128,162,116,21,4,31,95,135,142,138,99,77,-3,9,87,143,110,128,78,0,40,73,97,84,72,96,55,34,23,92,70,65,35,68,30,0
2025-04-22 16:23:39.42,s,2,26,39,78,109,114,108,16,-33,15,56,167,124,156,110,20,1,25,89,130,139,133,94,75,0,6,88,137,108,126,73,1,37,74,93,81,68,93,52,32,21,88,65,62,36,63,28,0
2025-04-22 16:23:39.43,s,0,27,39,79,109,117,108,27,11,20,55,170,127,159,122,20,4,27,88,134,140,134,97,75,1,8,84,139,106,123,77,0,40,70,89,84,70,89,54,28,23,86,63,62,50,63,28,3
2025-04-22 16:23:39.44,s,2,35,46,87,113,125,113,30,-11,20,56,171,125,162,112,21,-1,27,85,133,140,134,92,78,-1,9,82,140,106,127,76,4,40,70,89,79,70,93,52,32,24,84,66,62,34,64,31,2
2025-04-22 16:23:39.45,s,3,30,48,80,112,117,107,21,-38,18,52,171,123,160,106,22,-2,24,85,127,140,133,90,76,-2,9,80,139,105,127,75,2,39,68,89,79,70,91,54,31,24,84,66,62,34,62,30,0
2025-04-22 16:23:39.46,s,1,14,31,68,100,105,100,15,0,12,55,166,121,158,110,20,-1,28,85,132,137,130,92,72,0,8,81,137,102,123,73,2,37,69,85,82,69,90,51,31,21,81,60,60,35,62,28,2
2025-04-22 16:23:39.47,s,16,49,57,95,114,120,116,34,4,19,59,171,123,158,109,19,2,28,87,132,134,131,91,75,2,6,83,133,103,122,70,2,37,70,86,78,69,89,51,29,23,83,60,60,36,61,30,4
2025-04-22 16:23:39.49,s,0,33,45,83,108,110,108,22,-34,13,55,169,119,151,106,20,-1,25,85,131,132,133,89,76,-2,5,84,133,103,121,71,2,38,70,89,79,67,90,49,31,21,83,62,59,36,61,28,0
2025-04-22 16:23:39.50,s,3,23,35,79,96,107,101,17,-13,14,51,168,111,150,108,21,0,29,86,131,129,128,86,74,-4,7,85,133,99,118,70,0,39,68,88,78,64,89,51,33,21,84,65,57,31,63,29,0
2025-04-22 16:23:39.51,s,5,34,52,86,106,113,117,35,10,25,62,171,116,152,115,24,5,37,92,132,126,128,92,80,1,8,101,134,92,120,75,2,38,75,89,78,62,86,54,36,21,87,63,54,32,60,29,2
2025-04-22 16:23:39.52,s,1,34,48,80,95,109,112,22,-32,22,57,166,103,142,113,26,4,35,89,129,113,120,96,79,2,8,85,131,84,113,74,1,39,75,85,78,57,80,50,35,20,89,62,51,28,55,28,0
2025-04-22 16:23:39.53,s,2,13,32,67,70,97,108,16,-19,17,49,162,82,131,113,23,5,35,88,120,93,110,92,82,3,9,82,120,66,97,69,0,43,74,85,68,44,68,46,31,26,88,62,43,20,46,25,-1
2025-04-22 16:23:39.54,s,4,36,48,87,76,114,122,38,19,25,55,169,80,137,132,27,10,45,92,122,87,106,99,87,6,10,87,114,58,91,70,1,45,79,85,67,37,66,43,35,27,91,66,40,17,41,23,3
2025-04-22 16:23:39.56,s,2,27,42,79,68,108,119,24,-26,19,57,163,69,135,125,31,9,50,99,117,79,106,100,92,6,7,96,113,52,92,70,0,47,83,94,66,40,61,47,37,29,97,73,45,17,44,24,2
2025-04-22 16:23:39.57,s,2,24,42,72,61,97,119,19,-27,13,55,156,64,123,126,28,12,51,100,113,68,98,102,91,9,9,98,109,44,87,70,1,47,85,93,65,32,57,46,39,27,96,74,42,14,42,24,1
2025-04-22 16:23:39.58,s,3,21,42,75,64,101,125,32,12,16,55,158,61,129,132,30,16,57,105,111,63,94,102,92,11,9,98,104,40,79,68,2,47,87,94,65,28,55,44,34,28,101,73,42,17,37,21,2
2025-04-22 16:23:39.59,s,3,22,39,78,58,99,119,30,-23,13,47,148,59,114,124,29,16,58,101,103,57,88,96,92,9,9,98,100,31,74,61,3,43,89,96,62,26,47,39,36,27,101,77,44,15,33,18,1
2025-04-22 16:23:39.60,s,1,9,26,58,44,74,103,18,-39,-1,36,127,43,93,107,24,12,47,88,90,39,66,80,79,10,10,86,86,19,48,43,2,39,79,86,52,18,27,24,28,25,95,71,36,7,21,11,0
2025-04-22 16:23:39.61,s,-2,5,18,52,30,61,90,21,-5,-3,27,105,34,70,92,18,12,47,80,73,39,38,58,71,7,7,78,67,10,24,32,0,35,67,71,45,9,9,14,16,24,83,62,28,4,5,4,2
2025-04-22 16:23:39.62,s,1,5,17,34,24,39,72,17,-22,-4,17,65,25,40,66,14,6,32,60,50,17,19,39,59,1,5,50,47,4,14,18,-1,28,49,50,28,6,1,6,11,17,65,42,25,0,0,1,2
2025-04-22 16:23:39.63,s,-2,2,0,19,10,23,50,11,-42,-7,3,37,15,23,36,9,0,15,33,24,0,12,26,46,-3,1,30,25,1,9,7,-3,21,30,36,24,2,3,4,9,13,49,31,22,3,1,0,0
2025-04-22 16:23:39.65,s,-2,1,-3,7,5,18,34,6,-22,-9,-4,17,10,14,27,2,-3,1,12,18,9,5,19,34,-5,2,11,19,-3,2,7,0,13,26,30,30,8,2,-3,4,4,37,30,25,9,3,2,2
2025-04-22 16:23:39.66,s,1,8,1,6,8,10,26,6,-22,-13,-3,2,6,2,13,-2,-10,-9,3,8,0,3,8,24,-7,0,4,16,-2,-1,2,0,10,22,28,31,10,1,-1,3,4,32,26,26,8,5,-2,2
2025-04-22 16:23:39.67,s,1,2,2,-2,7,7,11,-9,-33,-14,-5,-4,3,-5,-1,-7,-14,-18,-6,2,-8,-5,0,10,-9,0,-3,15,-4,-6,-5,0,5,14,21,31,8,0,-3,-4,1,25,21,24,11,4,-2,0
2025-04-22 16:23:39.68,s,-2,-11,-11,-13,-3,-2,-9,-16,-29,-16,-9,-9,4,-8,-6,-8,-10,-13,-6,-1,-9,-6,-6,5,-8,-2,-1,11,-1,-7,-11,0,2,12,19,29,7,1,-5,-5,0,17,15,25,9,3,2,0
2025-04-22 16:23:39.69,s,9,17,8,9,6,12,1,4,-15,-14,-5,-3,4,-8,-4,-9,-4,-8,-1,3,1,-7,-7,-2,-6,0,3,13,-5,-7,-5,-3,5,7,13,28,5,2,-8,-9,-1,12,9,23,7,5,0,2
2025-04-22 16:23:39.71,s,0,2,-3,1,-1,6,-9,-11,-31,-20,-9,-10,5,-12,-12,-13,-6,-8,-4,-1,-11,-10,-10,-7,-6,0,3,10,-3,-10,-11,-2,2,4,7,19,4,-3,-11,-8,-7,11,2,15,7,0,-1,1
2025-04-22 16:23:39.72,s,0,-9,-7,-9,-3,-2,-12,-15,-32,-23,-8,-12,3,-15,-12,-14,-4,-8,-1,0,-11,-10,-13,-8,-7,0,3,14,-3,-14,-11,-4,1,2,6,20,5,-2,-10,-12,-5,10,2,12,8,1,-2,0
2025-04-22 16:23:39.74,s,1,-4,-2,-2,-1,6,-12,1,-18,-15,-9,-4,1,-13,-11,-11,-4,2,3,7,5,-11,-8,-10,-4,1,6,15,-2,-10,-8,-2,3,5,7,23,8,-2,-8,-13,-3,10,2,18,8,3,0,0
2025-04-22 16:23:39.75,s,1,-4,-1,-2,-3,5,-14,-8,-32,-21,-7,-10,3,-16,-17,-12,-5,0,4,4,-9,-13,-11,-13,-6,2,3,18,-2,-13,-12,-3,3,4,7,20,4,-2,-12,-12,-4,12,4,16,7,4,2,2
2025-04-22 16:23:39.76,s,1,-8,-9,-6,-4,-5,-15,-16,-35,-23,-7,-10,0,-17,-17,-11,-6,0,5,4,-13,-13,-12,-13,-5,1,5,17,1,-13,-15,-4,1,3,7,19,2,0,-10,-14,-2,8,3,15,6,1,2,-1
2025-04-22 16:23:39.77,s,1,3,1,-1,1,2,-11,1,-14,-19,-4,-6,3,-16,-12,-10,-3,2,4,9,0,-12,-12,-14,-5,1,6,16,-3,-14,-9,0,-2,5,6,19,3,-2,-13,-12,-4,10,4,11,8,0,2,1
2025-04-22 16:23:39.78,s,1,-2,-1,-3,0,1,-13,-7,-30,-19,-5,-5,4,-17,-14,-13,-1,3,5,7,-5,-12,-12,-12,-6,2,6,16,1,-14,-9,-3,2,5,6,20,8,-1,-8,-10,-7,11,2,12,9,3,0,0
2025-04-22 16:23:39.79,open,0,5,-4,-2,-2,-2,-15,-11,-38,-20,-7,-7,3,-17,-17,-10,-4,3,4,7,-10,-12,-14,-11,-5,1,9,19,2,-14,-15,-1,0,3,4,25,5,3,-8,-12,-2,10,1,14,11,5,-1,0
2025-04-22 16:23:39.81,open,1,-3,-2,-2,-1,2,-17,-3,-17,-18,-5,-3,1,-18,-9,-9,1,3,9,10,1,-9,-14,-11,-5,0,8,18,-3,-10,-9,-1,0,5,7,18,6,1,-10,-8,-6,12,1,11,7,3,0,1
2025-04-22 16:23:39.82,open,0,5,-3,3,-2,6,-14,-3,-26,-14,-4,-2,1,-18,-12,-9,2,3,6,7,-5,-13,-12,-13,-4,2,4,16,-2,-15,-13,0,-1,2,4,14,3,-1,-11,-11,-3,5,1,8,7,2,-2,2
2025-04-22 16:23:39.83,open,-2,1,-6,0,-3,2,-18,-13,-38,-20,-5,-6,-1,-17,-14,-12,-1,0,4,6,-15,-14,-13,-14,-6,-1,6,11,-1,-15,-17,-2,-2,-2,-1,12,1,-2,-13,-14,-6,7,0,7,3,1,-3,0
2025-04-22 16:23:39.84,open,-3,-3,-7,-2,-5,1,-16,-5,-21,-20,-3,-3,1,-20,-10,-15,1,0,7,7,-4,-10,-15,-12,-4,1,3,15,-3,-15,-9,-2,-1,1,1,13,2,-5,-11,-13,-5,4,0,7,1,1,-2,1
2025-04-22 16:23:39.85,open,1,-2,-3,-1,-4,3,-16,-3,-27,-15,-3,-4,3,-18,-11,-12,0,5,5,10,-4,-13,-12,-13,-7,2,4,17,-2,-14,-13,0,-2,4,2,12,4,-2,-12,-13,-5,8,-3,12,3,2,-3,0
2025-04-22 16:23:39.86,open,-2,-2,-7,-1,-4,-1,-16,-13,-37,-19,-2,-6,2,-20,-14,-11,-1,1,3,8,-14,-15,-13,-14,-6,2,4,17,-3,-17,-12,-2,-2,4,2,12,4,-3,-13,-14,-7,10,-2,12,4,1,-1,0
2025-04-22 16:23:39.87,open,-2,-3,-7,-6,-7,0,-21,-7,-24,-19,-5,-5,1,-20,-10,-13,0,1,5,9,-5,-14,-13,-13,-6,2,5,14,-2,-15,-12,-1,-3,3,3,11,1,-3,-12,-17,-5,7,-1,12,2,1,-3,2
2025-04-22 16:23:39.88,open,1,-2,0,0,1,3,-14,-3,-24,-18,-4,-3,-1,-16,-14,-13,-2,5,7,7,-4,-11,-13,-13,-4,2,6,16,-4,-10,-11,-2,-1,3,2,13,1,-2,-13,-13,-7,10,-2,13,6,1,2,1
2025-04-22 16:23:39.89,open,-2,4,-1,3,-2,6,-17,-9,-36,-15,-6,-2,0,-20,-12,-11,-2,0,6,8,-13,-12,-13,-14,-6,0,6,13,-2,-14,-15,0,-2,1,2,12,4,-3,-14,-15,-6,8,1,7,3,1,-3,0
2025-04-22 16:23:39.91,open,-2,-13,-19,-12,-14,-5,-25,-15,-31,-20,-8,-6,-2,-17,-14,-12,-3,2,3,9,-9,-14,-12,-14,-5,1,3,15,-2,-15,-10,0,-3,3,0,13,2,-4,-13,-16,-4,7,-2,11,4,-3,-2,0
2025-04-22 16:23:39.92,open,8,16,8,11,6,7,-7,4,-14,-15,1,1,3,-12,-7,-9,2,3,8,11,-1,-6,-13,-10,-5,0,5,15,-2,-15,-5,-3,1,1,0,13,1,-1,-11,-13,-7,10,-3,11,6,-2,2,3
2025-04-22 16:23:39.93,open,1,-3,-2,1,-2,6,-14,-8,-35,-14,-5,-1,3,-16,-13,-11,-3,2,5,6,-13,-7,-13,-11,-5,0,6,13,-3,-12,-13,0,-4,3,0,8,4,-5,-10,-15,-4,7,-4,8,3,-3,-1,0
2025-04-22 16:23:39.94,open,-1,-7,-9,-7,-4,-2,-18,-12,-33,-20,-7,-4,0,-20,-11,-10,-2,-2,3,4,-13,-12,-12,-14,-5,1,3,10,-3,-16,-11,-3,-1,-4,-2,7,0,-8,-10,-16,-6,3,-4,5,1,-4,0,0
2025-04-22 16:23:39.95,open,1,1,-3,2,-3,7,-14,2,-18,-14,-3,-5,4,-17,-5,-12,-1,-2,4,7,-3,-11,-15,-13,-6,0,-1,7,-6,-17,-7,-3,-2,-6,-7,1,0,-10,-12,-18,-8,1,-6,1,-2,-5,0,1
2025-04-22 16:23:39.96,open,0,3,-3,2,-3,5,-15,-9,-33,-15,-3,-4,3,-17,-14,-13,-5,-1,2,1,-12,-13,-18,-17,-5,2,0,5,-5,-14,-13,-4,-5,-4,-9,5,-2,-5,-11,-16,-6,0,-7,3,-2,-3,0,0
2025-04-22 16:23:39.97,open,-1,-6,-14,-6,-9,-4,-18,-17,-37,-22,-5,-7,1,-20,-13,-11,-3,-6,1,1,-18,-12,-15,-12,-5,1,3,7,-5,-13,-15,-2,-6,-3,-6,2,1,-8,-11,-17,-6,0,-4,2,-1,-2,-3,0
2025-04-22 16:23:39.98,open,1,4,0,0,-1,2,-12,3,-13,-16,-2,-3,4,-15,-7,-15,0,-3,4,4,-3,-8,-13,-12,-6,1,-2,8,-4,-15,-11,-1,-4,-4,-7,5,0,-7,-13,-18,-5,3,-7,4,0,-5,-3,2
2025-04-22 16:23:39.99,open,2,-2,-1,0,0,2,-12,-8,-30,-16,-3,-1,3,-15,-10,-14,0,-1,3,5,-11,-10,-12,-14,-4,0,2,10,-5,-14,-10,-3,-2,-2,-6,6,2,-7,-12,-17,-5,3,-6,6,0,-2,-1,2
2025-04-22 16:23:40.00,open,-2,2,-5,1,-3,1,-13,-11,-36,-21,-4,-6,-1,-14,-13,-11,-4,-3,3,1,-16,-9,-14,-11,-7,0,3,8,-1,-12,-15,-2,-1,-4,-1,6,1,-6,-13,-17,-4,4,-5,6,2,-4,-1,1
2025-04-22 16:23:40.02,open,-2,-3,-8,-1,-5,6,-14,1,-17,-20,-2,-4,0,-13,-7,-10,1,-2,5,6,-3,-7,-14,-12,-6,-1,3,8,-2,-10,-10,0,-5,1,-3,6,3,-6,-10,-15,-4,3,-3,6,2,-3,-2,1
2025-04-22 16:23:40.03,open,1,1,1,0,2,5,-9,-1,-27,-13,-4,-3,5,-14,-11,-11,-3,1,3,5,-7,-10,-11,-14,-3,1,0,10,-3,-13,-8,-1,-2,0,-3,4,2,-3,-11,-15,-3,4,-1,6,1,0,2,1
2025-04-22 16:23:40.04,open,1,-3,-4,0,-3,6,-15,-13,-36,-18,-3,-2,2,-15,-11,-12,-2,-2,0,6,-14,-7,-12,-11,-4,-1,4,10,-5,-14,-11,-4,-1,-3,-3,9,2,-3,-11,-13,-7,6,-2,6,1,1,-1,0
2025-04-22 16:23:40.05,open,-2,-3,-7,-1,-4,2,-13,-3,-20,-20,-3,-5,4,-15,-6,-12,-1,-1,3,4,-4,-7,-12,-12,-7,2,2,9,-3,-9,-9,-1,-1,-5,-3,10,1,-1,-9,-14,-5,4,-4,7,3,-3,0,2
2025-04-22 16:23:40.06,open,-1,2,-4,4,-2,7,-14,-5,-22,-15,-4,1,0,-13,-10,-11,-3,-1,1,7,-5,-9,-11,-13,-4,1,0,10,-1,-12,-12,-1,-2,-3,-6,10,1,-1,-10,-14,-4,2,-3,7,1,1,0,2
2025-04-22 16:23:40.07,open,-3,-1,-6,1,-5,6,-15,-11,-40,-15,-7,-2,0,-14,-12,-14,-2,-6,2,2,-15,-8,-15,-12,-6,1,3,11,-2,-12,-15,-1,-5,-1,-2,6,3,-3,-12,-12,-7,3,-1,5,4,1,-1,0
2025-04-22 16:23:40.08,open,0,-6,-4,-4,-4,0,-13,-1,-23,-21,-3,-5,3,-15,-7,-10,-1,-3,0,7,-4,-7,-13,-11,-5,2,3,10,-4,-13,-8,-1,-4,-2,-3,11,3,-4,-10,-15,-7,8,-4,8,5,-2,1,1
2025-04-22 16:23:40.09,open,2,2,3,3,3,6,-10,-2,-21,-18,-3,-3,1,-13,-11,-11,-3,0,5,5,-7,-5,-8,-9,-3,1,4,13,-1,-10,-4,-2,-1,-1,-1,12,1,2,-10,-12,-5,7,-3,9,8,-1,2,1
2025-04-22 16:23:40.10,open,1,-2,-1,0,1,4,-10,-9,-34,-15,-5,-1,0,-12,-12,-11,-5,0,1,6,-12,-7,-12,-10,-6,0,5,13,-4,-8,-11,-2,1,-2,0,12,3,-3,-9,-14,-6,10,-2,8,7,1,1,0
2025-04-22 16:23:40.11,open,-1,-15,-14,-14,-10,-7,-19,-11,-34,-19,-8,-5,-1,-13,-10,-11,-4,-1,3,6,-11,-6,-12,-10,-6,-2,5,11,-3,-9,-12,0,-2,2,1,11,2,0,-10,-9,-4,7,-1,10,6,2,1,0
2025-04-22 16:23:40.12,open,6,13,6,10,4,13,-7,6,-17,-11,0,-1,7,-12,-7,-11,2,-1,8,7,1,-5,-12,-11,-5,1,2,11,-2,-13,-4,-3,2,-1,0,15,3,2,-7,-13,-5,10,-1,10,7,3,3,3
2025-04-22 16:23:40.14,open,1,4,-2,3,1,5,-9,-6,-32,-18,-2,-4,6,-14,-9,-9,-1,-1,3,4,-9,-7,-11,-8,-5,0,5,11,-1,-8,-10,0,-1,-1,2,12,4,1,-9,-9,-3,8,-3,11,7,0,3,2
2025-04-22 16:23:40.15,open,0,-5,-8,-1,-6,5,-16,-10,-34,-16,-3,-6,1,-12,-11,-11,-4,-1,4,3,-12,-10,-9,-11,-6,0,3,13,-1,-9,-12,0,-1,-1,3,12,2,2,-8,-9,-3,7,1,11,4,3,2,0
2025-04-22 16:23:40.17,open,1,-3,0,0,0,5,-9,2,-14,-14,-1,-2,6,-13,-3,-11,0,1,4,9,1,-5,-11,-10,-7,2,2,14,-1,-11,-3,-2,1,-1,0,12,3,-2,-8,-12,-2,7,-1,10,3,6,1,2
2025-04-22 16:23:40.18,open,2,-2,1,1,-1,7,-11,-9,-28,-17,-2,-2,0,-12,-10,-10,-2,-5,4,5,-9,-7,-11,-11,-6,-2,5,10,-3,-9,-9,-3,1,2,0,10,4,1,-9,-8,-5,9,1,9,4,4,0,0
2025-04-22 16:23:40.19,s,0,-8,-9,-5,-9,3,-16,-13,-39,-16,-7,-4,1,-17,-9,-11,-5,-5,0,3,-12,-8,-13,-9,-6,0,5,11,-4,-8,-11,-2,-1,-3,2,13,5,0,-8,-11,-5,8,-2,11,8,2,2,0
2025-04-22 16:23:40.20,s,1,4,-1,3,-2,8,-11,6,-15,-14,-4,-1,3,-12,-3,-8,-2,-3,4,6,-3,-4,-11,-12,-4,1,-1,12,-3,-9,-5,-3,-1,-2,0,13,3,1,-7,-10,-3,5,0,12,4,5,2,2
2025-04-22 16:23:40.21,s,1,0,-1,0,0,8,-11,-7,-27,-19,-2,-5,5,-14,-6,-11,-4,-6,0,3,-10,-4,-12,-11,-8,2,2,9,0,-10,-7,-3,1,-3,2,12,4,4,-6,-10,-3,6,-2,14,6,5,3,1
2025-04-22 16:23:40.22,s,0,0,-8,-1,-7,6,-14,-11,-40,-16,-7,-5,3,-14,-9,-12,-7,-8,-3,2,-13,-7,-11,-12,-8,1,3,8,1,-8,-10,-1,-3,3,4,13,3,5,-5,-9,-4,7,3,13,7,6,1,2
2025-04-22 16:23:40.23,s,1,-3,-3,0,-2,7,-7,5,-20,-18,-3,-3,1,-8,-4,-12,-6,-6,-3,7,-2,-1,-9,-8,-8,-2,3,8,1,-6,-4,-2,1,2,5,19,4,4,-4,-10,-1,9,3,16,9,9,3,2
2025-04-22 16:23:40.24,s,3,2,3,2,5,10,-2,1,-26,-15,-3,-2,8,-6,-1,-10,-8,-8,-1,6,-4,-3,-8,-11,-6,1,0,14,2,-5,-7,-2,1,5,6,22,8,5,-3,-9,-2,12,4,20,12,9,3,2
2025-04-22 16:23:40.26,s,-2,2,-4,2,-1,9,-2,-7,-38,-20,-3,-3,7,-4,-3,-8,-10,-13,-3,3,-11,0,-4,-8,-8,1,3,13,1,-1,-4,-1,3,6,12,25,10,6,-1,-6,-1,18,7,23,12,13,3,1
2025-04-22 16:23:40.27,s,0,0,-1,4,1,11,2,2,-22,-15,-3,-1,6,0,4,-6,-12,-16,-1,3,0,1,-4,-4,-10,0,2,12,-1,-2,1,-3,6,9,13,22,7,11,-2,-4,-3,19,11,19,14,10,3,2
2025-04-22 16:23:40.28,s,1,3,3,6,5,17,4,1,-25,-12,-4,3,5,2,2,-7,-14,-16,-6,6,-5,4,-3,1,-11,-2,-1,10,2,0,0,-2,5,11,13,22,6,11,-2,-6,0,18,13,22,12,8,6,0
2025-04-22 16:23:40.29,s,1,-4,-3,1,1,11,7,-8,-37,-18,-2,2,4,1,3,-4,-19,-24,-6,0,-15,3,-2,-2,-11,-2,-3,9,-3,-2,-1,-2,5,10,12,15,8,8,0,-5,0,19,11,20,8,10,5,2
2025-04-22 16:23:40.31,s,0,-3,-1,2,1,13,7,0,-24,-18,-2,6,4,3,7,-3,-19,-26,-5,3,-5,0,1,0,-13,0,-5,5,-3,-3,3,-3,3,5,12,15,5,8,-1,-5,0,19,9,16,7,5,3,1
2025-04-22 16:23:40.32,s,1,3,1,11,2,21,12,3,-26,-16,0,9,6,8,9,-2,-20,-22,-1,4,-1,4,6,8,-15,2,-1,7,-4,3,5,0,2,14,15,18,5,9,-1,1,2,24,15,22,6,9,3,2
2025-04-22 16:23:40.33,s,1,5,7,11,10,25,25,5,-37,-11,2,13,13,11,17,-2,-15,-15,5,10,-8,9,10,21,-12,-1,5,11,-1,4,7,0,8,20,22,25,6,13,4,2,7,34,15,26,11,6,2,2
2025-04-22 16:23:40.34,s,-3,-13,-13,2,-2,24,31,0,-29,-17,4,19,15,20,34,4,-14,-6,15,19,1,17,20,31,-10,1,12,22,2,9,16,0,15,26,28,30,12,13,6,4,10,45,24,28,10,8,3,2
2025-04-22 16:23:40.35,s,7,20,22,28,23,45,56,19,-9,-8,13,41,21,33,50,9,-7,3,28,35,17,26,32,47,-5,2,24,30,5,19,24,-2,21,33,33,31,10,13,9,10,14,53,31,28,10,9,3,3
2025-04-22 16:23:40.36,s,0,12,21,39,22,46,63,14,-33,-8,23,69,28,48,52,12,-8,13,41,43,15,33,37,54,-6,4,35,40,7,27,23,1,21,41,41,30,8,23,13,18,14,58,38,23,7,13,9,1
2025-04-22 16:23:40.37,s,1,4,16,36,22,41,67,15,-33,-4,23,85,30,52,61,18,-4,14,52,55,17,43,44,60,-2,4,44,54,11,30,31,0,26,44,46,33,11,26,19,25,15,64,39,25,7,18,11,1
2025-04-22 16:23:40.38,s,1,17,31,50,36,55,78,24,-1,5,36,98,40,65,73,19,4,24,61,71,41,49,53,68,1,4,61,61,16,41,37,2,25,50,57,37,13,32,20,27,17,63,46,26,8,28,18,3
2025-04-22 16:23:40.40,s,1,16,30,54,36,61,81,18,-32,3,35,111,40,72,70,21,-1,24,67,81,28,53,57,71,0,5,71,70,20,44,33,2,27,55,70,49,17,30,24,26,17,71,54,37,10,25,20,3
2025-04-22 16:23:40.41,s,0,1,25,46,32,71,89,14,-32,0,35,114,40,83,81,21,-1,25,75,79,29,59,60,74,2,8,76,79,20,50,35,1,29,65,77,51,16,32,21,29,17,78,61,35,7,27,13,1
2025-04-22 16:23:40.42,s,4,19,41,59,47,76,98,25,8,2,39,113,44,83,85,18,0,26,69,79,49,57,55,68,0,8,68,75,18,45,42,1,30,66,72,45,12,28,16,23,16,82,60,26,4,18,11,2
2025-04-22 16:23:40.43,s,3,11,31,50,42,73,94,21,-32,1,32,103,45,81,76,17,-3,23,66,71,31,54,49,67,-3,8,70,73,19,41,35,1,33,67,73,46,12,24,13,16,20,88,59,28,1,12,8,2
2025-04-22 16:23:40.44,s,1,9,21,41,38,69,88,13,-39,-6,25,97,40,78,76,17,-3,19,63,68,25,53,47,64,0,6,70,74,17,42,30,1,38,71,77,46,13,25,12,11,25,95,66,30,-1,13,6,2
2025-04-22 16:23:40.45,s,1,10,27,52,45,82,96,25,1,-2,31,101,50,87,89,15,6,27,70,81,52,58,54,66,2,9,77,85,19,48,37,0,42,79,90,54,16,26,9,11,26,103,75,36,2,11,3,2
2025-04-22 16:23:40.46,s,2,20,33,66,57,89,106,25,-20,4,35,116,59,102,98,18,6,31,87,93,49,72,59,72,6,9,90,103,32,54,37,1,46,91,102,68,25,30,12,16,28,113,85,51,9,16,4,2
2025-04-22 16:23:40.48,s,1,14,31,63,62,93,105,19,-37,3,36,127,61,113,105,20,6,35,95,103,64,82,67,77,5,8,102,113,38,65,37,0,49,93,108,76,32,33,15,16,33,115,89,57,15,21,4,1
2025-04-22 16:23:40.49,s,1,20,35,66,68,98,107,27,2,10,40,137,71,120,109,16,10,37,97,106,78,84,67,72,4,9,100,114,47,65,41,2,47,94,105,76,32,39,14,16,31,112,85,55,14,22,6,2
2025-04-22 16:23:40.50,s,3,17,35,63,80,98,112,25,-17,6,40,138,77,123,104,16,6,33,90,108,78,87,61,68,3,9,91,117,50,66,38,1,48,89,105,71,35,37,8,11,28,112,84,51,16,21,0,1
2025-04-22 16:23:40.51,s,1,12,26,61,79,97,104,21,-40,2,31,134,78,119,100,12,1,26,79,105,83,84,57,62,0,8,87,111,54,65,31,1,47,87,100,70,34,35,8,4,29,111,79,50,14,12,2,0
2025-04-22 16:23:40.52,s,1,12,28,60,81,94,106,27,-7,2,32,137,84,121,104,10,4,26,79,113,87,90,58,63,0,5,90,117,58,71,35,3,45,86,103,72,40,37,8,3,29,109,84,57,16,15,0,2
2025-04-22 16:23:40.53,s,1,25,34,76,96,106,107,28,-19,4,37,151,95,129,102,13,2,30,89,120,109,100,61,62,3,10,98,135,79,88,39,3,48,92,110,86,53,57,11,9,32,114,89,71,28,33,4,2
2025-04-22 16:23:40.54,s,2,14,27,73,95,103,100,23,-41,-3,35,150,104,134,92,12,-4,24,87,121,120,107,59,59,0,9,97,138,90,94,41,1,48,93,110,88,62,72,18,8,33,115,90,73,33,46,6,2
2025-04-22 16:23:40.56,s,-4,-3,6,55,81,90,88,15,-19,-8,24,148,102,127,93,11,-4,21,80,120,119,112,54,56,-4,9,91,138,90,95,38,1,46,92,108,86,65,76,17,6,33,111,90,68,33,46,5,1
2025-04-22 16:23:40.57,s,7,26,34,74,109,107,107,34,-3,-2,30,154,112,135,100,10,-3,18,75,122,123,115,58,52,0,9,84,137,90,102,44,2,45,87,104,82,61,77,17,6,28,109,82,67,32,51,5,3
2025-04-22 16:23:40.58,s,0,16,25,75,105,110,103,23,-40,-4,28,158,117,144,97,6,-8,18,73,126,135,118,58,52,-2,8,83,141,101,104,42,1,48,84,104,85,69,76,19,1,28,108,82,71,34,53,6,2
2025-04-22 16:23:40.59,s,1,4,21,66,106,105,103,23,-30,-5,25,159,118,150,97,5,-8,17,72,126,137,121,62,50,-1,6,82,141,103,111,42,3,43,86,102,83,69,83,18,-2,28,106,81,71,35,53,6,0
2025-04-22 16:23:40.60,s,2,13,31,76,118,115,113,30,0,-2,32,167,127,159,107,9,0,19,79,129,149,130,64,55,-2,6,84,140,111,113,47,2,45,87,102,84,75,83,21,0,31,106,83,72,35,56,7,2
2025-04-22 16:23:40.61,s,1,18,28,73,118,115,110,22,-33,-5,35,164,128,154,105,5,-4,17,76,132,143,131,67,53,0,8,85,145,111,114,48,2,43,87,101,87,75,86,23,2,31,109,82,74,41,58,11,2
2025-04-22 16:23:40.62,s,0,6,20,66,108,108,97,17,-37,-5,30,161,121,152,97,6,-8,12,74,127,144,128,62,52,-5,6,83,144,111,116,45,1,44,83,102,86,76,83,22,2,27,109,81,71,41,56,7,0
2025-04-22 16:23:40.63,s,2,21,32,79,118,116,108,28,8,-3,32,164,128,152,102,4,-6,14,73,130,147,129,62,50,-4,6,79,141,110,114,47,3,41,79,100,84,73,85,22,4,30,106,78,68,40,54,7,3
2025-04-22 16:23:40.64,s,2,12,29,72,117,112,104,25,-33,-4,29,163,127,147,100,6,-8,5,64,130,143,124,58,47,-5,8,72,142,108,113,43,3,39,76,96,84,72,84,19,1,26,104,74,71,38,53,5,2
2025-04-22 16:23:40.65,s,-2,8,17,67,106,104,100,19,-40,-7,24,157,123,143,98,6,-11,-1,59,127,137,124,58,51,-9,5,69,138,108,105,42,0,41,72,94,79,69,81,18,2,26,100,75,66,34,53,5,0
2025-04-22 16:23:40.67,s,1,13,26,72,111,113,102,30,0,-6,29,156,124,144,102,4,-7,-1,57,127,142,120,60,48,-8,5,62,134,106,104,43,1,39,72,89,76,69,77,14,0,24,100,68,64,33,48,5,0
2025-04-22 16:23:40.68,s,3,18,31,72,116,112,105,24,-24,-7,27,154,125,143,95,3,-11,-1,53,123,139,118,58,46,-6,6,62,134,101,100,37,2,38,75,88,77,66,76,14,1,25,99,71,60,31,48,2,3
2025-04-22 16:23:40.69,s,1,9,26,67,110,108,97,21,-41,-6,23,154,120,143,94,2,-10,-4,56,122,136,118,56,47,-6,5,67,132,105,102,34,2,40,73,90,79,67,74,15,-2,27,99,73,65,32,45,5,0
2025-04-22 16:23:40.70,s,1,13,27,72,111,107,100,27,-2,-6,31,158,124,145,98,4,-10,3,62,127,144,121,54,46,-7,3,70,136,108,104,40,1,42,75,92,83,74,80,14,1,28,101,74,68,36,49,5,2
2025-04-22 16:23:40.71,s,1,19,27,78,119,112,103,29,-21,-3,33,162,128,150,97,5,-10,6,64,131,149,123,58,47,-7,5,74,140,110,110,39,3,41,77,98,81,73,83,15,1,26,103,77,68,40,55,5,2
2025-04-22 16:23:40.72,s,2,12,26,75,114,113,100,21,-41,-6,33,162,129,148,97,2,-9,1,66,129,145,125,60,48,-5,7,71,142,115,108,40,3,39,79,98,81,77,82,17,0,27,103,75,73,40,55,8,0
2025-04-22 16:23:40.74,s,-2,16,25,75,116,112,102,22,-7,-6,33,163,131,147,105,3,-7,5,65,128,153,123,61,48,-10,8,71,139,114,109,39,2,40,75,93,85,76,80,16,-1,27,102,74,71,41,53,5,1
2025-04-22 16:23:40.75,s,2,19,29,80,118,115,103,26,-22,0,34,163,132,148,102,6,-9,5,67,132,150,125,64,50,-4,6,73,143,113,111,43,0,42,75,96,85,75,80,17,0,25,103,77,68,41,52,6,0
2025-04-22 16:23:40.76,s,2,15,28,78,117,113,102,23,-43,-2,35,162,129,145,95,4,-11,3,66,128,145,120,60,51,-10,8,71,143,111,106,39,1,41,75,94,84,74,82,17,-1,26,102,74,69,40,51,7,0
2025-04-22 16:23:40.77,s,-2,-2,12,58,103,98,90,14,-19,-10,31,162,121,143,92,3,-12,2,65,129,143,117,56,47,-8,6,72,138,109,105,40,2,39,73,93,84,72,81,18,0,27,98,76,68,39,53,5,2
2025-04-22 16:23:40.78,s,6,30,37,89,125,118,103,34,-6,2,36,169,127,144,93,2,-7,3,66,131,145,121,57,51,-5,6,72,140,109,103,41,1,40,74,96,83,74,79,19,3,26,99,74,71,40,51,7,2
2025-04-22 16:23:40.79,s,0,17,28,74,116,106,95,18,-39,-5,30,164,120,138,85,4,-12,-1,66,127,136,117,53,48,-7,4,73,138,105,101,33,3,35,75,93,83,71,75,15,-1,25,97,75,68,35,51,5,1
2025-04-22 16:23:40.80,s,0,11,21,70,109,104,89,17,-27,-7,29,161,121,137,87,4,-12,-1,66,126,138,115,55,48,-8,4,73,138,106,96,36,1,38,70,96,79,69,76,13,-1,24,99,73,67,39,49,4,0
2025-04-22 16:23:40.81,s,2,18,29,79,117,112,97,27,-2,2,35,169,126,142,94,5,-7,6,71,129,149,118,54,49,-8,8,74,139,109,102,40,0,40,75,94,84,72,76,15,0,27,100,72,70,36,48,5,0
2025-04-22 16:23:40.82,s,3,16,32,79,114,113,97,21,-34,-3,33,165,123,142,89,7,-11,6,68,127,138,120,56,50,-6,5,72,139,108,100,36,0,42,74,92,83,70,80,15,3,27,97,75,68,36,52,4,0
2025-04-22 16:23:40.84,s,-3,6,18,63,109,101,92,14,-36,-7,33,160,124,138,90,4,-9,6,67,124,141,116,56,49,-7,8,73,137,109,100,37,1,41,73,92,84,70,78,16,0,27,98,71,65,39,49,4,0
2025-04-22 16:23:40.85,s,3,22,34,81,121,115,101,30,6,-2,39,165,127,143,95,4,-5,10,71,129,148,117,57,51,-4,5,74,137,107,102,41,0,42,76,92,82,72,76,14,2,25,95,74,66,34,49,7,3
2025-04-22 16:23:40.86,s,1,17,27,75,114,105,97,21,-32,-3,37,161,119,138,91,2,-5,7,69,126,139,115,54,50,-5,5,72,136,101,100,35,3,39,76,90,82,69,72,16,1,28,97,71,67,36,48,3,0
2025-04-22 16:23:40.87,s,0,11,20,68,105,102,91,17,-39,-6,33,156,115,132,83,5,-10,8,63,122,129,110,50,50,-6,5,70,132,96,95,31,2,38,74,88,75,66,67,13,-1,26,93,71,62,31,45,3,0
2025-04-22 16:23:40.89,s,0,19,32,73,111,104,97,25,2,0,32,157,113,134,90,7,-4,9,65,121,131,107,53,51,-6,5,68,130,92,89,37,2,42,71,87,76,58,66,8,2,24,97,66,58,30,38,4,1
2025-04-22 16:23:40.90,s,3,21,29,75,104,102,100,26,-23,0,37,153,110,128,86,5,-3,12,65,122,118,101,52,52,-1,5,74,127,84,87,35,3,41,73,89,75,54,57,13,3,27,95,71,55,27,36,-1,2
2025-04-22 16:23:40.91,s,0,14,23,68,85,93,95,17,-40,-2,31,146,94,116,85,7,-1,16,65,118,99,89,56,55,-2,8,69,122,71,71,34,1,44,77,85,71,45,50,8,6,25,97,71,52,21,25,2,1
2025-04-22 16:23:40.92,s,-2,13,25,67,72,90,98,26,-1,6,35,150,77,107,101,13,6,23,76,114,85,83,60,64,4,8,79,117,51,65,39,1,48,81,90,70,36,37,11,7,31,103,73,48,12,19,0,2
2025-04-22 16:23:40.93,s,2,20,32,73,67,90,108,26,-16,6,41,152,63,110,105,17,7,35,85,114,71,78,65,75,3,8,87,113,41,59,38,2,49,83,97,68,24,32,11,11,32,108,75,50,9,12,0,1
2025-04-22 16:23:40.94,s,1,10,29,67,56,86,107,18,-38,6,40,150,57,110,109,21,7,39,93,108,57,79,72,79,8,9,97,114,36,56,39,3,48,93,102,69,24,27,11,17,32,109,85,49,7,10,2,0
2025-04-22 16:23:40.95,s,2,11,28,67,52,87,106,24,-1,10,41,150,55,110,118,22,13,49,101,105,55,74,77,82,6,10,98,107,29,51,43,1,51,92,103,70,16,22,13,19,33,108,84,56,1,10,3,1
2025-04-22 16:23:40.96,s,2,16,34,68,52,89,108,25,-11,9,39,145,51,103,117,21,14,49,100,102,47,74,80,87,10,8,98,105,22,49,45,2,51,93,101,67,15,16,12,21,34,107,85,45,2,8,2,1
2025-04-22 16:23:40.97,s,1,17,28,66,46,77,107,24,-35,4,41,130,47,90,110,22,10,47,94,91,31,58,74,82,9,10,94,94,19,40,35,4,46,86,96,58,10,10,13,20,28,101,78,40,1,3,0,2
2025-04-22 16:23:40.99,s,0,-7,12,43,23,64,89,16,-21,-2,30,112,39,76,102,21,10,38,85,79,29,45,66,75,6,8,83,79,11,26,32,1,40,76,83,46,9,2,9,14,26,93,69,32,-5,0,0,2
2025-04-22 16:23:41.00,s,5,24,33,62,38,69,96,33,-5,1,32,99,37,67,97,16,12,38,80,68,40,34,57,72,3,9,73,66,12,19,30,2,38,70,77,41,6,3,8,15,26,88,61,31,-4,-2,3,3
2025-04-22 16:23:41.01,s,1,11,20,41,24,49,78,17,-35,-3,19,79,25,47,79,19,5,32,68,54,14,22,49,70,4,5,62,56,5,16,23,0,34,58,62,37,4,-2,7,15,17,81,55,28,-5,-2,0,2
2025-04-22 16:23:41.02,s,-2,3,8,24,13,32,65,10,-29,-8,13,57,20,32,63,12,4,24,50,41,7,17,39,56,1,6,47,42,4,9,20,2,27,51,50,30,2,1,5,15,16,72,50,23,-5,-1,-1,0
2025-04-22 16:23:41.03,s,2,10,11,24,15,30,59,22,-7,-6,7,42,21,26,45,6,6,19,36,31,27,17,32,48,0,3,34,27,-1,10,17,2,23,43,45,25,4,1,0,8,15,62,44,22,0,1,-1,2
2025-04-22 16:23:41.04,s,0,5,7,13,8,27,46,12,-35,-6,0,27,13,19,32,5,-4,6,23,18,1,13,25,41,-3,2,23,24,-2,3,11,1,19,39,44,23,5,0,-2,3,15,61,41,28,4,0,-3,1
2025-04-22 16:23:41.05,s,0,-1,-1,1,6,16,40,5,-36,-13,-2,12,9,10,28,2,-7,-3,11,12,-5,8,17,37,-8,2,10,21,-3,0,6,-1,17,29,37,28,2,0,-2,1,10,54,37,25,1,0,-3,0
2025-04-22 16:23:41.07,s,0,9,5,5,12,19,39,9,-5,-11,-2,7,12,10,29,-2,-6,-8,4,12,14,6,14,29,-8,2,-1,14,-4,0,7,-2,16,21,33,27,3,-1,-4,-1,8,40,30,25,3,2,-4,2
2025-04-22 16:23:41.08,s,1,4,1,4,7,19,30,6,-30,-6,-5,3,12,4,20,-6,-8,-16,-1,6,-1,1,11,21,-6,1,-1,11,-4,0,-1,-1,10,20,26,25,4,0,-4,-5,6,28,25,24,4,2,-4,0
2025-04-22 16:23:41.09,s,0,-3,-4,-7,5,9,17,-5,-38,-11,-8,-5,9,-2,11,-7,-9,-18,-3,-1,-12,0,2,14,-11,2,-3,13,-5,-2,-4,-2,10,15,21,26,6,0,-5,-8,3,24,17,24,7,1,-4,-1
2025-04-22 16:23:41.11,s,0,-3,0,-5,5,9,9,1,-17,-13,-8,-4,6,-5,7,-7,-7,-14,-5,2,3,-6,2,6,-9,1,-4,13,-5,-4,-1,-2,9,13,16,25,7,-4,-7,-7,1,21,13,23,11,2,-3,2
2025-04-22 16:23:41.12,s,0,7,2,-1,5,11,6,-7,-27,-14,-12,-4,4,-8,0,-10,-8,-13,-5,0,-4,-7,-5,-3,-8,1,-4,11,-3,-7,-7,-1,6,15,16,25,6,-1,-12,-10,-1,23,13,21,6,5,-4,1
2025-04-22 16:23:41.13,s,1,-4,-1,-5,1,7,-6,-11,-39,-18,-14,-6,1,-9,-9,-11,-10,-10,-8,0,-11,-11,-5,-3,-7,0,2,14,-4,-7,-11,0,5,11,18,23,5,1,-11,-10,-1,24,12,25,10,3,-1,0
2025-04-22 16:23:41.14,s,0,0,1,-5,1,5,-4,-2,-18,-20,-11,-4,1,-9,-4,-9,-10,-7,-4,1,1,-10,-8,-4,-8,0,2,15,-1,-9,-9,0,8,11,17,26,5,1,-11,-13,2,19,13,25,8,6,-1,0
2025-04-22 16:23:41.15,s,1,4,-1,2,-1,8,-5,-2,-25,-18,-10,-4,4,-13,-5,-11,-7,-9,-4,3,-3,-7,-7,-7,-6,0,3,13,-1,-8,-6,0,6,10,12,26,5,-3,-10,-15,1,19,9,24,11,4,-5,2
2025-04-22 16:23:41.16,s,-2,-4,-4,-6,0,7,-9,-10,-38,-16,-11,-4,0,-11,-9,-9,-10,-9,1,-1,-11,-8,-9,-5,-10,0,3,16,-2,-10,-9,-2,7,9,12,25,9,-2,-12,-15,1,19,7,24,11,5,-4,1
2025-04-22 16:23:41.18,s,1,-3,-1,-2,0,8,-8,-2,-21,-20,-7,-7,6,-13,-3,-11,-6,-8,1,3,-2,-5,-8,-6,-7,-1,4,14,-4,-7,-9,-3,5,9,9,23,9,-4,-10,-15,-1,16,8,20,9,6,-4,0
2025-04-22 16:23:41.19,s,1,2,-3,-5,1,6,-7,-3,-23,-19,-6,-4,5,-12,-4,-9,-6,-7,4,8,2,-5,-6,-8,-4,1,6,17,-3,-7,-7,-1,5,6,10,22,6,-3,-13,-13,-3,19,5,18,7,5,-3,1
2025-04-22 16:23:41.20,s,0,2,-5,1,-1,10,-6,-7,-34,-19,-6,-5,6,-14,-9,-11,-7,-8,4,3,-10,-5,-7,-6,-6,0,5,17,-4,-8,-11,-2,2,6,9,22,5,-3,-11,-15,1,15,6,18,8,5,-2,1
2025-04-22 16:23:41.21,s,-2,-24,-19,-19,-10,-4,-16,-11,-31,-22,-8,-9,3,-16,-7,-14,-7,-6,1,6,-8,-7,-7,-9,-5,1,6,14,-1,-9,-11,1,2,9,8,23,6,-3,-14,-14,-1,16,3,20,9,3,-5,-1
2025-04-22 16:23:41.22,s,3,7,4,5,2,13,-6,6,-12,-13,-7,1,3,-13,-6,-11,-6,-3,8,7,7,-6,-10,-9,-6,1,4,16,-2,-14,-4,-2,2,9,10,19,6,-3,-12,-13,-2,19,5,17,7,2,0,2
2025-04-22 16:23:41.23,s,2,1,0,-2,1,5,-8,-7,-30,-18,-4,-4,3,-14,-12,-11,-7,-4,5,3,-10,-6,-10,-7,-7,0,6,16,-2,-12,-10,-2,6,7,8,22,6,-4,-15,-16,-1,19,4,20,10,2,-2,0
2025-04-22 16:23:41.24,s,-2,-3,-8,-2,-6,6,-13,-6,-33,-18,-5,-5,3,-18,-7,-12,-4,-3,3,7,-9,-7,-7,-10,-7,1,4,16,1,-12,-12,-1,5,9,10,20,6,-5,-13,-14,0,17,6,19,7,4,-3,1
2025-04-22 16:23:41.25,s,1,3,0,0,1,7,-6,4,-12,-15,-1,-1,6,-13,-3,-12,-3,2,8,9,7,-6,-7,-6,-6,0,8,18,-2,-13,-4,0,2,12,9,23,5,-6,-11,-16,2,19,5,17,10,3,-3,2
2025-04-22 16:23:41.26,s,1,2,-5,0,-1,9,-9,-3,-32,-13,-4,-2,6,-16,-7,-12,-1,1,7,7,-5,-8,-8,-8,-6,1,10,21,-3,-10,-10,1,5,12,12,25,5,-2,-13,-19,3,20,6,20,6,5,-2,2
2025-04-22 16:23:41.27,s,-2,-7,-11,-7,-6,2,-12,-10,-36,-18,-5,-4,3,-18,-12,-12,-3,-1,9,7,-11,-7,-10,-7,-7,3,8,19,-2,-14,-10,-3,7,11,10,23,6,-6,-13,-17,2,21,7,17,10,2,-5,0
2025-04-22 16:23:41.28,s,0,2,-2,0,-2,7,-11,5,-11,-13,-3,2,3,-15,-2,-10,-1,2,11,12,5,-7,-9,-9,-2,2,11,21,2,-11,-7,0,7,13,15,24,8,-2,-11,-16,2,24,7,20,9,0,-1,3
2025-04-22 16:23:41.29,s,0,3,-4,2,1,4,-7,-1,-27,-14,-2,-2,6,-14,-9,-11,-1,6,12,10,0,-6,-10,-6,-5,1,12,25,1,-10,-9,1,6,15,13,28,10,-3,-14,-16,2,25,9,24,11,2,-2,0
2025-04-22 16:23:41.30,s,-1,-5,-9,-4,-6,5,-15,-11,-40,-14,-5,-3,4,-17,-8,-11,-1,2,11,11,-8,-7,-8,-8,-2,2,14,23,-1,-9,-12,0,7,15,16,28,6,-1,-11,-15,4,23,13,24,10,4,-1,2
2025-04-22 16:23:41.31,open,-1,2,-3,-4,0,3,-7,4,-15,-14,-1,2,5,-14,-3,-10,0,7,12,12,6,-6,-8,-9,-3,2,13,24,-2,-8,-8,-2,9,12,16,28,6,-1,-11,-16,2,25,10,22,9,3,-4,2
2025-04-22 16:23:41.32,open,2,3,-3,3,-1,9,-8,0,-25,-11,-1,-1,8,-16,-5,-9,0,3,11,13,-3,-4,-8,-9,-3,1,14,24,-1,-9,-8,-2,9,14,15,27,6,-4,-16,-17,2,24,12,23,9,4,-2,2
2025-04-22 16:23:41.34,open,0,-2,-3,-4,0,5,-8,-9,-34,-15,-3,2,4,-12,-9,-11,-2,7,10,14,-7,-5,-6,-8,-2,1,13,27,-1,-10,-9,-2,8,15,16,26,10,-4,-16,-18,1,27,10,25,13,3,-4,2
2025-04-22 16:23:41.35,open,-2,-3,-3,-5,1,3,-8,3,-19,-15,-1,1,7,-12,-4,-10,0,7,16,14,6,-4,-8,-7,-2,2,16,27,3,-7,-8,0,10,17,16,30,10,-1,-16,-19,2,25,11,27,12,2,-5,1
2025-04-22 16:23:41.36,open,0,8,1,2,5,11,-2,0,-21,-11,-2,4,6,-8,-5,-9,1,7,16,15,2,0,-6,-5,-2,1,18,31,3,-8,-7,0,10,18,21,32,12,-2,-14,-18,3,30,15,26,15,5,-5,1
2025-04-22 16:23:41.38,open,-3,0,-6,-4,2,5,-6,-10,-36,-15,-1,2,5,-7,-7,-10,-2,7,16,16,-2,-3,-5,-5,-2,2,19,34,3,-6,-8,0,13,20,21,34,14,0,-14,-16,2,32,17,30,13,5,-3,2
2025-04-22 16:23:41.39,open,0,-6,-6,-2,-3,9,-9,-2,-21,-14,-5,3,7,-5,-2,-11,2,8,14,17,8,-1,-6,-8,-2,2,18,33,4,-8,-7,1,10,23,24,34,10,1,-15,-18,3,32,18,30,15,6,-3,2
2025-04-22 16:23:41.40,open,2,0,0,-1,4,10,-5,-1,-22,-11,-3,6,10,-6,1,-9,5,8,16,16,11,2,-2,-2,-2,0,18,32,4,-5,-4,0,14,22,23,36,13,-1,-12,-19,7,32,18,33,14,2,-4,1
2025-04-22 16:23:41.41,open,1,3,0,1,4,14,-6,-6,-35,-10,-4,4,8,-7,-2,-8,1,5,12,14,-1,-4,-4,-5,-4,2,14,31,5,-9,-7,-3,14,22,21,36,11,1,-12,-20,4,31,17,32,12,5,-4,2
2025-04-22 16:23:41.42,open,-3,-20,-17,-15,-4,1,-11,-10,-30,-18,-3,1,6,-7,-4,-10,-3,5,11,13,1,-2,-7,-5,-2,1,15,27,3,-8,-7,0,12,17,23,34,12,-2,-16,-20,3,29,19,28,11,5,-4,0
2025-04-22 16:23:41.43,open,2,9,5,4,10,11,-1,9,-15,-8,1,3,12,-6,-3,-11,-1,5,12,12,12,-3,-4,-5,-4,0,15,25,3,-7,-3,0,8,19,20,29,14,-3,-12,-18,3,29,15,27,11,5,-2,4
2025-04-22 16:23:41.44,open,0,4,1,0,4,9,-8,-6,-30,-15,-1,1,9,-8,-9,-12,-2,2,11,10,0,0,-5,-7,-3,2,13,27,5,-7,-10,-1,11,18,20,35,12,1,-13,-15,3,25,18,28,14,6,-2,1
2025-04-22 16:23:41.45,open,0,-2,-8,0,-3,6,-13,-7,-35,-13,-6,2,5,-10,-6,-10,-3,1,8,10,-3,-5,-5,-8,-4,2,13,27,4,-7,-10,0,9,14,22,34,13,0,-13,-17,1,29,15,32,15,5,-4,2
2025-04-22 16:23:41.46,open,-1,5,-1,6,4,14,-8,6,-13,-12,1,4,8,-6,-3,-10,-2,6,13,13,11,1,-7,-5,-3,1,16,26,4,-4,-3,0,8,20,23,34,13,5,-12,-15,3,26,19,31,11,9,-1,1
2025-04-22 16:23:41.48,open,2,4,2,3,1,14,-9,-4,-28,-13,-2,3,8,-10,-4,-9,-1,2,12,14,-1,0,-6,-5,-4,0,16,26,3,-5,-7,-2,12,17,22,35,15,1,-9,-17,5,30,17,31,17,6,-2,1
2025-04-22 16:23:41.49,open,1,-4,-9,-2,-4,9,-10,-11,-37,-18,-4,-1,8,-10,-4,-10,-2,0,13,11,-2,0,-4,-8,-3,3,12,29,6,-7,-8,0,11,19,21,36,16,1,-14,-16,2,31,19,31,16,8,-2,0
2025-04-22 16:23:41.50,open,1,1,0,1,-1,12,-7,8,-14,-11,-2,4,8,-4,1,-8,-2,6,13,12,13,-1,-4,-6,-2,2,14,23,6,-6,-4,1,7,20,21,35,14,2,-12,-17,5,29,17,32,15,6,-1,2
2025-04-22 16:23:41.51,open,-1,5,-3,4,4,10,-4,0,-27,-13,-1,2,10,-5,-5,-11,-1,4,10,14,1,3,-5,-4,-4,0,15,24,5,-5,-6,1,9,19,22,30,10,2,-12,-17,4,27,15,31,13,2,-1,2
2025-04-22 16:23:41.52,open,-1,-5,-8,-2,-3,8,-10,-9,-39,-13,-6,2,6,-7,-3,-9,-4,-1,10,10,-4,-3,-4,-6,-3,1,12,24,4,-8,-5,-2,10,17,17,31,11,-1,-12,-19,4,25,14,27,11,4,-2,0
2025-04-22 16:23:41.53,open,-2,1,-6,-1,-1,11,-9,4,-21,-11,-3,3,6,-5,1,-11,-1,0,11,11,9,0,-6,-5,-6,3,11,19,2,-5,-5,0,8,14,19,27,9,1,-14,-17,3,23,13,27,10,4,-3,2
2025-04-22 16:23:41.55,open,2,4,0,6,2,14,-6,-1,-24,-13,0,4,7,-5,-3,-8,-4,0,11,8,4,1,-4,-5,-3,1,12,24,2,-5,-3,-2,11,15,17,31,10,2,-10,-16,4,23,12,30,11,5,-2,0
2025-04-22 16:23:41.56,open,0,-1,-6,2,0,10,-8,-6,-38,-12,-3,-3,8,-10,-4,-9,-3,-2,10,7,-3,0,-6,-5,-6,0,13,19,5,-7,-8,0,7,17,19,28,13,1,-12,-13,2,24,14,27,11,5,-3,0
2025-04-22 16:23:41.57,open,0,-3,-1,-2,2,7,-6,0,-17,-15,-2,-1,9,-8,1,-8,-1,1,8,12,5,3,-5,-4,-5,0,14,22,4,-6,-4,1,8,15,20,28,13,1,-12,-15,2,27,15,27,10,8,-1,1
2025-04-22 16:23:41.58,open,0,6,2,3,6,14,-6,1,-21,-8,-2,5,9,-7,1,-7,-3,0,13,10,5,2,-4,-3,-6,2,14,22,3,-3,-2,0,9,18,20,30,13,2,-9,-13,3,27,15,28,12,8,0,2
2025-04-22 16:23:41.59,open,-2,1,-5,1,2,8,-5,-6,-35,-14,-1,3,7,-4,-3,-9,-4,1,11,7,0,0,-4,-6,-3,1,15,24,2,-2,-6,0,11,16,22,33,12,4,-8,-13,3,27,14,31,14,4,2,0
2025-04-22 16:23:41.60,open,-3,0,-6,-1,1,7,-5,0,-19,-13,-1,3,7,-4,3,-8,0,2,15,12,6,1,-1,-5,-5,2,12,24,6,-6,-3,0,9,15,23,31,12,4,-11,-12,2,28,17,31,13,9,-1,2
2025-04-22 16:23:41.61,open,-2,4,0,3,1,13,-7,-1,-21,-10,-1,4,8,-4,-1,-6,0,2,16,15,8,1,1,-1,-2,1,17,27,3,-2,1,-2,13,17,23,35,13,5,-7,-9,4,29,19,30,14,8,-2,2
2025-04-22 16:23:41.62,open,2,6,2,4,2,14,-5,-2,-34,-9,-3,5,7,-5,-5,-8,-3,2,10,12,-1,1,0,-6,-2,2,13,27,3,-2,-3,-3,13,18,21,36,12,5,-6,-10,5,28,17,27,15,8,-1,1
2025-04-22 16:23:41.63,open,-4,-19,-18,-14,-8,3,-15,-10,-29,-14,-7,2,6,-7,-2,-6,-5,2,10,9,1,-1,-4,-6,-4,3,12,26,5,-5,-3,-3,11,15,22,33,12,4,-8,-10,2,27,18,28,17,10,-2,1
2025-04-22 16:23:41.64,open,3,8,8,6,5,16,-2,13,-13,-5,0,7,12,-5,0,-9,-4,6,11,16,12,2,-3,-3,-6,2,13,27,7,-5,4,-3,11,19,20,38,15,4,-7,-10,5,26,18,32,14,9,2,2
2025-04-22 16:23:41.65,open,2,4,2,2,6,10,-2,-6,-28,-12,1,2,10,-6,-2,-10,-1,1,13,12,1,0,0,-5,-3,2,14,26,7,-5,-1,0,10,18,22,37,15,6,-4,-9,6,26,15,33,16,8,3,2
2025-04-22 16:23:41.67,open,-2,0,-3,-3,2,10,-8,-7,-30,-12,-4,3,6,-5,-2,-7,-6,4,13,11,-1,3,-3,-2,-4,2,15,26,4,-2,-3,1,10,20,22,37,17,3,-4,-8,7,26,19,33,14,11,0,2
2025-04-22 16:23:41.68,open,0,6,1,5,5,17,-1,8,-10,-8,0,7,9,1,5,-4,-1,8,13,14,16,4,2,-4,-2,2,15,24,7,-1,1,-3,11,18,22,37,13,6,-6,-10,5,27,17,33,15,10,0,2
2025-04-22 16:23:41.69,open,2,2,1,2,5,11,-2,-3,-27,-10,-2,6,8,1,1,-6,0,5,11,11,4,3,0,-4,0,2,16,26,5,-1,-2,0,11,20,24,36,16,3,-8,-10,4,29,18,34,15,10,4,0
2025-04-22 16:23:41.71,open,-2,-2,-7,0,-1,8,-6,-7,-37,-13,-1,1,11,-4,-2,-9,-1,1,10,12,-1,4,2,-2,-3,2,13,27,6,-2,-4,0,10,19,24,34,13,5,-5,-8,4,25,19,33,14,11,1,0
2025-04-22 16:23:41.72,open,1,4,2,3,2,15,-1,10,-11,-12,3,3,12,-1,3,-8,-3,6,13,13,14,6,0,0,-4,1,12,27,4,-2,2,1,13,18,21,49,14,5,-3,-9,5,28,15,33,16,6,4,2
2025-04-22 16:23:41.73,open,0,4,-4,4,2,14,-5,1,-29,-7,-2,2,12,-4,3,-6,-2,1,13,11,3,5,-2,-2,-4,0,16,26,6,1,-1,-2,14,18,24,37,18,6,-2,-8,5,27,18,33,15,11,4,1
2025-04-22 16:23:41.75,s,0,-4,-8,-1,-3,10,-7,-7,-37,-9,-3,4,6,-2,-2,-6,-5,1,12,10,-3,4,-2,-2,-5,0,16,25,7,-2,-1,0,9,20,25,36,17,9,-4,-4,4,26,21,32,17,12,2,0
2025-04-22 16:23:41.76,s,-3,1,-4,2,1,13,-4,4,-15,-9,1,2,9,-4,2,-8,-1,1,10,16,11,4,2,-5,-2,3,14,29,6,1,4,-2,13,19,24,41,19,8,-3,-8,3,30,20,34,19,14,2,3
2025-04-22 16:23:41.77,s,2,4,3,4,5,12,2,4,-24,-11,0,2,13,-2,4,-5,-3,-1,13,11,5,3,0,-4,-3,0,15,24,8,2,-1,1,11,18,26,38,18,11,-3,-5,4,28,23,35,17,14,5,1
2025-04-22 16:23:41.78,s,-2,2,1,1,1,15,-4,-5,-37,-10,-4,6,11,-2,-1,-7,-7,1,8,11,0,6,0,0,-6,1,14,25,5,2,-1,2,10,23,26,36,17,10,-4,-5,6,28,22,36,18,12,3,0
2025-04-22 16:23:41.79,s,-2,4,-3,3,1,17,3,6,-20,-7,-3,6,11,4,9,-4,-3,-1,10,12,11,9,4,0,-3,3,15,26,6,2,6,-2,16,21,28,40,18,12,-2,-6,8,31,25,39,17,16,3,1
2025-04-22 16:23:41.80,s,1,3,5,3,8,18,11,6,-22,-7,2,4,13,5,12,-4,-4,-3,9,13,9,8,8,3,-3,1,14,24,10,6,6,1,15,21,31,38,18,12,1,-4,4,33,25,36,16,18,2,2
2025-04-22 16:23:41.81,s,2,3,0,3,2,18,11,0,-34,-10,-2,6,11,8,9,-2,-10,-7,7,7,0,10,8,8,-7,2,10,22,6,5,6,2,13,22,31,38,18,14,2,1,4,32,26,36,18,16,5,0
2025-04-22 16:23:41.82,s,-3,2,-4,3,4,17,14,4,-21,-9,-2,7,12,7,11,-2,-10,-9,1,9,7,9,10,7,-8,0,6,17,4,4,11,-2,11,20,27,34,13,13,1,0,2,34,24,32,14,16,4,2
2025-04-22 16:23:41.83,s,1,5,-2,6,4,21,11,4,-24,-6,-1,10,13,7,17,1,-10,-11,2,8,7,16,10,13,-8,0,7,15,3,9,11,0,14,20,25,33,13,11,2,1,5,32,24,31,13,13,3,2
2025-04-22 16:23:41.84,s,1,6,4,7,4,23,17,0,-33,-8,-1,11,11,9,13,1,-14,-15,1,9,-1,13,13,17,-8,1,4,17,4,7,10,1,10,23,26,31,12,13,4,3,5,34,25,33,15,13,5,2
2025-04-22 16:23:41.85,s,-3,-21,-13,-8,-1,16,22,-3,-29,-11,1,11,13,14,21,2,-15,-10,8,12,3,19,18,20,-8,2,7,25,5,11,15,-1,16,26,32,41,17,15,5,4,8,39,30,36,17,14,4,0
2025-04-22 16:23:41.87,s,3,11,12,17,15,32,44,15,-9,-5,11,21,21,22,38,5,-7,-5,16,24,19,24,27,32,-10,2,13,30,7,16,24,0,16,33,39,42,18,20,12,10,12,48,37,41,16,18,6,2
2025-04-22 16:23:41.88,s,2,9,12,16,14,37,50,14,-31,-6,11,28,19,30,43,9,-9,1,23,26,12,25,34,43,-7,2,24,34,6,20,25,0,21,35,44,45,18,20,14,11,15,57,43,41,17,18,7,1
2025-04-22 16:23:41.89,s,-2,9,8,16,16,35,56,14,-27,-5,14,35,22,39,51,10,-8,3,34,31,12,31,37,53,-7,2,29,41,6,27,24,0,23,36,49,42,17,20,15,17,13,61,44,40,16,18,5,1
2025-04-22 16:23:41.90,s,1,12,20,28,22,40,61,22,-5,5,24,52,29,43,55,13,-5,14,41,43,31,35,40,56,-7,2,36,42,7,29,33,-2,24,37,46,35,14,23,20,25,15,59,43,36,11,21,14,3
2025-04-22 16:23:41.91,s,1,13,19,34,23,41,58,14,-26,-1,24,70,30,43,53,12,-7,14,43,47,17,36,41,53,-4,4,36,46,7,30,29,-2,22,35,45,30,11,21,18,23,14,53,39,28,7,21,15,2
2025-04-22 16:23:41.93,s,-2,6,12,33,17,40,58,11,-33,-2,22,81,28,47,53,16,-7,14,50,49,14,38,40,58,-7,6,47,49,10,28,27,1,22,40,47,31,12,20,16,20,11,57,37,25,7,18,11,2
2025-04-22 16:23:41.94,s,1,10,25,38,26,44,60,17,1,3,27,92,31,51,59,16,-2,23,60,61,32,42,43,56,-2,5,56,55,12,31,31,1,27,45,56,42,13,20,21,19,17,60,45,35,7,20,14,2
2025-04-22 16:23:41.95,s,0,11,20,44,26,50,68,19,-23,3,30,100,33,57,58,16,6,30,70,78,28,45,45,60,3,6,74,73,16,39,31,1,31,61,80,53,21,28,20,25,18,73,66,47,14,25,12,2
2025-04-22 16:23:41.96,s,0,4,16,44,26,51,78,16,-32,2,35,112,41,67,72,20,8,40,87,86,32,53,53,71,5,8,92,95,28,44,35,2,40,80,98,68,29,32,21,26,26,104,76,60,21,28,11,0
2025-04-22 16:23:41.97,s,1,13,34,62,47,85,108,27,11,12,51,137,53,93,101,25,18,62,127,104,60,68,66,83,8,10,120,117,34,53,46,2,48,101,120,83,32,30,25,25,32,113,99,72,19,27,11,2
2025-04-22 16:23:41.98,s,3,22,41,73,56,98,118,29,-11,16,56,147,58,111,113,27,17,67,125,113,57,75,73,84,9,9,127,126,39,60,45,2,54,110,128,91,35,30,23,24,35,121,101,79,19,26,11,2
2025-04-22 16:23:41.99,s,2,14,29,66,60,102,116,25,-32,13,51,153,64,116,117,23,17,66,127,113,56,74,78,80,12,12,125,130,44,60,42,2,56,110,132,91,35,33,22,20,36,122,102,75,22,23,9,0
2025-04-22 16:23:42.01,s,1,16,35,63,63,105,120,33,7,13,54,150,64,126,119,22,20,69,122,112,72,77,78,76,12,11,124,127,41,60,47,1,58,108,131,88,32,30,20,18,34,122,103,73,17,22,4,3
2025-04-22 16:23:42.02,s,3,18,36,68,63,110,119,30,-13,16,52,146,67,123,117,19,20,66,120,111,63,76,76,76,10,14,123,122,38,62,40,4,56,114,130,86,32,30,15,15,38,123,105,75,14,19,6,1
2025-04-22 16:23:42.03,s,-2,13,24,62,55,106,112,23,-35,11,48,144,65,119,113,19,18,67,120,111,54,77,73,74,12,13,123,128,39,60,40,2,62,111,133,88,33,31,16,16,39,123,106,75,14,21,6,2
2025-04-22 16:23:42.04,s,1,8,29,59,60,101,111,27,1,12,48,145,65,118,116,23,20,71,122,110,67,77,72,74,13,11,122,127,37,62,43,2,59,116,132,91,33,30,16,16,41,124,106,75,17,19,6,2
2025-04-22 16:23:42.05,s,1,14,27,65,58,104,110,26,-10,12,48,149,65,120,110,22,20,71,119,114,67,77,72,78,14,12,124,129,40,60,44,2,62,117,131,92,33,29,18,18,41,128,106,78,17,21,4,2
2025-04-22 16:23:42.06,s,1,19,29,68,63,102,114,27,-34,13,41,151,68,121,108,20,15,61,119,110,62,78,69,75,13,10,123,127,42,64,37,4,59,116,132,91,33,32,15,15,36,127,106,76,16,18,6,0
2025-04-22 16:23:42.08,s,-2,-2,17,56,57,102,110,25,-15,13,43,155,71,122,117,18,20,65,115,113,75,82,71,75,12,12,123,130,44,67,38,3,61,113,133,91,33,36,15,14,39,125,104,76,17,18,5,2
2025-04-22 16:23:42.09,s,5,29,43,81,77,118,121,39,5,19,48,161,77,130,119,21,22,69,119,120,81,86,72,75,11,10,122,134,53,71,41,3,61,117,133,92,40,37,13,15,41,123,109,76,16,26,3,2
2025-04-22 16:23:42.10,s,2,19,28,67,72,107,116,26,-27,11,46,155,73,130,111,17,18,65,121,119,82,91,72,74,13,12,122,136,54,75,38,1,66,116,136,93,40,42,13,14,42,124,110,80,20,24,4,2
2025-04-22 16:23:42.11,s,1,10,25,62,68,102,111,22,-17,9,39,154,76,124,113,15,20,64,116,119,84,90,68,69,13,11,125,134,55,78,37,3,66,114,137,92,41,43,12,10,43,124,110,79,19,29,2,2
2025-04-22 16:23:42.12,s,3,19,36,73,80,110,118,37,13,13,46,162,80,131,118,15,22,66,117,124,92,94,66,70,10,12,124,138,66,79,43,4,62,118,135,93,48,51,13,9,47,127,109,85,26,30,4,3
2025-04-22 16:23:42.13,s,1,18,28,72,73,111,111,27,-25,8,43,159,80,133,110,15,14,60,115,122,93,96,69,70,11,12,123,139,66,80,38,4,62,113,137,94,52,51,15,8,47,127,108,83,28,33,3,1
2025-04-22 16:23:42.14,s,1,8,20,62,65,106,107,22,-31,6,34,154,76,131,111,13,16,54,114,120,87,98,66,71,9,9,120,136,61,81,40,3,64,114,134,93,45,53,11,8,45,127,108,80,22,33,2,0
2025-04-22 16:23:42.15,s,2,14,29,69,73,112,116,33,16,7,39,154,80,135,116,15,16,57,112,119,88,100,66,67,11,10,117,135,63,78,45,2,63,113,128,94,50,56,12,9,43,128,106,76,24,34,2,3
2025-04-22 16:23:42.16,s,1,16,26,68,74,109,114,27,-23,6,37,151,77,127,106,13,12,54,107,116,91,97,60,65,10,12,115,130,66,80,37,4,59,112,129,90,47,60,15,6,47,124,103,76,23,35,6,2
2025-04-22 16:23:42.18,s,0,5,12,63,66,97,104,19,-33,-1,33,146,79,122,99,10,10,45,100,119,91,97,62,62,9,11,114,131,68,80,36,3,60,107,125,89,50,63,13,8,41,124,105,73,24,36,5,1
2025-04-22 16:23:42.19,s,1,11,27,64,74,101,106,28,9,3,33,148,80,120,100,10,13,48,98,120,91,92,57,59,9,10,109,134,66,79,38,5,60,106,124,86,48,57,14,4,45,125,98,73,23,34,6,2
2025-04-22 16:23:42.20,s,2,18,25,70,71,104,103,26,-15,6,33,146,80,119,99,9,14,47,98,119,94,93,58,58,10,11,108,135,68,81,35,4,62,107,121,86,51,62,13,7,43,125,99,72,26,40,6,2
2025-04-22 16:23:42.21,s,2,13,25,64,74,95,103,22,-33,1,32,143,78,119,91,8,8,45,96,119,95,94,54,56,6,11,108,137,71,81,33,4,59,107,121,90,54,61,16,6,45,122,100,73,26,45,6,0
2025-04-22 16:23:42.22,s,2,15,27,65,76,98,104,26,7,4,33,150,81,124,99,9,12,45,97,121,97,96,58,56,6,12,109,136,73,84,41,3,58,108,124,89,55,66,19,4,43,124,98,73,31,45,7,1
2025-04-22 16:23:42.23,s,3,20,32,70,82,105,110,27,-10,7,33,149,87,125,104,9,13,41,97,122,100,101,61,61,7,9,111,137,74,87,38,3,58,104,121,88,56,66,20,4,43,123,97,76,30,44,11,3
2025-04-22 16:23:42.24,s,-1,17,23,65,77,99,107,22,-35,2,31,147,86,126,103,9,11,38,96,121,101,99,64,63,4,9,109,135,77,91,38,1,57,103,121,89,55,68,18,7,42,122,99,75,31,46,7,0
2025-04-22 16:23:42.26,s,1,11,21,68,72,105,104,26,0,2,35,150,87,130,110,10,13,40,97,122,101,104,63,63,4,10,109,134,79,90,43,3,55,102,122,87,56,69,20,8,42,123,98,74,32,46,8,3
2025-04-22 16:23:42.27,s,3,16,27,71,75,107,106,26,-11,4,33,151,89,130,110,10,14,41,95,124,103,104,62,63,6,8,110,135,78,90,42,4,57,106,123,86,58,69,19,10,39,122,101,74,30,48,7,2
2025-04-22 16:23:42.28,s,3,16,28,73,80,107,112,27,-32,3,35,155,86,131,105,9,8,41,96,120,103,105,63,62,5,9,109,136,78,91,41,2,57,103,121,89,57,68,20,10,41,122,99,73,29,48,7,0
2025-04-22 16:23:42.29,s,-2,-5,10,53,69,94,102,23,-16,-3,32,150,80,132,107,9,8,36,93,120,99,99,64,58,6,9,106,137,74,88,40,2,57,101,121,87,54,67,19,7,37,122,95,73,30,43,7,0
2025-04-22 16:23:42.30,s,4,29,38,80,86,112,117,35,6,7,39,159,87,136,110,12,10,40,95,123,105,102,64,60,5,10,103,137,76,87,43,3,56,100,121,86,56,67,17,8,42,122,95,73,32,46,7,2
2025-04-22 16:23:42.31,s,1,19,24,74,77,108,110,24,-30,2,38,155,85,135,103,9,9,37,96,126,103,106,65,64,3,9,110,138,80,92,39,3,53,105,122,87,60,68,19,8,39,122,98,72,33,47,10,0
2025-04-22 16:23:42.32,s,-3,14,21,72,77,106,107,25,-23,5,34,159,88,131,107,10,8,34,99,126,107,107,67,61,5,10,110,142,84,94,40,3,53,102,125,90,60,73,21,10,37,122,100,76,34,52,13,2
2025-04-22 16:23:42.34,s,2,26,39,81,85,115,113,35,11,9,43,164,95,137,115,13,10,38,103,126,110,110,66,63,2,11,109,144,83,97,47,3,51,103,122,91,65,72,21,10,37,122,99,74,34,52,8,2
2025-04-22 16:23:42.35,s,3,18,32,75,85,110,109,25,-26,6,36,164,90,139,108,12,7,35,100,126,110,109,66,62,3,10,112,141,86,95,44,1,55,100,125,91,61,74,23,10,39,119,101,78,35,54,11,2
2025-04-22 16:23:42.36,s,0,11,21,67,76,103,109,22,-31,0,38,158,90,137,110,12,8,35,99,127,108,108,70,63,5,10,110,141,82,96,41,3,54,103,120,92,61,68,24,8,38,121,99,75,32,50,8,0
2025-04-22 16:23:42.37,s,2,17,32,78,77,112,112,31,14,6,43,162,88,140,114,10,9,37,99,125,104,108,67,63,4,8,108,137,77,92,47,2,56,100,120,87,57,69,22,7,41,119,97,74,30,47,11,2
2025-04-22 16:23:42.38,s,0,19,26,75,80,108,114,27,-21,5,40,161,86,137,109,13,11,36,97,124,102,101,70,62,6,9,106,137,77,88,44,2,55,101,117,88,58,64,23,8,39,121,97,74,30,44,10,2
2025-04-22 16:23:42.39,s,0,13,21,70,71,104,105,22,-34,5,37,160,83,134,106,12,7,38,95,122,101,105,66,62,3,11,103,139,77,90,42,2,54,99,118,90,59,66,21,9,40,119,95,74,33,47,10,0
2025-04-22 16:23:42.40,s,2,17,32,72,79,106,107,27,11,8,38,162,87,135,111,14,9,41,98,122,107,103,68,63,5,11,106,139,78,90,47,2,55,101,119,90,59,69,22,13,41,120,98,74,31,48,14,1
2025-04-22 16:23:42.41,s,3,20,32,77,77,110,110,27,-17,10,40,159,87,135,107,12,9,40,92,126,104,102,66,62,4,10,106,136,78,88,40,2,55,102,118,86,59,67,19,10,36,122,93,73,31,46,7,0
2025-04-22 16:23:42.42,s,0,19,25,73,77,107,105,22,-34,5,39,161,87,136,106,12,7,35,96,122,104,107,65,63,5,9,108,138,79,91,40,4,53,100,120,87,58,69,21,11,40,118,98,73,32,51,10,1
2025-04-22 16:23:42.44,s,0,19,29,76,82,106,112,32,5,6,44,165,91,140,113,11,8,41,97,129,110,106,69,62,5,11,104,142,82,96,47,2,55,100,119,89,59,71,21,10,38,121,95,76,34,47,12,3
2025-04-22 16:23:42.45,s,3,22,34,78,80,111,110,29,-15,12,43,166,93,138,109,12,8,41,96,129,111,106,65,63,4,9,108,141,84,92,43,3,51,102,119,86,59,69,19,11,39,118,99,74,32,49,12,1
2025-04-22 16:23:42.46,s,1,19,28,70,78,103,108,24,-39,10,40,162,87,132,103,12,10,37,97,126,105,99,67,61,6,10,103,140,81,88,41,2,56,98,119,86,57,67,20,12,40,117,96,73,30,49,10,0
2025-04-22 16:23:42.47,s,1,18,31,70,76,101,107,25,0,10,45,162,84,131,107,13,11,40,99,123,101,101,64,66,4,8,106,134,71,86,42,2,54,99,114,87,54,63,21,10,39,118,92,71,31,43,7,2
2025-04-22 16:23:42.48,s,2,26,36,75,76,103,112,26,-9,12,48,166,79,131,112,18,13,45,104,126,93,99,68,70,7,9,108,132,69,81,44,3,54,103,118,85,52,56,21,12,43,117,97,73,27,41,8,2
2025-04-22 16:23:42.49,s,1,22,34,75,66,101,114,23,-31,11,46,159,71,123,115,20,11,45,104,119,84,92,72,74,7,10,104,131,58,73,44,1,57,100,119,82,45,46,17,17,41,116,98,67,23,31,5,0
2025-04-22 16:23:42.50,s,0,4,20,64,56,96,111,21,-11,10,50,161,65,124,124,23,13,51,108,116,76,90,77,82,8,10,112,128,51,69,45,2,59,106,121,86,40,38,17,15,42,121,99,68,19,25,6,2
2025-04-22 16:23:42.51,s,5,33,47,84,70,114,128,39,7,19,54,164,71,132,129,24,19,57,116,120,75,94,85,87,12,11,117,129,51,71,52,2,59,110,124,89,41,40,16,20,43,122,101,71,22,27,3,2
2025-04-22 16:23:42.52,s,3,17,34,71,59,99,121,29,-31,14,49,154,62,123,123,24,15,55,115,113,64,89,84,89,11,12,113,126,45,64,48,2,61,106,125,85,35,30,19,19,47,119,101,71,16,18,5,2
2025-04-22 16:23:42.53,s,1,16,34,68,55,96,120,27,-19,12,45,153,58,119,127,23,16,58,111,108,60,80,86,86,10,11,114,119,40,58,45,4,57,108,121,78,30,24,17,19,42,122,99,70,15,15,6,2
2025-04-22 16:23:42.55,s,2,25,37,74,55,100,122,39,10,17,50,150,58,116,130,24,21,62,114,106,56,77,85,89,9,12,112,117,33,55,50,1,58,102,118,79,25,21,18,20,42,119,98,66,14,9,3,3
2025-04-22 16:23:42.56,s,2,13,28,66,42,89,111,25,-30,10,40,134,49,105,119,25,14,55,109,98,44,69,80,85,12,11,107,106,24,46,43,0,57,101,114,76,21,15,16,22,41,116,95,60,8,10,3,0
2025-04-22 16:23:42.57,s,2,5,18,51,31,71,104,17,-32,4,35,114,42,91,108,22,12,50,99,86,35,56,70,79,8,10,100,90,17,35,35,2,50,93,104,66,16,6,9,18,31,113,89,54,9,5,-1,0
2025-04-22 16:23:42.58,s,0,14,24,51,31,70,101,29,9,4,35,98,37,81,103,19,13,51,90,78,43,36,62,75,8,8,94,79,14,23,35,1,47,82,98,59,12,1,11,15,31,105,81,50,7,1,0,2
2025-04-22 16:23:42.59,s,2,15,23,41,22,56,88,23,-24,2,27,75,32,56,84,14,11,41,80,59,20,23,45,67,4,6,79,64,13,16,23,2,40,74,84,50,6,1,6,12,26,93,73,43,3,1,0,0
2025-04-22 16:23:42.61,s,0,-5,0,12,10,25,61,12,-37,-6,12,47,21,29,55,9,5,26,57,40,6,15,34,51,5,5,56,43,6,9,15,1,32,62,66,37,5,0,3,11,17,83,61,34,1,3,-1,-1
2025-04-22 16:23:42.62,s,-2,4,3,9,8,26,49,17,-11,0,4,29,18,25,42,5,6,18,39,28,19,14,29,42,3,4,36,37,2,10,17,0,31,53,59,38,9,0,2,5,19,76,54,38,6,6,-1,3
2025-04-22 16:23:42.63,s,0,12,4,10,8,24,41,11,-20,-4,4,14,16,14,29,0,1,7,23,20,6,12,20,38,0,4,27,32,2,4,8,0,26,47,55,43,9,3,1,0,16,70,52,36,12,4,-1,2
2025-04-22 16:23:42.64,s,1,3,3,0,8,16,34,7,-37,-4,-1,5,14,8,22,-1,-4,-3,12,14,0,3,16,29,-3,3,19,31,3,2,3,-2,23,38,52,45,12,3,-2,-1,15,58,46,43,14,6,-5,0
2025-04-22 16:23:42.65,s,1,4,0,2,4,15,26,7,-15,-6,-1,6,12,3,22,-6,-3,-6,10,15,10,6,8,22,-7,0,15,32,3,1,4,-1,17,29,53,44,15,2,-7,-3,8,43,44,39,16,8,-4,1
2025-04-22 16:23:42.66,s,1,12,3,6,7,16,16,0,-18,-2,-1,1,13,1,5,-7,-2,-1,7,14,5,1,4,12,-3,0,15,29,6,1,-3,-1,15,25,44,44,16,0,-5,-7,7,33,33,41,17,9,-4,1
2025-04-22 16:23:42.67,s,1,0,-1,-4,4,6,6,-11,-32,-12,-3,-2,6,-2,-3,-9,-2,1,5,10,-4,-4,-2,4,-2,1,17,31,3,-4,-7,-2,14,22,35,43,17,0,-8,-10,5,26,29,38,16,7,-3,0
2025-04-22 16:23:42.68,s,-1,-3,-4,-7,0,6,-2,-5,-18,-11,-7,-2,7,-9,0,-11,1,3,8,10,5,-8,-4,-5,-3,1,14,28,3,-6,-8,0,10,19,31,38,13,2,-11,-9,2,25,22,34,15,11,-4,0
2025-04-22 16:23:42.69,s,0,0,-7,-1,-3,6,-8,-2,-21,-8,-4,2,6,-7,-4,-10,3,6,13,16,5,-4,-6,-5,1,2,13,30,5,-8,-5,0,9,21,26,35,17,-2,-12,-14,4,25,18,32,16,7,-4,0
2025-04-22 16:23:42.70,s,0,4,-3,1,-2,7,-8,-6,-33,-10,-4,-2,5,-13,-11,-11,0,2,13,11,-2,-7,-9,-6,-4,2,17,29,4,-8,-12,0,10,19,22,40,13,2,-10,-14,5,24,19,33,15,7,-1,0
2025-04-22 16:23:42.72,s,-5,-11,-12,-10,-6,-1,-15,-7,-30,-11,-7,0,1,-14,-12,-12,0,6,14,17,-3,-6,-7,-10,1,2,17,32,4,-10,-7,-3,13,19,22,41,15,0,-12,-12,2,25,19,32,16,11,-2,-1
2025-04-22 16:23:42.73,s,1,9,2,6,2,9,-7,7,-13,-10,1,1,9,-14,-4,-12,6,11,15,20,11,-8,-8,-10,2,2,19,33,4,-7,-4,-2,13,18,25,37,16,3,-12,-12,5,24,17,33,16,10,-3,3
2025-04-22 16:23:42.75,s,1,2,0,-1,-2,6,-10,-5,-29,-7,0,2,9,-15,-9,-10,4,10,17,17,-3,-7,-11,-9,-2,1,18,32,3,-7,-9,0,11,20,24,39,14,-2,-10,-16,5,28,15,31,15,11,-3,-1
2025-04-22 16:23:42.76,s,0,2,-1,0,-1,6,-13,-6,-31,-7,-3,1,6,-13,-10,-9,5,10,19,18,-3,-5,-8,-7,1,0,21,33,5,-7,-10,1,10,23,23,38,19,2,-12,-14,4,29,17,31,17,10,-4,0
2025-04-22 16:23:42.77,s,2,7,4,2,4,7,-5,6,-8,-6,5,5,7,-9,-3,-10,9,16,23,25,12,-5,-5,-7,3,2,22,40,7,-5,-2,0,14,23,30,43,16,3,-11,-13,7,27,20,36,15,11,-1,1
2025-04-22 16:23:42.78,s,1,5,-3,-1,1,2,-8,-5,-25,-7,0,7,5,-11,-11,-11,5,17,20,23,2,-8,-7,-8,1,1,23,38,9,-9,-6,-2,15,23,25,39,19,-2,-9,-18,9,29,20,37,15,12,-2,1
2025-04-22 16:23:42.79,s,-2,1,-8,-2,-6,2,-15,-8,-37,-8,-2,3,6,-17,-9,-10,6,14,19,20,-4,-7,-10,-9,-2,1,24,36,9,-8,-10,-2,15,24,25,42,14,1,-13,-20,8,28,22,35,14,9,-4,0
2025-04-22 16:23:42.81,s,0,3,-4,1,-3,5,-13,5,-13,-4,4,4,9,-14,-5,-12,7,18,22,28,11,-7,-6,-11,3,3,25,42,9,-8,-3,-3,15,25,30,47,19,0,-13,-20,8,33,24,39,19,10,-3,2
2025-04-22 16:23:42.82,s,1,4,4,2,4,7,-11,-3,-23,-3,5,5,10,-13,-10,-11,8,22,29,34,6,-3,-6,-9,3,4,36,49,17,-5,-7,1,14,31,45,51,27,6,-9,-13,9,37,38,47,24,14,-1,0
2025-04-22 16:23:42.83,s,-2,-2,-9,-2,-2,0,-12,-10,-36,-4,4,8,7,-10,-7,-7,8,22,36,37,5,-5,-6,-8,3,6,44,61,20,-4,-5,-2,21,37,54,61,33,9,-7,-13,12,45,46,54,27,19,3,1
2025-04-22 16:23:42.84,s,-2,4,-1,2,1,3,-8,3,-14,-5,8,7,8,-7,-5,-11,8,27,37,42,20,-2,-4,-5,3,4,48,61,19,0,-3,1,18,38,57,59,33,12,-8,-12,11,44,48,52,26,19,4,2
2025-04-22 16:23:42.85,s,1,6,2,3,2,10,-10,-1,-24,-4,4,10,12,-8,-5,-8,7,26,36,39,16,-2,-4,-6,3,3,46,59,18,-2,-1,-1,21,36,55,62,33,10,-7,-15,9,48,43,53,29,16,3,0
2025-04-22 16:23:42.86,s,0,5,1,-1,5,7,-8,-10,-32,-8,7,5,12,-11,-6,-8,7,19,35,34,6,-3,-5,-7,3,3,42,53,20,-3,-9,0,18,35,48,57,14,8,-11,-15,7,44,41,49,26,13,2,1
2025-04-22 16:23:42.87,open,1,-2,0,-4,2,3,-10,-2,-17,-8,5,5,9,-8,-6,-11,4,21,31,28,14,-3,-7,-8,0,2,38,50,13,-4,-3,-2,16,29,45,53,25,8,-12,-18,7,40,36,44,25,16,-1,1
2025-04-22 16:23:42.89,open,2,10,5,4,7,7,-7,2,-24,-5,5,6,11,-10,-5,-9,7,18,27,30,11,-3,-5,-11,2,4,35,47,17,-5,-7,1,15,31,44,53,27,8,-8,-19,7,37,36,47,21,16,0,2
2025-04-22 16:23:42.90,open,1,4,-1,-1,2,5,-16,-10,-34,-10,5,3,9,-10,-11,-10,2,14,29,26,5,-3,-8,-9,2,2,36,51,14,-5,-7,-2,15,31,42,56,30,6,-7,-16,7,41,35,50,24,16,3,0
2025-04-22 16:23:42.91,open,0,-5,-8,-2,-2,-1,-14,-2,-21,-11,4,4,8,-13,-4,-11,3,18,28,33,13,-5,-7,-9,-2,3,36,52,17,-4,-5,-3,17,30,49,57,30,13,-8,-13,6,41,41,51,27,17,3,0
2025-04-22 16:23:42.92,open,0,1,-6,2,1,2,-12,-2,-23,-7,6,7,9,-8,-6,-9,6,18,31,32,14,-3,-7,-10,4,4,37,54,17,-3,-5,1,15,34,49,57,33,12,-9,-13,7,41,42,48,28,17,4,1
2025-04-22 16:23:42.93,open,2,4,1,1,4,7,-14,-9,-31,-9,3,5,11,-9,-10,-10,4,16,27,28,7,-4,-8,-9,0,2,37,51,18,-5,-8,1,16,35,49,54,33,10,-10,-16,6,43,43,49,27,19,2,0
2025-04-22 16:23:42.94,open,-5,-10,-12,-9,-2,1,-17,-9,-29,-10,0,4,6,-8,-5,-9,4,14,25,26,4,-2,-7,-12,1,3,32,50,14,-7,-3,-2,17,31,45,55,27,10,-8,-19,8,41,36,47,24,13,-1,0
2025-04-22 16:23:42.95,open,3,9,8,6,8,11,-4,9,-14,-4,5,6,12,-6,-2,-9,4,13,26,26,13,-3,-4,-8,2,4,30,46,13,-6,0,-2,16,31,41,50,27,9,-10,-15,7,34,37,43,23,16,0,1
2025-04-22 16:23:42.96,open,0,10,1,2,4,11,-10,-7,-31,-5,3,7,9,-10,-5,-9,2,12,23,22,4,0,-7,-8,0,1,30,43,11,-4,-6,-2,14,27,41,49,22,10,-9,-15,6,34,34,43,20,12,3,0
2025-04-22 16:23:42.97,open,1,-3,-4,-3,0,3,-13,-9,-33,-10,0,2,9,-12,-6,-12,0,10,21,19,1,-5,-7,-12,0,3,30,42,13,-4,-9,1,11,29,38,50,27,6,-7,-16,8,33,35,42,22,14,-1,0
2025-04-22 16:23:42.99,open,2,4,4,5,2,10,-10,7,-15,-4,5,7,10,-6,-3,-10,2,17,25,26,19,-1,-8,-9,-2,3,31,45,12,-1,-2,-2,16,26,42,53,26,12,-8,-13,7,35,36,44,23,13,5,2
2025-04-22 16:23:43.00,open,2,1,-1,2,-1,9,-13,-4,-30,-7,3,1,11,-10,-5,-12,1,10,24,23,3,-2,-8,-12,-2,4,29,46,15,-5,-7,-2,16,28,41,54,28,10,-4,-16,8,36,35,48,24,17,5,0
2025-04-22 16:23:43.01,open,0,-4,-7,-5,-1,0,-14,-9,-40,-10,0,-1,8,-13,-7,-13,0,9,19,23,1,-3,-8,-11,-3,4,27,48,14,-6,-7,1,11,30,42,55,28,10,-9,-14,5,39,38,46,25,19,3,0
2025-04-22 16:23:43.02,open,-1,0,-1,-1,2,3,-10,1,-12,-8,1,7,8,-7,-3,-10,0,14,25,25,13,0,-8,-10,-3,2,31,45,16,-1,-4,0,11,31,42,55,27,12,-5,-14,8,39,36,48,25,17,2,2
2025-04-22 16:23:43.03,open,-1,8,0,8,5,7,-6,0,-24,-8,6,4,13,-8,-2,-10,4,13,22,26,8,-3,-5,-9,2,3,31,49,13,-4,-2,1,14,27,46,53,26,13,-7,-12,8,37,36,49,23,19,3,0
2025-04-22 16:23:43.04,open,0,-4,-6,-2,1,5,-9,-13,-36,-10,2,4,8,-7,-6,-8,-1,9,25,20,4,0,-6,-7,0,2,32,47,13,-4,-5,-2,15,31,41,55,27,10,-5,-10,8,36,38,46,24,13,4,0
2025-04-22 16:23:43.06,open,0,3,-3,2,-1,9,-11,1,-18,-6,0,7,11,-8,1,-9,2,11,23,25,14,-2,-6,-10,-2,4,28,48,14,-3,0,-2,16,29,42,52,29,11,-8,-12,8,36,36,46,23,17,5,2
2025-04-22 16:23:43.07,open,2,5,3,4,4,11,-8,0,-24,-4,2,9,11,-7,-2,-8,0,14,24,24,11,1,-6,-6,0,1,30,46,15,-2,-2,-2,18,27,42,53,26,12,-5,-10,7,39,38,44,22,17,0,0
2025-04-22 16:23:43.08,open,1,3,0,1,4,9,-9,-10,-35,-8,0,5,7,-6,-5,-10,0,10,19,20,5,-4,-5,-10,-1,3,28,43,14,-2,-6,-1,15,27,42,51,27,10,-5,-10,8,36,36,43,23,16,2,0
2025-04-22 16:23:43.09,open,1,2,-3,-2,2,4,-8,0,-19,-8,3,7,9,-5,-3,-8,0,14,23,24,14,2,-5,-7,2,3,33,48,14,-1,-1,-2,17,29,43,56,29,14,-3,-10,9,37,41,48,24,21,6,2
2025-04-22 16:23:43.10,open,0,8,3,6,2,12,-7,1,-24,-4,1,9,8,-5,-2,-10,4,12,23,25,11,0,-5,-8,1,4,29,50,14,1,0,-2,16,29,43,57,30,14,-2,-8,10,40,39,50,27,19,6,2
2025-04-22 16:23:43.11,open,0,-2,-6,1,-2,7,-11,-8,-37,-8,1,3,10,-9,-6,-8,-1,11,23,22,2,0,-7,-6,-3,4,31,47,15,0,-5,1,14,28,47,55,29,15,-2,-7,10,39,37,49,25,20,6,0
2025-04-22 16:23:43.12,open,-1,2,-7,1,-2,8,-12,-2,-18,-9,0,6,7,-4,-2,-6,0,13,23,23,14,-3,-3,-9,0,4,29,49,13,1,-2,-1,16,29,45,52,33,12,-4,-7,5,42,38,47,26,19,4,2
2025-04-22 16:23:43.13,open,1,-1,-1,0,3,10,-9,-1,-20,-6,3,10,9,-2,-1,-9,2,11,26,25,15,2,-3,-9,2,3,30,49,14,0,1,-1,16,30,44,57,28,15,-1,-10,11,38,37,47,26,19,3,0
2025-04-22 16:23:43.15,open,2,8,2,3,5,8,-4,-4,-34,-6,3,3,11,-7,-4,-9,0,11,21,23,4,0,-3,-8,1,2,31,45,15,0,-4,1,14,28,46,51,28,15,-3,-12,10,35,38,44,24,19,5,1
2025-04-22 16:23:43.16,open,0,-4,-12,-2,-4,5,-10,-7,-31,-10,1,3,9,-7,-5,-10,0,7,19,22,4,0,-3,-5,0,4,27,46,13,-1,-1,-1,17,28,41,50,30,12,-5,-7,4,37,38,43,25,19,3,-1
2025-04-22 16:23:43.17,open,2,11,9,7,8,11,0,10,-10,-7,7,7,14,-3,-1,-10,2,11,20,25,16,1,-3,-6,-2,3,30,47,15,0,0,1,15,26,46,52,31,14,-2,-7,8,36,37,47,23,22,3,2
2025-04-22 16:23:43.18,open,1,2,1,2,1,11,-6,-3,-32,-6,1,7,8,-6,-2,-6,-3,8,20,19,6,2,-4,-5,-1,3,27,46,12,1,-3,1,13,25,44,52,28,16,-3,-9,7,38,36,43,26,22,4,2
2025-04-22 16:23:43.19,s,1,3,0,0,3,6,-7,-6,-30,-8,-2,6,6,-6,-6,-10,-1,8,18,21,4,-2,-5,-8,-2,4,28,47,14,-1,-1,-2,15,27,43,55,30,15,-2,-7,5,40,36,48,27,21,6,2
2025-04-22 16:23:43.21,s,2,9,4,9,5,15,-6,8,-11,-3,3,10,11,-1,3,-8,0,11,24,25,18,5,-4,-5,-3,4,30,48,17,2,2,0,15,29,45,58,32,18,1,-8,8,39,38,50,27,24,6,1
2025-04-22 16:23:43.22,s,0,7,-4,4,0,11,-8,-6,-26,-10,4,5,11,-6,-1,-10,1,9,19,25,7,2,0,-6,0,3,32,48,15,2,1,-1,18,29,48,58,32,15,3,-7,9,41,39,51,28,28,6,0
2025-04-22 16:23:43.23,s,1,0,-4,-1,2,7,-5,-8,-34,-11,2,5,9,-5,-1,-8,-2,10,20,22,6,0,-2,-6,1,3,31,49,14,2,-2,-2,17,29,45,56,32,16,0,-8,9,40,38,50,25,27,6,0
2025-04-22 16:23:43.24,s,0,3,-3,3,2,9,-2,7,-13,-6,3,6,13,-2,6,-9,0,7,19,25,15,4,-2,-3,-3,1,30,43,17,3,4,1,15,29,46,54,30,17,0,-4,7,38,37,50,24,26,6,2
2025-04-22 16:23:43.25,s,2,7,0,7,6,17,2,2,-25,-4,5,7,16,1,4,-7,-2,6,16,23,9,7,0,-3,-4,1,30,45,14,7,1,-2,18,30,45,54,30,18,-2,-4,7,42,41,46,27,24,5,0
2025-04-22 16:23:43.26,s,0,-2,-8,1,1,14,-1,-6,-39,-7,-1,4,14,1,5,-6,-6,1,16,16,6,5,0,-3,-5,4,24,45,15,4,3,1,15,33,47,54,29,19,3,-6,10,41,39,51,23,27,6,0
2025-04-22 16:23:43.27,s,1,2,0,2,5,16,1,6,-19,-6,0,10,15,4,12,-6,-6,0,13,20,15,9,4,0,-5,2,22,46,14,9,8,-1,17,30,49,54,29,20,4,0,9,40,45,49,25,28,8,0
2025-04-22 16:23:43.28,s,2,9,2,9,5,19,6,5,-23,-8,0,10,12,7,7,-6,-8,-6,11,16,8,8,4,-1,-6,3,21,38,15,9,6,-2,17,30,44,54,29,21,6,0,9,41,41,47,25,27,8,3
2025-04-22 16:23:43.29,s,1,4,2,4,7,14,6,-5,-36,-8,0,4,13,3,6,-3,-15,-11,5,9,5,6,4,-1,-7,1,14,37,12,11,4,0,13,30,46,50,33,19,8,-2,9,40,39,49,25,29,11,1
2025-04-22 16:23:43.30,s,0,2,-2,5,3,13,7,7,-20,-6,0,9,12,8,10,-2,-11,-13,2,17,12,12,7,0,-8,1,7,37,12,12,10,-2,15,28,44,51,33,24,7,4,7,42,42,47,24,34,13,0
2025-04-22 16:23:43.31,s,2,8,4,10,7,23,10,5,-21,-5,0,12,12,10,12,-3,-11,-12,4,17,10,10,9,6,-8,1,8,38,10,15,9,0,14,30,46,50,30,26,7,2,11,42,44,47,24,35,12,0
2025-04-22 16:23:43.32,s,-1,3,-1,2,6,18,17,0,-33,-8,4,12,16,12,11,0,-14,-8,8,16,6,14,11,13,-11,2,13,37,9,18,12,0,15,31,48,52,27,27,11,7,8,49,43,49,24,33,12,1
2025-04-22 16:23:43.34,s,-2,2,1,7,7,25,25,3,-18,-7,6,17,17,21,26,1,-10,-5,12,23,12,16,18,20,-7,1,12,35,7,15,15,1,15,36,46,51,25,22,11,4,13,52,44,48,22,26,10,2
2025-04-22 16:23:43.35,s,1,8,3,14,11,34,43,14,-19,-4,13,23,23,29,39,7,-4,6,22,32,20,24,26,32,-4,3,24,40,8,22,24,-2,23,39,54,51,25,25,12,10,15,58,50,49,22,25,10,2
2025-04-22 16:23:43.36,s,2,11,11,18,15,39,51,13,-33,2,12,36,23,36,42,8,-4,8,35,35,14,30,30,42,-6,4,38,50,13,27,24,0,22,48,60,54,25,29,12,13,13,67,54,50,22,30,8,0
2025-04-22 16:23:43.37,s,0,-3,3,14,8,37,50,11,-25,-4,17,38,27,44,51,8,-2,18,41,44,21,37,38,50,0,5,48,57,15,34,26,-1,27,53,66,55,26,34,20,16,20,69,60,51,20,35,14,0
2025-04-22 16:23:43.38,s,3,22,28,39,30,54,71,29,-2,10,27,60,38,57,63,14,6,25,55,59,41,46,44,59,1,6,60,67,21,39,37,2,30,58,74,59,31,40,22,23,24,81,62,52,25,37,18,3
2025-04-22 16:23:43.39,s,2,10,23,36,33,47,72,19,-31,6,35,91,43,64,62,15,6,27,71,74,32,54,48,64,4,5,75,78,27,50,35,1,35,66,81,65,36,41,28,26,20,93,69,52,26,41,22,0
2025-04-22 16:23:43.40,s,1,5,25,40,32,53,74,19,-27,9,35,109,44,74,67,21,8,37,81,83,42,59,53,68,5,8,86,95,31,57,39,0,39,72,90,71,38,49,32,31,26,103,74,59,28,44,24,2
2025-04-22 16:23:43.41,s,3,20,36,52,48,86,103,34,5,17,44,121,54,88,91,22,16,47,96,91,64,70,60,73,8,9,96,101,41,60,47,0,45,87,100,76,40,50,30,27,30,104,82,64,25,43,23,3
2025-04-22 16:23:43.43,s,1,20,28,53,42,87,100,21,-26,11,48,119,55,92,92,24,10,46,100,92,47,68,62,72,9,11,100,107,39,59,43,0,48,93,106,77,40,44,30,25,33,109,89,60,26,37,20,0
2025-04-22 16:23:43.44,s,0,8,21,48,39,83,98,19,-33,9,46,116,55,96,93,22,10,51,106,96,52,68,61,73,6,9,109,110,42,61,40,0,49,98,113,81,40,43,27,23,32,110,94,64,25,39,18,1
2025-04-22 16:23:43.45,s,2,18,32,62,54,95,112,31,13,16,52,128,63,115,106,23,12,59,112,110,75,81,70,77,9,10,117,121,53,73,47,3,51,103,123,86,48,56,31,26,35,115,100,78,31,46,19,2
2025-04-22 16:23:43.46,s,1,22,35,67,58,98,112,27,-19,18,51,137,67,115,103,25,12,57,115,112,76,82,72,75,11,11,120,128,57,78,47,2,56,106,129,89,54,60,30,28,33,120,101,80,32,48,20,2
2025-04-22 16:23:43.47,s,1,8,23,55,50,91,104,19,-33,12,50,134,65,112,99,21,12,54,114,112,76,83,71,74,9,11,120,130,59,83,43,3,56,107,128,90,54,61,30,26,35,122,102,80,34,48,21,0
2025-04-22 16:23:43.48,s,2,20,35,61,65,106,111,27,8,20,54,145,75,127,110,22,14,63,115,119,86,93,74,77,11,11,118,133,68,90,52,1,58,108,130,90,57,70,30,25,36,121,105,80,33,51,20,3
2025-04-22 16:23:43.49,s,4,23,37,69,70,113,116,30,-18,20,51,145,84,131,112,22,13,54,113,117,92,102,80,73,10,11,115,133,74,97,57,2,55,108,125,89,60,75,39,23,37,118,102,78,33,59,21,1
2025-04-22 16:23:43.50,s,2,21,34,58,71,109,115,21,-33,16,49,139,83,130,110,18,12,55,107,116,94,101,76,71,8,12,114,133,73,96,52,1,58,107,124,89,57,74,35,22,37,120,100,78,33,53,19,0
2025-04-22 16:23:43.52,s,0,19,31,58,74,109,114,26,6,14,49,143,84,138,115,17,15,53,107,117,95,102,78,69,9,11,114,129,73,95,52,3,53,107,122,90,60,70,32,15,36,121,98,78,32,53,16,2
2025-04-22 16:23:43.53,s,1,21,32,67,79,120,120,32,-15,20,48,147,93,142,115,18,14,55,107,121,107,110,80,75,6,10,116,134,82,103,55,2,57,107,128,90,61,77,35,18,36,123,101,81,38,55,16,2
2025-04-22 16:23:43.54,s,0,21,29,64,80,116,113,21,-37,17,46,142,95,144,109,17,12,53,106,121,112,115,81,74,9,10,117,137,89,108,56,1,58,108,125,91,68,76,39,16,39,121,100,81,40,57,21,0
2025-04-22 16:23:43.55,s,1,16,29,60,86,113,108,27,-1,19,46,148,99,142,113,20,10,49,106,121,118,116,76,69,4,12,111,141,94,110,54,3,53,107,123,92,72,82,36,18,36,119,102,79,39,64,22,0
2025-04-22 16:23:43.56,s,1,22,29,68,92,118,112,31,-11,22,49,149,104,144,108,14,12,50,104,124,120,119,73,68,7,10,114,141,97,111,53,3,55,104,125,90,71,85,36,16,35,122,99,80,41,61,22,1
2025-04-22 16:23:43.57,s,3,22,32,64,89,110,103,23,-35,13,42,139,100,134,100,12,9,42,96,120,118,109,66,60,6,10,107,138,90,105,46,3,54,101,122,89,66,81,28,12,35,121,99,78,37,59,15,0
2025-04-22 16:23:43.58,s,-3,5,15,50,86,104,103,19,-14,10,41,143,101,140,107,12,11,42,99,124,123,114,70,60,7,9,111,141,96,110,52,2,57,105,121,91,73,82,30,9,38,121,99,81,40,58,16,0
2025-04-22 16:23:43.59,s,5,32,39,79,105,125,115,39,3,22,47,153,112,151,109,11,14,46,103,127,131,119,72,60,8,10,110,144,103,111,56,3,57,103,126,92,74,86,33,14,40,122,101,82,40,62,16,2
2025-04-22 16:23:43.60,s,3,25,30,70,95,118,107,24,-35,17,39,151,108,148,103,12,10,40,95,126,129,120,69,59,8,10,110,143,103,113,49,1,57,103,124,91,73,85,31,12,40,122,98,82,40,62,15,0
2025-04-22 16:23:43.62,s,2,14,25,58,89,108,99,19,-19,11,32,142,101,139,100,13,8,37,89,123,123,114,61,60,2,8,104,140,98,105,46,3,53,100,120,87,68,82,29,10,41,121,96,79,39,58,13,0
2025-04-22 16:23:43.64,s,3,26,34,68,97,115,110,37,10,18,38,141,104,136,106,9,13,38,90,121,120,115,60,59,4,10,101,138,95,100,48,2,56,103,118,90,70,76,27,4,41,122,97,76,36,52,12,3
2025-04-22 16:23:43.65,s,1,26,27,68,93,117,107,27,-27,13,34,137,103,135,102,8,7,35,83,121,120,112,57,58,2,6,99,138,92,100,40,3,53,102,119,86,65,78,21,7,39,117,99,74,34,54,8,2
2025-04-22 16:23:43.66,s,-2,11,19,57,88,107,104,21,-26,8,30,139,100,140,101,8,5,31,83,118,121,113,59,59,1,8,94,138,92,102,42,3,54,97,113,87,65,75,22,2,36,121,92,76,36,50,6,0
2025-04-22 16:23:43.67,s,3,21,31,70,102,125,113,32,19,14,39,150,115,155,116,12,9,33,90,124,129,124,67,61,1,10,97,142,102,107,51,2,54,97,116,87,70,78,23,4,40,117,96,74,38,54,7,3
2025-04-22 16:23:43.68,s,2,28,33,72,110,124,118,30,-17,17,43,161,119,160,114,12,8,33,94,126,139,127,70,61,3,9,102,146,107,115,52,3,51,100,118,90,75,84,30,8,41,119,94,78,39,60,12,0
2025-04-22 16:23:43.69,s,1,18,25,62,101,115,110,23,-30,17,37,153,115,152,111,10,8,33,89,126,134,126,69,62,3,8,102,145,105,115,51,2,54,99,117,90,72,85,30,10,41,120,94,78,38,59,13,0
2025-04-22 16:23:43.70,s,2,20,31,72,101,122,110,32,14,22,40,159,116,159,116,12,9,39,93,126,137,126,72,60,6,9,100,142,107,114,52,2,55,100,117,88,75,83,28,8,41,119,95,77,42,57,12,1
2025-04-22 16:23:43.71,s,3,25,31,72,103,117,111,29,-12,18,41,154,117,151,108,8,10,35,90,126,135,123,67,60,2,8,101,143,105,111,48,4,55,97,118,89,72,84,28,10,41,119,93,81,41,58,10,0
2025-04-22 16:23:43.72,s,1,19,29,66,100,113,108,21,-30,13,39,150,112,147,103,8,7,34,85,126,129,122,65,59,4,8,94,144,99,110,43,3,54,94,114,87,69,81,25,9,40,116,95,75,38,57,10,0
2025-04-22 16:23:43.73,s,0,22,25,69,98,115,106,30,10,20,39,157,116,148,113,8,12,34,91,124,134,125,65,58,3,10,98,143,105,109,48,2,56,96,116,89,72,81,28,7,42,118,91,80,39,57,13,0
2025-04-22 16:23:43.75,s,4,31,37,81,112,121,114,33,-6,20,47,161,121,153,110,9,12,35,92,128,135,126,66,59,5,9,100,145,104,114,48,2,55,97,117,89,73,86,29,9,43,118,93,81,40,60,12,1
2025-04-22 16:23:43.76,s,0,22,29,72,103,117,104,22,-34,20,41,161,119,152,102,9,7,36,92,127,139,125,65,59,2,8,101,145,111,111,48,2,51,98,117,87,75,86,29,12,40,117,95,80,42,60,14,0
2025-04-22 16:23:43.77,s,2,18,33,71,108,118,107,27,9,19,46,164,119,156,108,8,11,36,96,131,141,129,68,60,2,9,102,145,111,115,52,2,54,95,119,92,80,86,32,9,40,119,93,79,45,59,15,0
2025-04-22 16:23:43.78,s,2,24,33,75,111,121,110,28,-1,20,47,166,125,156,114,13,10,37,98,131,143,129,70,60,5,9,102,147,111,118,52,3,54,98,116,92,81,85,31,7,41,118,91,78,45,61,13,1
2025-04-22 16:23:43.79,s,1,27,34,76,105,120,107,24,-31,21,43,165,120,156,109,9,7,36,94,127,142,126,68,59,2,10,98,149,110,114,48,3,51,98,115,88,74,85,28,11,39,117,92,77,41,59,13,-1
2025-04-22 16:23:43.81,s,0,11,19,63,100,110,106,20,-9,14,43,162,116,154,108,9,7,32,89,130,137,122,72,58,4,8,98,145,105,113,49,2,51,94,112,89,74,81,27,8,36,116,90,74,40,54,12,1
2025-04-22 16:23:43.82,s,5,34,44,84,107,126,117,39,9,25,45,165,115,156,114,12,8,34,92,127,133,123,69,60,5,7,95,142,99,110,49,3,51,94,112,85,72,80,26,10,36,116,90,75,39,53,12,1
2025-04-22 16:23:43.83,s,3,25,32,73,103,115,113,24,-24,17,44,158,110,152,108,11,9,29,89,127,128,123,68,62,4,8,95,142,98,108,45,4,49,92,111,86,67,80,25,9,40,115,87,73,38,54,10,0
2025-04-22 16:23:43.84,s,0,19,26,66,93,111,103,23,-18,17,39,153,107,143,107,9,4,31,85,124,128,115,66,60,1,9,90,141,97,106,45,1,51,92,109,85,67,80,27,11,40,113,86,75,36,56,12,2
2025-04-22 16:23:43.85,s,3,34,40,79,103,121,112,34,18,20,45,158,112,147,112,12,12,31,85,128,126,117,66,60,4,9,88,139,95,103,48,2,52,90,108,86,65,80,27,8,40,112,89,72,33,54,12,2
2025-04-22 16:23:43.86,s,3,22,33,69,98,113,107,23,-22,17,39,157,107,146,106,12,4,27,83,126,124,116,66,60,3,9,88,139,95,101,41,3,48,92,108,84,66,77,24,11,37,112,85,73,36,51,11,0
2025-04-22 16:23:43.88,s,0,19,24,70,94,110,102,20,-24,15,39,159,110,147,107,12,4,28,85,126,131,117,67,59,3,9,91,142,100,106,45,2,51,90,109,85,70,77,27,8,39,111,89,72,38,56,12,0
2025-04-22 16:23:43.89,s,2,24,31,74,101,115,110,33,17,20,46,160,117,148,109,8,9,31,88,128,131,120,69,62,2,8,94,139,101,106,48,1,50,89,111,86,68,78,30,9,38,111,87,74,35,52,13,2
2025-04-22 16:23:43.90,s,3,27,34,79,102,118,107,27,-16,17,48,159,113,146,107,12,6,28,89,127,128,119,66,62,2,7,92,139,98,106,46,2,50,90,108,87,68,80,27,13,36,113,87,70,39,53,11,1
2025-04-22 16:23:43.91,s,2,16,27,69,93,111,103,21,-29,17,41,159,106,144,101,9,5,29,85,126,126,112,66,58,3,9,88,141,95,101,43,0,49,89,105,87,67,73,28,10,33,112,85,68,37,52,10,0
2025-04-22 16:23:43.92,s,3,19,34,70,96,110,108,32,14,20,44,157,107,143,107,9,5,31,84,126,120,110,64,58,1,8,89,136,93,97,46,2,48,89,104,86,62,75,25,10,35,112,84,68,32,51,10,2
2025-04-22 16:23:43.93,s,2,24,35,74,96,113,107,26,-11,17,46,160,104,143,105,12,4,31,85,124,122,109,65,60,2,9,88,136,92,98,42,3,47,90,105,85,65,72,22,10,37,111,83,67,35,49,10,2
2025-04-22 16:23:43.94,s,0,20,28,68,87,110,106,22,-33,17,39,156,99,137,105,15,6,28,87,122,113,107,65,62,3,9,90,135,85,92,42,2,51,89,108,84,59,66,23,9,36,112,85,69,32,45,8,0
2025-04-22 16:23:43.95,s,1,21,32,72,82,110,111,29,11,18,46,156,94,135,115,13,8,40,90,123,107,103,69,67,5,8,96,134,78,87,46,2,53,94,108,84,58,61,19,12,37,116,90,67,28,43,6,0
2025-04-22 16:23:43.96,s,2,33,35,79,73,110,114,30,-10,20,46,160,83,130,111,18,9,42,97,120,94,98,68,71,4,10,101,129,68,79,43,4,53,98,113,81,52,51,16,11,43,117,92,70,26,36,6,2
2025-04-22 16:23:43.98,s,2,20,33,69,66,99,111,24,-33,17,50,158,69,125,112,21,13,48,105,122,86,91,72,73,11,10,107,135,61,73,45,2,59,104,122,89,48,44,19,14,47,118,98,74,25,29,6,-1
2025-04-22 16:23:43.99,s,1,16,32,68,63,101,110,26,5,22,51,163,65,123,119,24,15,58,113,121,83,88,76,77,12,12,114,135,58,73,47,4,61,108,124,90,44,46,16,18,45,120,104,74,26,30,4,1
2025-04-22 16:23:44.00,s,0,21,32,73,58,101,112,29,-6,19,54,158,63,121,118,23,18,62,117,116,70,85,77,78,13,12,117,133,49,64,44,4,62,113,127,90,40,35,13,19,49,120,105,79,19,21,5,0
2025-04-22 16:23:44.01,s,2,20,32,70,55,98,111,23,-30,12,50,149,59,112,121,23,18,63,116,113,62,77,78,84,12,9,120,125,42,59,43,3,65,110,130,86,30,26,12,18,50,119,107,75,15,16,2,2
2025-04-22 16:23:44.02,s,-3,1,16,51,45,81,107,19,-15,6,45,138,52,105,121,22,16,65,113,109,51,68,80,83,16,12,118,121,32,49,43,3,63,114,128,83,25,14,11,19,52,121,106,72,10,10,1,0
2025-04-22 16:23:44.03,s,4,25,39,65,52,89,117,34,5,7,41,130,48,103,118,23,15,62,113,99,45,60,72,84,12,11,114,110,23,38,40,3,63,110,125,76,20,5,8,18,49,122,104,66,11,3,-2,3
2025-04-22 16:23:44.04,s,1,12,21,49,37,69,104,24,-34,0,35,109,44,82,110,24,15,57,106,91,34,46,66,83,10,10,112,105,20,25,33,4,57,105,123,75,18,3,8,18,44,120,102,65,12,1,-4,0
2025-04-22 16:23:44.06,s,1,3,8,35,22,53,89,17,-27,-5,25,88,29,67,94,21,10,51,99,75,30,27,56,76,9,9,105,90,15,19,24,4,55,98,113,70,14,0,8,14,40,116,96,62,10,0,-3,2
2025-04-22 16:23:44.07,s,3,12,16,27,22,49,80,27,-3,2,16,64,28,48,79,16,15,46,84,60,33,20,45,67,9,9,90,71,9,10,27,1,47,89,99,60,13,-3,4,11,31,111,84,54,8,0,-4,1
2025-04-22 16:23:44.08,s,2,5,5,8,13,33,58,16,-31,-2,3,32,19,27,48,8,8,30,56,39,12,13,30,48,4,6,61,55,7,8,12,2,40,75,85,51,10,0,-1,7,27,99,76,48,9,4,-3,0
2025-04-22 16:23:44.09,s,0,-2,-3,0,2,18,37,6,-36,-10,-4,11,12,17,27,2,-1,13,27,17,4,8,17,37,1,4,36,37,3,3,0,2,34,63,72,44,10,-3,-7,-6,23,85,69,46,9,3,-5,0
2025-04-22 16:23:44.10,s,0,-1,0,-2,8,13,33,10,-11,-6,-2,4,11,6,23,-7,-2,0,15,12,13,1,10,23,-4,3,21,32,-3,-1,1,0,29,52,67,45,9,-6,-10,-13,19,75,64,43,10,0,-8,0
2025-04-22 16:23:44.12,s,1,9,2,6,7,14,24,7,-27,-10,-1,2,10,2,11,-3,-7,-5,10,8,-1,0,2,15,-6,1,20,30,-3,-5,-3,1,24,44,57,47,12,-6,-10,-10,15,66,54,45,15,0,-6,1
2025-04-22 16:23:44.13,s,0,-6,-7,-8,1,5,7,-11,-35,-12,-5,-3,7,-6,-3,-9,-5,-2,5,5,-5,-7,-3,4,-3,2,16,32,1,-8,-7,-1,23,35,52,44,13,-3,-15,-13,8,50,45,40,16,5,-8,0
2025-04-22 16:23:44.14,s,-2,1,-3,-5,4,2,1,1,-17,-13,-7,-5,8,-8,1,-11,0,2,7,9,6,-9,-5,-4,0,2,17,29,4,-9,-4,0,18,27,46,45,13,-1,-12,-16,7,32,37,39,14,5,-8,0
2025-04-22 16:23:44.15,s,0,5,-5,1,0,7,-7,-4,-22,-11,-5,-2,5,-12,-6,-11,-1,2,9,7,-3,-9,-7,-5,-2,2,15,27,3,-13,-6,-2,16,23,35,42,16,-3,-15,-18,7,31,25,37,16,5,-5,1
2025-04-22 16:23:44.16,s,-2,-1,-3,-5,1,3,-13,-11,-33,-14,-7,-5,3,-13,-15,-14,-2,3,8,7,-8,-11,-9,-10,-3,2,16,22,4,-10,-13,1,12,18,32,35,13,0,-16,-19,4,28,18,34,12,6,-3,-1
2025-04-22 16:23:44.17,s,-3,-3,-9,-2,-2,0,-9,1,-18,-12,-8,-1,1,-13,-7,-12,-2,5,10,14,2,-6,-8,-7,-4,1,16,27,4,-10,-8,1,10,23,29,41,13,-1,-17,-15,5,25,21,33,12,9,-3,0
2025-04-22 16:23:44.18,s,1,5,0,-2,4,7,-9,-1,-22,-7,-3,3,4,-10,-11,-12,2,9,15,18,4,-7,-10,-9,-3,3,20,31,4,-8,-8,0,11,25,32,42,15,3,-15,-15,8,27,25,36,16,13,-4,0
2025-04-22 16:23:44.19,s,0,2,-3,-5,2,3,-8,-9,-32,-10,-1,3,5,-15,-10,-10,4,9,19,17,-3,-8,-7,-10,1,3,22,34,6,-8,-11,0,11,23,30,42,17,-1,-12,-17,5,29,20,33,18,9,-2,0
2025-04-22 16:23:44.20,s,-2,0,-6,-2,-1,6,-10,-1,-23,-7,-3,4,4,-9,-6,-12,4,9,16,20,3,-4,-7,-11,1,3,19,35,3,-7,-8,-2,14,20,29,39,17,1,-15,-17,5,27,19,35,17,9,-6,0
2025-04-22 16:23:44.21,s,-3,2,-3,0,0,7,-7,2,-18,-5,0,4,11,-10,-6,-10,6,18,21,22,12,-3,-4,-8,3,3,23,38,6,-6,-3,-1,17,23,29,45,18,3,-12,-17,8,27,19,38,18,9,-5,0
2025-04-22 16:23:44.22,s,2,3,0,-2,4,3,-8,-6,-28,-8,1,3,8,-14,-9,-8,5,15,23,20,0,-5,-7,-7,-1,3,24,41,6,-7,-5,0,15,22,33,46,17,4,-12,-17,7,28,25,35,18,11,-4,0
2025-04-22 16:23:44.24,s,0,-10,-11,-10,-2,-1,-13,-9,-26,-10,0,1,6,-14,-11,-11,4,15,22,21,0,-5,-7,-9,0,3,24,41,7,-9,-5,-1,15,27,36,43,17,4,-13,-17,7,32,26,38,16,11,-4,-1
2025-04-22 16:23:44.25,s,2,12,4,6,6,7,-7,7,-14,-3,1,9,5,-9,-6,-10,6,19,25,26,12,-3,-7,-6,3,3,28,45,11,-8,-4,0,16,29,37,50,21,1,-12,-19,7,37,28,44,20,9,-4,2
2025-04-22 16:23:44.26,s,1,4,-2,-2,4,1,-9,-7,-27,-6,4,6,4,-12,-11,-10,8,18,30,30,1,-4,-8,-7,2,3,38,49,11,-5,-8,1,18,35,48,52,27,3,-13,-16,10,41,38,47,20,13,-3,1
2025-04-22 16:23:44.27,s,1,0,-4,-1,-3,4,-13,-5,-33,-4,0,6,5,-12,-10,-11,5,22,29,32,2,-6,-6,-10,4,4,42,54,13,-6,-7,0,22,38,51,55,25,6,-12,-20,9,49,42,48,24,12,-4,0
2025-04-22 16:23:44.28,s,2,3,4,2,6,5,-8,7,-8,-4,4,11,7,-8,-5,-11,8,26,39,38,17,-4,-5,-10,4,4,47,56,18,-5,-3,-2,24,42,55,60,29,6,-15,-20,11,54,49,53,27,9,-6,1
2025-04-22 16:23:44.29,s,0,5,-3,2,0,7,-8,-2,-28,-2,4,11,8,-9,-8,-12,9,26,41,41,9,-3,-4,-9,4,5,50,63,20,-5,-5,-2,26,46,64,65,32,9,-15,-21,15,58,57,57,25,12,-5,1
2025-04-22 16:23:44.30,s,0,4,-1,-1,5,2,-7,-7,-33,-5,5,11,7,-12,-5,-11,8,25,49,43,9,-5,-3,-8,4,6,56,70,25,-2,-4,-2,27,53,70,69,36,8,-12,-21,16,67,62,61,28,11,-5,0
2025-04-22 16:23:44.32,open,-1,2,-3,2,0,6,-7,7,-14,2,9,12,12,-9,-1,-8,12,34,56,52,28,-2,-3,-8,7,6,68,77,28,0,0,0,31,62,81,73,43,11,-13,-20,17,75,70,67,32,17,-4,1
2025-04-22 16:23:44.33,open,0,11,1,6,8,7,-2,0,-22,1,11,15,12,-8,-2,-12,10,39,61,56,23,-1,-4,-8,6,9,72,85,33,0,-4,2,29,68,87,76,46,11,-13,-23,19,89,76,72,33,19,-4,1
2025-04-22 16:23:44.34,open,0,1,-3,-1,1,6,-9,-7,-38,1,9,14,11,-12,-6,-9,12,38,68,56,20,-2,-4,-6,4,6,81,88,34,2,-6,1,33,70,93,78,45,16,-15,-23,19,92,81,70,37,20,-5,-1
2025-04-22 16:23:44.36,open,-2,4,-3,3,4,7,-9,5,-18,3,11,14,12,-7,0,-12,13,43,70,60,30,-2,-3,-9,8,10,84,89,33,2,-2,2,32,74,98,76,50,12,-13,-23,19,87,83,73,39,15,-7,2
2025-04-22 16:23:44.37,open,2,9,1,4,7,6,-7,-1,-21,1,11,16,11,-5,-5,-12,12,43,73,57,26,0,-4,-6,6,6,87,91,33,3,-4,1,33,74,97,79,47,16,-15,-23,18,91,86,72,38,15,-3,1
2025-04-22 16:23:44.38,open,1,8,3,2,6,8,-9,-8,-31,1,12,13,12,-10,-6,-14,12,44,69,59,21,-3,-5,-10,6,8,85,93,34,2,-4,0,35,77,98,79,49,13,-15,-23,19,90,84,72,37,16,-5,-1
2025-04-22 16:23:44.38,open,1,1,1,-1,5,5,-11,1,-19,0,9,13,11,-6,-3,-10,12,42,74,58,27,-2,-3,-8,7,9,87,92,35,-1,0,0,34,74,101,78,46,15,-13,-23,19,90,85,71,40,16,-3,0
2025-04-22 16:23:44.40,open,1,8,0,7,5,8,-9,0,-23,0,15,11,14,-7,-7,-12,11,46,73,59,27,0,-5,-9,6,9,88,91,37,1,-4,1,31,77,103,76,52,17,-15,-23,18,92,86,71,41,20,-5,0
2025-04-22 16:23:44.41,open,-1,4,-5,3,1,6,-12,-9,-33,-2,13,10,13,-8,-9,-12,10,44,72,56,23,-2,-5,-8,4,6,88,90,38,1,-7,1,33,78,99,81,50,16,-13,-21,18,88,86,71,39,20,-4,0
2025-04-22 16:23:44.42,open,0,3,-3,2,6,2,-7,2,-22,1,13,12,12,-8,-2,-9,10,44,73,56,24,0,-6,-10,6,10,86,94,36,0,-1,1,35,75,102,78,51,19,-13,-21,19,89,86,73,40,18,-1,1
2025-04-22 16:23:44.43,open,1,4,3,3,10,8,-7,4,-19,6,15,17,14,-2,-5,-10,14,49,76,60,31,2,-3,-6,6,8,92,93,37,7,1,0,36,78,100,83,53,18,-8,-24,23,89,88,72,40,24,-2,0
2025-04-22 16:23:44.44,open,2,3,0,0,7,5,-8,-6,-30,1,11,13,11,-7,-6,-10,10,45,73,59,27,-2,-3,-9,5,10,87,95,35,5,-4,2,34,78,102,78,52,18,-12,-21,18,91,85,73,41,22,-4,0
2025-04-22 16:23:44.45,open,0,-5,-6,-4,2,-1,-11,-9,-27,-3,12,10,9,-7,-7,-10,9,46,72,59,28,-3,-2,-8,8,9,91,93,36,5,-3,2,31,79,102,77,51,20,-11,-20,18,88,87,73,39,25,-3,0
2025-04-22 16:23:44.46,open,3,13,9,11,8,12,-6,9,-13,5,14,16,15,-7,-1,-11,14,47,74,60,30,1,0,-7,6,8,90,92,35,7,0,-2,35,76,102,80,52,19,-9,-22,19,91,84,74,40,28,0,3
2025-04-22 16:23:44.47,open,1,8,1,6,5,8,-8,-6,-27,0,14,11,13,-8,-7,-10,12,44,71,60,25,2,-2,-9,7,10,87,93,39,3,-4,2,31,78,101,76,52,19,-10,-18,18,89,86,73,39,27,2,0
2025-04-22 16:23:44.48,open,0,3,-6,1,0,5,-13,-8,-32,-1,8,12,8,-8,-6,-11,9,43,68,57,24,-2,-4,-9,6,9,86,91,35,3,-3,-2,34,74,97,79,50,18,-11,-20,18,87,86,73,36,26,2,0
2025-04-22 16:23:44.49,open,3,12,9,7,16,8,-2,8,-7,4,12,16,12,-5,1,-8,12,43,73,56,27,0,0,-8,6,9,82,90,34,2,3,0,35,75,96,81,48,18,-7,-21,20,87,83,70,40,23,2,1
2025-04-22 16:23:44.51,open,1,4,2,1,6,6,-10,-5,-26,1,9,14,10,-5,-6,-9,10,40,68,55,21,1,0,-6,6,6,83,89,34,2,0,1,33,75,96,77,48,19,-10,-20,18,88,83,72,39,23,2,1
2025-04-22 16:23:44.52,open,0,-2,-4,-3,2,2,-8,-7,-35,0,7,11,9,-6,-7,-10,8,42,68,52,22,2,-4,-7,5,5,85,86,35,4,-5,2,32,71,98,78,48,17,-11,-19,18,84,82,73,38,25,1,-1
2025-04-22 16:23:44.53,open,0,3,-3,3,2,7,-10,6,-14,4,9,13,11,-3,1,-10,13,43,69,55,28,0,1,-7,5,9,83,85,36,6,1,-1,34,71,99,79,48,19,-5,-21,18,86,79,70,41,23,2,0
2025-04-22 16:23:44.54,open,2,13,7,6,11,9,-2,0,-23,2,14,12,14,-7,-2,-11,13,43,71,58,23,3,-2,-4,8,9,83,91,37,3,1,1,35,76,98,76,52,18,-8,-20,21,84,85,73,38,28,1,2
2025-04-22 16:23:44.55,open,0,5,-1,1,7,3,-5,-9,-32,1,9,14,9,-6,-8,-11,9,44,68,58,23,1,-1,-8,8,8,86,91,35,6,0,0,35,77,98,81,51,17,-4,-20,20,88,82,74,40,26,2,0
2025-04-22 16:23:44.57,open,0,4,-2,-1,6,3,-6,2,-13,3,13,12,14,-4,0,-8,14,46,71,60,28,3,0,-4,6,8,89,90,38,6,1,2,32,78,102,78,50,21,-8,-17,19,90,82,75,40,29,4,2
2025-04-22 16:23:44.58,open,2,5,3,3,8,7,-7,1,-21,5,13,12,15,-6,-1,-6,10,47,75,59,29,3,-2,-3,5,9,87,96,37,8,5,-1,37,78,102,78,54,21,-7,-17,19,91,84,75,42,29,4,0
2025-04-22 16:23:44.59,open,0,8,-3,6,5,4,-5,-5,-32,2,14,13,12,-3,-6,-9,10,45,72,59,28,0,-3,-5,6,9,91,94,38,8,0,1,35,77,100,78,52,23,-5,-14,20,88,85,74,41,30,0,0
2025-04-22 16:23:44.60,open,0,4,-1,0,5,3,-5,1,-16,1,12,14,13,-4,1,-8,10,48,73,60,32,0,1,-4,6,10,88,95,41,8,3,1,36,78,99,81,51,25,-3,-17,22,91,83,74,41,27,1,2
2025-04-22 16:23:44.61,open,3,12,3,10,8,10,-2,2,-20,5,15,13,16,-4,0,-9,12,46,73,62,31,3,0,-3,5,8,88,91,39,8,3,2,35,78,101,81,52,25,-2,-16,20,91,85,72,43,33,3,2
2025-04-22 16:23:44.62,open,1,2,-1,1,6,5,-6,-6,-31,0,12,12,14,-4,-5,-7,8,44,72,58,24,4,1,-2,6,8,98,94,36,10,0,2,32,79,102,79,51,22,-3,-13,18,91,82,75,42,32,3,0
2025-04-22 16:23:44.63,open,-2,6,-4,4,2,8,-8,1,-22,3,10,15,9,-2,-3,-9,8,43,69,57,30,1,1,-6,7,9,87,96,35,10,2,2,32,77,100,77,52,23,-5,-14,20,87,86,74,38,34,2,0
2025-04-22 16:23:44.64,open,0,5,1,3,9,9,-4,7,-19,6,13,18,14,1,2,-4,14,43,72,60,29,5,2,-2,6,5,87,90,37,9,3,2,33,77,101,79,51,26,-2,-14,23,87,84,74,41,33,3,0
2025-04-22 16:23:44.65,open,2,11,2,5,8,10,-4,-3,-28,2,10,17,12,-1,-3,-8,12,41,71,59,25,5,2,-4,8,8,85,94,36,11,3,2,34,77,97,81,55,21,0,-15,21,88,82,73,43,34,3,2
2025-04-22 16:23:44.66,open,-4,-3,-11,0,-2,5,-12,-6,-31,2,8,14,10,-2,-2,-6,10,40,68,59,28,3,0,-2,5,6,87,90,39,9,1,2,33,76,101,79,51,26,-3,-12,18,88,84,74,40,36,5,0
2025-04-22 16:23:44.68,s,3,10,8,6,11,10,0,7,-8,3,11,17,13,2,3,-8,12,41,67,62,30,5,3,-5,8,8,85,93,36,10,6,2,32,76,98,80,53,21,2,-10,21,85,82,72,39,35,5,0
2025-04-22 16:23:44.70,s,1,3,1,2,8,7,-3,-3,-26,2,9,16,13,-3,1,-6,9,38,68,56,28,4,1,-2,4,10,80,93,34,13,5,-2,35,73,95,81,52,24,1,-12,20,85,81,72,41,34,5,0
2025-04-22 16:23:44.71,s,0,6,-5,4,1,9,-7,-6,-33,1,6,14,9,0,-2,-8,6,37,63,54,28,3,4,-3,6,8,79,90,34,12,5,0,32,71,97,78,53,26,0,-9,18,84,84,70,42,37,5,1
2025-04-22 16:23:44.72,s,0,13,4,10,9,16,3,13,-10,5,11,17,15,6,7,-6,10,37,61,54,31,6,4,1,5,6,78,88,34,12,9,0,33,71,93,75,52,26,3,-5,19,81,82,69,41,36,5,3
2025-04-22 16:23:44.73,s,1,8,-2,7,7,10,2,0,-25,-1,9,14,13,4,1,-6,3,30,57,49,22,3,5,-2,3,8,69,85,30,10,7,0,32,68,89,79,49,28,6,-6,19,79,78,69,41,36,7,1
2025-04-22 16:23:44.74,s,0,6,-3,1,6,10,-2,-7,-32,-2,6,10,12,3,2,-4,0,25,48,46,21,4,3,-1,1,4,67,75,27,14,4,1,29,65,85,75,48,24,7,-5,17,73,72,68,36,35,10,0
2025-04-22 16:23:44.76,s,0,3,0,2,8,10,0,6,-11,-2,6,13,11,7,6,-4,0,22,37,39,24,5,5,1,0,4,58,69,26,14,11,-1,28,58,80,69,45,25,5,-1,13,69,69,65,34,34,8,2
2025-04-22 16:23:44.77,s,3,9,5,8,11,16,3,5,-23,0,6,10,11,4,2,-6,-2,13,27,36,15,4,5,-1,1,5,49,62,23,12,7,2,25,55,74,68,42,25,6,-2,12,64,66,64,32,34,10,0
2025-04-22 16:23:44.78,s,-2,5,-5,6,4,13,-2,-7,-33,-5,2,9,8,3,2,-1,-7,7,20,23,7,2,5,0,-5,4,42,56,19,10,8,0,25,47,69,67,38,27,8,0,12,55,59,62,31,34,11,0
2025-04-22 16:23:44.79,s,-2,9,-2,8,4,15,1,5,-14,-2,1,13,10,6,7,-1,-7,9,21,27,15,7,8,5,-5,5,39,54,17,12,11,-1,25,50,68,67,38,25,12,1,14,58,60,60,30,34,14,1
2025-04-22 16:23:44.80,s,2,9,3,6,11,14,10,3,-21,0,6,13,15,7,9,-1,-8,8,19,31,13,10,10,5,-2,5,38,58,14,12,14,-1,27,53,73,66,38,27,12,2,16,66,63,62,30,31,13,2
2025-04-22 16:23:44.81,s,-2,9,-1,10,8,20,14,0,-31,1,4,16,13,9,12,0,-8,6,21,30,7,8,14,11,-3,4,42,57,11,14,12,-1,28,57,74,67,37,21,9,1,17,72,67,61,28,29,7,2
2025-04-22 16:23:44.82,s,1,4,1,7,12,21,28,7,-17,-3,7,18,18,17,26,4,-7,7,24,33,16,13,18,18,-5,4,40,53,8,16,17,1,29,58,77,65,29,20,9,2,20,75,72,59,24,17,6,2
2025-04-22 16:23:44.83,s,3,10,8,12,18,30,45,10,-18,1,12,26,20,30,34,4,-8,11,36,38,16,22,24,30,-3,4,50,56,11,20,21,1,32,61,81,63,29,21,7,4,21,84,75,62,24,19,5,2
2025-04-22 16:23:44.84,s,2,8,7,16,20,35,52,11,-32,0,13,34,23,35,41,6,-8,19,40,44,14,25,32,38,-2,5,58,61,9,25,22,1,33,66,81,66,28,22,9,7,23,85,77,62,23,18,6,0
2025-04-22 16:23:44.86,s,-2,6,3,15,20,39,57,17,-15,3,17,43,24,49,52,9,-1,27,50,55,30,34,36,50,0,6,69,69,12,31,25,2,35,75,88,64,29,24,11,10,25,92,81,63,22,20,6,1
2025-04-22 16:23:44.87,s,1,6,15,22,28,46,74,25,-11,8,25,56,35,60,64,15,6,35,64,66,38,43,45,58,6,8,77,79,17,37,35,1,43,83,97,67,28,26,13,12,27,103,84,62,24,18,4,0
2025-04-22 16:23:44.88,s,2,11,18,31,31,53,80,23,-39,11,28,75,36,66,67,17,6,41,80,73,27,48,48,66,4,9,92,87,25,39,31,4,46,93,106,70,32,24,15,16,29,111,93,64,22,19,5,2
2025-04-22 16:23:44.89,s,-3,-5,16,32,32,57,94,18,-21,9,40,108,40,78,85,21,13,54,108,91,39,49,59,72,10,11,108,106,28,41,39,3,53,105,120,76,34,25,17,19,33,117,102,69,22,19,5,1
2025-04-22 16:23:44.90,s,5,25,44,57,54,94,118,35,5,20,55,133,55,102,113,26,20,68,119,103,64,69,72,82,14,12,122,118,41,55,48,2,60,114,130,86,36,32,23,26,39,121,105,76,23,21,9,2
2025-04-22 16:23:44.91,s,2,20,36,57,55,100,124,29,-31,19,60,131,64,119,117,30,14,73,128,107,71,80,82,92,13,12,131,127,52,67,46,3,63,119,135,94,46,36,30,28,38,125,109,82,29,32,15,0
2025-04-22 16:23:44.92,s,2,12,35,60,55,104,119,25,-23,18,57,134,65,122,125,29,18,74,124,114,75,88,88,93,12,9,130,128,58,74,52,2,65,119,134,94,51,43,30,32,39,123,110,82,31,38,18,0
2025-04-22 16:23:44.94,s,5,29,48,70,73,115,127,39,16,27,67,147,78,129,132,29,24,81,132,115,84,89,89,90,17,12,132,133,58,78,58,1,66,119,140,95,50,46,32,33,42,123,110,86,32,40,16,4
2025-04-22 16:23:44.95,s,2,27,42,68,69,112,122,30,-25,26,65,146,75,131,122,31,20,78,133,116,80,93,89,94,16,13,135,136,65,82,55,2,66,122,141,97,56,50,32,32,42,124,111,84,35,41,16,0
2025-04-22 16:23:44.96,s,2,13,36,55,65,103,118,23,-26,22,65,142,76,132,118,29,18,84,130,115,88,94,86,90,13,12,136,138,68,91,53,4,66,125,143,95,57,57,35,31,47,123,114,87,35,45,18,0
2025-04-22 16:23:44.97,s,2,24,41,64,70,114,119,30,17,27,68,147,84,140,126,26,23,85,131,119,88,104,89,88,15,12,133,136,71,94,62,3,71,124,140,98,60,59,35,27,49,124,115,85,36,44,16,3
2025-04-22 16:23:44.98,s,3,36,50,71,84,121,130,32,-17,27,62,150,88,152,132,30,21,80,129,119,96,114,99,92,13,14,132,135,77,103,65,2,72,121,140,98,64,70,37,25,50,127,113,88,36,45,15,2
2025-04-22 16:23:45.00,s,0,20,34,62,79,123,127,27,-32,28,59,148,97,156,135,25,23,77,122,121,107,120,105,87,16,13,127,139,84,114,72,3,71,121,138,95,64,81,42,27,55,126,112,86,36,57,21,2
2025-04-22 16:23:45.01,s,3,27,43,65,96,124,129,35,12,32,61,152,106,163,132,22,26,77,123,120,117,126,101,86,14,11,130,138,90,119,73,2,70,118,139,93,68,81,43,23,54,124,110,89,36,56,19,2
2025-04-22 16:23:45.02,s,2,30,43,72,106,131,126,29,-11,29,63,158,118,169,135,23,22,74,123,129,129,133,105,85,13,13,128,147,105,128,73,4,67,123,141,94,80,88,45,18,55,128,110,90,46,61,21,2
2025-04-22 16:23:45.03,s,3,29,41,73,113,129,116,23,-33,22,60,164,127,170,125,23,17,62,121,131,145,137,101,76,10,13,127,152,117,133,73,2,63,118,135,95,85,92,48,19,49,129,107,88,50,68,23,0
2025-04-22 16:23:45.04,s,2,21,37,70,110,121,107,26,12,20,55,161,121,162,110,17,15,51,116,128,139,132,83,70,8,11,123,148,113,126,65,2,62,113,133,94,82,91,41,17,48,124,109,87,48,62,20,0
2025-04-22 16:23:45.05,s,3,30,41,73,114,115,104,24,-10,20,52,163,123,155,97,13,15,47,108,131,141,126,72,62,9,9,122,149,112,121,54,4,57,114,131,95,85,88,38,14,47,125,106,87,49,62,18,2
2025-04-22 16:23:45.06,s,3,19,34,70,106,107,88,17,-40,18,42,158,120,144,85,14,9,42,104,127,142,122,59,56,5,11,115,151,116,113,49,1,61,109,134,91,82,89,30,12,44,127,107,85,46,63,13,0
2025-04-22 16:23:45.07,s,2,21,31,66,114,105,91,23,2,18,43,159,123,145,85,9,13,40,103,131,144,122,59,55,6,10,116,152,115,116,44,4,59,111,133,92,83,89,29,6,48,125,105,83,50,60,11,2
2025-04-22 16:23:45.08,s,2,20,34,71,120,114,101,31,-7,21,43,159,129,149,93,12,16,43,100,131,154,125,60,55,6,11,112,153,121,120,49,2,63,110,133,90,90,89,27,8,49,127,103,89,50,65,10,0
2025-04-22 16:23:45.09,s,1,21,31,68,118,115,100,23,-35,16,36,159,129,153,101,10,14,38,93,132,151,126,67,59,8,10,109,155,123,119,49,3,64,110,132,90,89,90,29,4,53,124,107,88,50,64,11,0
2025-04-22 16:23:45.10,s,0,9,17,64,113,119,103,22,-17,14,32,161,133,164,115,12,10,34,91,132,157,132,75,61,3,11,107,155,126,123,55,4,61,114,128,92,91,90,27,2,53,124,102,88,52,62,6,2
2025-04-22 16:23:45.12,s,5,28,36,83,134,131,127,41,7,16,40,169,140,177,126,12,12,32,95,136,166,141,83,66,6,10,106,156,131,128,60,2,62,109,125,94,91,93,25,2,50,126,102,87,52,62,7,2
2025-04-22 16:23:45.13,s,1,26,27,76,132,128,128,28,-30,11,37,170,140,179,131,10,4,26,87,135,161,144,84,69,2,8,99,152,132,130,60,4,58,106,122,90,91,91,22,1,50,123,99,89,52,62,5,-1
2025-04-22 16:23:45.14,s,1,16,21,67,127,125,122,24,-22,8,30,166,136,177,132,9,-1,22,77,131,163,141,83,68,-1,6,92,150,130,128,57,2,56,99,118,89,90,88,18,-1,44,122,95,83,50,58,2,0
2025-04-22 16:23:45.15,s,4,29,36,82,136,136,127,42,11,14,33,171,142,175,132,8,5,21,73,134,168,137,82,64,0,8,85,149,126,124,55,3,54,95,115,90,86,85,19,-3,45,120,95,82,47,58,2,3
2025-04-22 16:23:45.16,s,3,17,24,73,126,122,120,30,-29,5,31,161,136,171,119,8,-3,15,69,131,158,134,76,62,-1,6,84,148,127,122,49,3,53,97,116,89,86,88,16,0,42,121,95,83,48,53,4,-1
2025-04-22 16:23:45.18,s,0,12,18,64,124,117,109,23,-31,3,30,162,137,161,115,6,-2,11,69,132,158,136,69,61,-3,8,86,152,130,123,48,2,53,94,117,91,92,89,20,-3,44,121,94,83,50,61,3,-1
2025-04-22 16:23:45.19,s,0,17,23,75,129,125,113,32,14,10,35,173,141,169,111,7,1,19,75,137,172,138,73,63,-3,6,91,155,133,130,54,2,54,98,116,92,97,95,28,-2,43,121,95,88,55,67,11,2
2025-04-22 16:23:45.20,s,3,22,33,81,137,128,118,31,-21,10,39,175,145,171,119,7,2,21,83,138,174,139,76,60,0,8,91,160,141,131,56,2,54,101,119,92,100,96,31,-2,46,121,99,88,57,72,12,0
2025-04-22 16:23:45.21,s,2,11,25,74,132,123,120,25,-35,8,39,175,145,177,126,9,-2,24,90,137,176,144,84,65,-2,8,99,158,147,139,61,3,54,101,118,92,105,97,34,-2,47,123,95,89,60,74,13,-1
2025-04-22 16:23:45.22,s,1,19,25,81,134,131,126,31,14,15,40,184,150,184,136,10,4,25,95,142,182,149,95,66,-2,10,97,162,145,142,71,2,56,100,121,92,105,101,34,0,47,120,98,88,57,74,10,1
2025-04-22 16:23:45.23,s,2,26,31,83,137,134,134,34,-15,13,44,181,149,184,145,9,4,23,91,142,180,149,100,70,2,9,93,161,146,139,71,2,55,100,118,93,93,97,35,0,47,120,97,88,58,72,10,1
2025-04-22 16:23:45.24,s,0,27,32,87,137,136,131,31,-36,13,40,181,147,185,146,8,1,21,85,139,177,147,101,67,-3,10,92,158,146,140,69,3,50,100,118,89,103,100,32,2,45,120,95,89,57,71,8,0
2025-04-22 16:23:45.25,s,2,24,31,80,138,130,134,33,9,11,39,185,147,187,146,12,4,22,85,141,181,149,102,67,-2,8,90,160,145,140,69,3,53,99,118,90,101,101,33,3,44,120,94,85,59,68,7,1
2025-04-22 16:23:45.27,s,1,27,33,88,137,134,135,36,-12,12,44,181,151,185,139,12,-1,21,85,140,181,148,98,68,-2,8,90,160,145,143,71,3,50,97,120,89,106,102,38,3,45,120,95,88,58,74,13,2
2025-04-22 16:23:45.28,s,0,17,27,75,132,127,120,26,-38,12,39,181,144,183,131,12,-2,17,83,138,175,144,94,68,-1,7,93,159,143,137,70,1,53,98,118,92,103,97,38,2,45,120,97,87,59,73,11,0
2025-04-22 16:23:45.29,s,1,12,27,76,129,127,116,27,1,9,43,179,144,179,124,10,-2,15,85,137,177,145,88,63,-4,9,90,159,143,137,64,1,50,94,119,90,102,101,35,2,44,120,92,88,59,71,13,1
2025-04-22 16:23:45.30,s,1,24,34,86,142,131,127,37,-5,13,46,185,148,182,126,10,-1,22,87,140,185,144,91,63,-2,8,92,160,146,140,67,0,52,97,116,89,108,99,37,2,42,122,93,84,63,72,13,0
2025-04-22 16:23:45.31,s,3,23,34,82,138,128,123,26,-32,9,45,183,147,179,131,6,0,17,88,140,180,144,90,63,-6,8,93,157,149,139,63,4,48,99,118,89,104,102,35,0,43,119,96,89,59,71,13,1
2025-04-22 16:23:45.32,s,1,8,24,75,130,124,116,24,-18,10,43,181,148,179,133,8,-1,17,89,138,182,145,92,61,-6,9,95,158,150,140,65,2,50,98,120,91,108,100,34,1,42,122,92,89,60,73,13,-1
2025-04-22 16:23:45.33,s,4,31,42,91,144,134,131,38,9,15,51,189,152,185,133,9,1,23,91,142,187,147,92,64,-4,6,96,159,149,142,69,3,50,100,119,92,109,100,35,4,43,122,94,86,62,73,11,1
2025-04-22 16:23:45.35,s,2,24,32,84,134,127,124,29,-32,14,45,189,147,185,131,8,-1,21,93,137,183,147,93,64,-5,8,94,161,148,142,71,3,49,97,120,88,108,101,33,2,41,123,93,91,63,73,13,0
2025-04-22 16:23:45.36,s,0,19,26,80,129,127,115,21,-21,9,46,184,148,180,129,8,-1,19,93,138,179,149,93,66,-4,10,96,161,148,140,67,3,49,100,120,90,105,101,35,4,41,123,93,90,60,72,12,2
2025-04-22 16:23:45.37,s,4,32,42,91,144,135,129,41,16,20,53,188,150,183,133,10,1,26,93,142,187,146,93,64,-2,9,96,158,143,142,70,3,53,95,118,93,106,100,37,2,45,119,93,87,62,70,12,2
2025-04-22 16:23:45.38,s,3,21,29,83,132,128,119,28,-27,14,46,179,149,176,129,10,0,19,91,139,175,145,89,64,-2,9,94,154,145,134,66,2,51,99,117,90,104,97,34,3,41,121,93,86,58,71,12,-1
2025-04-22 16:23:45.39,s,-1,14,22,75,127,123,118,25,-31,9,44,175,144,174,124,10,0,22,88,137,172,141,85,68,-4,6,93,155,140,133,64,0,51,94,118,89,98,96,31,6,42,117,93,88,55,67,12,0
2025-04-22 16:23:45.41,s,1,20,31,83,135,129,124,32,17,14,49,180,147,178,133,16,5,26,89,139,174,142,93,69,-1,9,94,155,135,130,68,2,49,97,116,92,96,93,30,7,43,117,94,83,51,67,10,2
2025-04-22 16:23:45.42,s,4,27,40,84,137,134,130,33,-17,17,49,180,142,182,137,16,5,26,97,136,164,142,100,75,-1,9,94,154,129,130,67,3,51,98,117,88,88,91,32,9,44,115,94,83,47,65,10,2
2025-04-22 16:23:45.43,s,0,16,30,74,124,129,126,26,-29,17,51,177,135,185,146,20,5,32,103,132,156,146,108,85,1,9,102,151,119,134,72,4,51,100,119,90,82,87,32,14,43,120,94,83,46,58,10,0
2025-04-22 16:23:45.44,s,4,29,47,87,120,137,137,39,17,31,63,183,127,185,156,27,13,48,118,134,140,140,122,94,8,10,116,148,101,129,79,0,59,105,128,94,69,80,38,20,48,122,99,81,38,50,10,0
2025-04-22 16:23:45.45,s,3,38,51,88,105,135,147,40,-7,37,74,185,112,178,169,33,20,63,129,135,120,140,132,114,11,8,124,145,91,123,91,4,64,114,132,98,62,76,46,27,56,122,103,86,35,49,15,3
2025-04-22 16:23:45.46,s,2,34,49,86,82,129,140,35,-22,36,76,188,91,174,166,39,19,77,132,130,106,134,135,117,11,13,127,146,75,117,94,2,71,116,138,98,55,70,50,30,59,121,106,87,30,49,19,1
2025-04-22 16:23:45.47,s,2,29,49,83,74,125,145,41,16,35,76,180,79,169,167,39,25,82,135,124,86,129,133,121,16,12,128,139,57,108,90,3,75,118,140,95,39,59,46,30,60,123,108,82,20,34,15,2
2025-04-22 16:23:45.48,s,3,35,53,82,76,128,145,45,-6,35,72,179,80,167,170,41,27,91,135,127,83,125,137,126,17,12,135,138,54,109,91,5,77,122,144,97,42,59,47,35,60,123,110,88,25,37,19,3
2025-04-22 16:23:45.49,s,1,20,39,75,62,117,138,34,-30,25,69,169,71,158,162,41,24,90,136,123,78,118,133,125,19,13,133,141,55,97,88,3,75,120,142,97,42,51,48,41,58,122,111,86,22,37,19,2
2025-04-22 16:23:45.51,s,1,9,36,69,60,106,135,38,5,14,59,160,65,139,157,36,25,83,133,116,65,100,122,115,17,13,128,130,46,79,75,4,68,119,137,92,33,37,35,34,52,122,108,82,16,19,11,2
2025-04-22 16:23:45.52,s,2,17,36,70,60,103,130,40,-4,12,48,143,58,122,146,33,25,80,128,105,53,83,106,108,14,13,124,115,29,58,57,2,64,110,126,84,24,14,21,22,46,122,102,71,15,5,3,2
2025-04-22 16:23:45.53,s,2,8,20,50,39,79,111,25,-35,4,34,102,45,94,119,22,18,68,111,80,37,51,78,84,10,20,107,90,19,29,35,3,51,98,112,68,12,3,8,17,35,112,92,58,5,1,-1,0
2025-04-22 16:23:45.54,s,-3,-2,0,19,22,53,87,19,-24,-2,17,59,32,63,87,13,14,50,82,55,21,22,47,58,10,8,85,63,10,18,19,1,46,84,96,53,8,1,4,8,31,103,82,50,3,0,-4,0
2025-04-22 16:23:45.55,s,3,14,16,17,26,42,72,25,2,7,11,34,23,37,57,5,14,40,65,38,31,20,30,46,6,5,65,52,10,15,15,2,42,77,89,57,14,4,-1,1,29,99,80,57,14,2,-2,1
2025-04-22 16:23:45.56,s,2,9,4,1,16,24,42,13,-32,2,-1,14,15,19,30,1,9,15,37,22,9,14,18,34,2,3,49,47,10,7,3,3,35,69,86,57,19,3,-5,-4,21,92,74,59,15,5,-2,0
2025-04-22 16:23:45.57,s,0,1,-5,-7,9,12,33,3,-27,-4,-1,2,13,6,23,-3,5,7,23,19,5,7,13,29,2,3,43,50,7,5,-2,2,30,66,80,62,21,0,-7,-5,16,83,71,57,20,3,-3,0
2025-04-22 16:23:45.58,s,2,16,12,4,19,18,33,13,0,1,1,7,13,9,22,-3,10,12,21,23,24,10,10,21,1,3,37,51,12,6,1,1,28,59,72,58,25,6,-7,-6,16,67,60,55,21,9,-3,2
2025-04-22 16:23:45.59,s,0,9,0,2,12,17,17,1,-25,-4,-4,4,11,0,5,-10,9,11,18,18,6,4,3,5,4,3,32,46,8,3,-6,-2,24,40,59,53,22,8,-9,-7,8,48,44,48,20,9,-4,2
2025-04-22 16:23:45.60,s,0,3,-5,-2,6,7,8,-3,-34,-10,-4,-3,9,-5,2,-8,6,10,17,16,0,0,0,0,1,3,29,42,5,0,-8,0,20,33,47,51,22,4,-12,-12,7,33,35,46,19,9,-2,0
2025-04-22 16:23:45.62,s,0,-3,-2,-6,7,7,4,2,-9,-8,-1,-1,11,-6,-1,-13,8,14,18,20,14,-5,-2,-5,3,3,23,41,5,-6,-3,0,21,29,41,46,23,2,-15,-18,7,33,31,40,17,9,-6,0
2025-04-22 16:23:45.63,s,2,13,5,2,10,13,2,-3,-22,-3,-3,5,9,-8,-1,-11,8,16,21,24,8,-5,-3,-5,3,3,29,45,10,-4,-5,-2,18,30,42,53,26,5,-12,-15,7,37,31,44,20,13,-4,0
2025-04-22 16:23:45.64,s,0,-3,-4,-6,6,7,-5,-9,-34,-5,-4,6,7,-10,-4,-11,6,18,23,27,4,-5,-5,-5,2,4,31,49,12,-1,-11,1,19,35,47,55,30,8,-10,-11,7,41,37,47,22,16,-3,-1
2025-04-22 16:23:45.65,s,0,2,-4,-6,5,2,-5,1,-11,-7,0,4,9,-12,-3,-12,10,17,23,30,13,-7,-4,-9,4,3,29,46,9,-3,-3,-1,22,31,39,53,27,8,-11,-12,8,37,30,43,20,13,-4,0
2025-04-22 16:23:45.66,s,1,2,2,-1,4,7,-6,-2,-19,-6,0,5,4,-10,-10,-11,7,14,21,27,6,-4,-5,-9,2,4,23,45,11,-5,-9,1,17,29,33,46,26,4,-10,-13,8,34,28,41,20,13,-3,0
2025-04-22 16:23:45.67,s,0,5,-4,1,2,7,-10,-9,-30,-6,-4,7,4,-12,-11,-9,5,15,17,25,-1,-7,-5,-10,3,2,21,45,7,-5,-8,-2,17,27,30,49,25,3,-11,-16,8,33,23,42,20,11,-5,0
2025-04-22 16:23:45.68,s,-1,1,-6,-1,-1,3,-9,1,-17,-5,-1,6,8,-13,-4,-11,9,16,19,31,9,-5,-5,-5,1,2,23,46,9,-5,-4,0,19,27,31,49,24,4,-11,-18,9,31,26,44,19,12,-1,0
2025-04-22 16:23:45.69,s,2,5,0,2,4,8,-9,-1,-17,-4,3,7,9,-12,-7,-11,9,17,18,32,9,-7,-5,-8,3,2,20,47,11,-7,-8,1,16,31,33,49,27,4,-13,-16,10,34,23,45,19,13,-2,0
2025-04-22 16:23:45.71,s,-1,1,-3,-1,4,6,-7,-6,-33,-5,0,6,9,-14,-5,-8,5,19,20,27,0,-4,-2,-7,3,3,22,45,11,-8,-5,-2,19,29,31,50,25,4,-13,-15,7,33,27,42,19,11,-5,-1
2025-04-22 16:23:45.72,s,0,1,-4,-1,1,5,-8,3,-18,-6,0,5,8,-12,-6,-11,8,19,18,31,7,-4,-3,-7,3,3,23,45,12,-5,-6,2,18,30,33,46,27,3,-11,-16,9,33,26,45,20,9,-3,0
2025-04-22 16:23:45.73,s,1,5,8,3,12,11,0,10,-11,2,5,12,9,-6,-2,-8,9,21,25,33,16,1,-3,-3,3,3,26,52,13,-5,0,0,22,33,37,53,27,5,-13,-16,10,35,33,48,23,10,-5,0
2025-04-22 16:23:45.75,s,0,4,-3,1,7,3,-5,-3,-28,-4,3,10,5,-9,-6,-10,6,24,25,33,3,0,-4,-4,3,1,32,50,13,-2,-6,1,22,33,44,53,27,5,-11,-20,11,38,37,48,23,11,-4,0
2025-04-22 16:23:45.76,s,-3,-6,-6,-7,1,2,-14,-8,-29,-3,-3,10,8,-14,-3,-11,11,22,24,36,7,-4,-4,-5,1,4,32,52,17,-4,-7,0,22,37,45,58,29,6,-11,-20,11,41,38,51,23,8,-3,0
2025-04-22 16:23:45.77,s,2,6,7,2,10,7,-1,7,-7,-1,5,13,7,-8,-1,-11,10,25,26,37,19,0,-4,-5,2,2,36,56,14,-4,2,-3,24,36,49,55,30,8,-12,-17,12,42,39,52,23,12,-5,0
2025-04-22 16:23:45.78,s,2,2,2,0,7,6,-5,-5,-25,-3,4,11,8,-9,-6,-8,8,25,26,36,8,-2,-4,-8,6,4,36,58,13,-1,-4,-2,22,39,50,59,29,6,-10,-20,13,44,42,54,23,11,-3,2
2025-04-22 16:23:45.79,s,-3,1,-7,-2,0,6,-11,-6,-32,-2,-1,9,8,-12,-3,-11,9,21,28,38,2,-1,-3,-4,3,3,38,56,16,-3,-6,1,23,39,52,56,32,5,-12,-21,14,47,42,52,27,10,-4,1
2025-04-22 16:23:45.80,s,2,14,7,9,10,8,-1,9,-5,-1,7,12,12,-9,2,-10,10,26,31,38,22,0,-3,-4,2,5,37,58,17,-2,1,-1,24,42,54,59,30,8,-9,-19,14,49,44,51,27,13,-3,3
2025-04-22 16:23:45.81,open,0,6,3,1,8,8,-7,-2,-24,1,1,13,8,-10,-3,-7,8,20,31,35,6,-3,1,-2,3,3,39,55,17,-2,-4,-2,25,40,51,58,30,5,-9,-16,9,50,43,53,26,10,0,1
2025-04-22 16:23:45.82,open,0,-2,-2,-1,4,5,-7,-6,-30,-3,4,9,6,-8,-5,-6,8,19,30,32,6,-3,-1,-5,4,3,39,57,16,-2,-2,0,24,40,51,58,29,11,-10,-13,11,47,46,51,27,13,-4,1
2025-04-22 16:23:45.84,open,0,3,-2,2,2,9,-9,5,-10,0,5,10,6,-5,-2,-8,10,24,26,36,16,-2,1,-4,4,5,35,55,16,-3,2,2,21,39,47,54,30,7,-10,-13,9,47,41,51,25,14,-3,2
2025-04-22 16:23:45.85,open,2,14,6,8,9,13,-7,1,-24,5,2,13,7,-7,-3,-6,5,22,23,31,8,-3,0,-6,3,3,30,48,10,0,-3,1,18,37,40,54,28,5,-8,-16,11,37,37,49,23,14,0,2
2025-04-22 16:23:45.86,open,-2,3,-4,1,4,8,-8,-9,-31,-3,1,10,6,-8,-4,-10,7,16,19,23,0,-4,0,-6,2,2,27,44,8,-2,-4,0,16,31,37,49,25,8,-10,-16,9,34,29,47,22,12,-2,2
2025-04-22 16:23:45.87,open,1,1,0,0,5,8,-10,6,-17,1,0,9,6,-8,-3,-8,3,17,17,23,10,-4,0,-6,0,3,20,41,11,-4,-3,0,16,27,32,44,25,5,-9,-15,5,33,27,40,23,12,-2,1
2025-04-22 16:23:45.88,open,0,9,1,4,6,10,-9,0,-18,-3,2,7,7,-10,-3,-8,3,16,17,21,4,-2,-3,-5,-2,3,19,40,10,-5,-1,2,14,28,28,50,24,4,-10,-14,5,31,25,44,23,12,-2,2
2025-04-22 16:23:45.89,open,1,4,2,-1,6,5,-9,-6,-33,0,0,5,7,-10,-7,-9,2,10,13,21,-3,-3,-3,-5,1,3,16,41,9,-6,-5,0,16,25,28,44,26,6,-12,-14,4,31,25,44,23,11,-3,1
2025-04-22 16:23:45.90,open,1,7,-1,2,4,10,-9,3,-16,-3,1,7,6,-8,-4,-9,4,14,13,20,11,-2,-3,-5,-3,0,18,35,10,-4,-3,1,14,26,28,46,20,9,-10,-15,8,26,25,41,20,11,-3,3
2025-04-22 16:23:45.92,open,2,11,4,4,7,13,-5,5,-20,2,0,10,6,-6,-4,-9,1,13,13,18,6,-2,-4,-4,-3,1,15,34,5,-6,0,-3,17,23,23,42,21,4,-11,-16,7,28,19,41,19,12,-2,3
2025-04-22 16:23:45.93,open,0,4,-3,2,4,10,-10,-8,-30,-2,-3,7,5,-6,-5,-9,-1,9,8,16,-3,-3,0,-4,-2,2,10,33,4,-6,-2,0,13,20,20,38,20,3,-11,-17,5,23,14,38,16,10,-2,0
2025-04-22 16:23:45.94,open,-2,7,-1,1,5,11,-8,2,-20,-5,-1,4,7,-7,-4,-10,-1,9,7,9,1,-4,-3,-9,-3,2,6,25,1,-8,-2,-3,11,17,14,35,14,-2,-12,-20,3,20,11,31,15,5,-2,2
2025-04-22 16:23:45.95,open,1,11,5,9,11,18,-1,10,-11,-1,5,5,11,-5,1,-11,-1,8,7,12,6,-3,-3,-8,-4,-1,7,21,1,-6,-1,0,7,17,13,31,12,-3,-15,-20,0,21,10,25,11,2,-4,0
2025-04-22 16:23:45.96,open,2,5,3,0,8,8,-5,-7,-28,-5,0,4,5,-6,-5,-10,-3,1,8,8,-7,-2,-5,-8,-3,1,8,21,-1,-6,-5,-2,11,15,14,28,12,-3,-16,-19,0,20,11,26,12,2,-5,1
2025-04-22 16:23:45.97,open,-2,-3,-9,-10,-1,1,-12,-9,-29,-9,-3,1,6,-9,-6,-11,-3,0,7,6,-7,-1,-6,-10,-3,1,4,22,-1,-7,-6,-1,8,15,15,27,10,-1,-15,-21,3,17,11,28,11,4,-4,0
2025-04-22 16:23:45.98,open,2,10,8,2,10,10,-4,9,-12,-4,0,7,7,-4,0,-9,-4,6,9,11,3,1,-3,-9,-3,1,10,22,1,-4,0,-1,11,17,16,28,10,0,-15,-18,3,19,12,27,14,3,-5,3
2025-04-22 16:23:46.00,open,1,9,-1,3,4,11,-8,-3,-29,-5,0,2,9,-9,-5,-13,-2,2,4,10,-5,0,-2,-8,-3,0,10,22,0,-7,-5,-3,11,14,17,31,10,1,-13,-18,4,20,10,31,11,5,-2,2
2025-04-22 16:23:46.01,open,-2,3,-5,-2,0,8,-8,-10,-30,-6,-2,3,4,-7,-4,-10,-3,0,10,8,-8,1,-2,-9,-3,1,11,22,3,-5,-6,1,10,21,19,30,14,1,-10,-19,5,25,13,33,15,4,-3,1
2025-04-22 16:23:46.02,open,3,11,9,3,12,14,1,10,-6,-1,4,5,12,-5,2,-9,-1,6,12,14,9,4,1,-7,-3,2,11,27,5,-3,0,-1,14,19,20,37,14,2,-9,-20,4,25,14,34,15,9,-2,2
2025-04-22 16:23:46.03,open,1,5,3,0,9,11,-7,-3,-28,-2,-2,7,6,-5,-4,-10,-4,7,10,12,-1,1,0,-4,-3,2,12,28,4,-1,-3,1,11,20,24,37,15,2,-8,-18,7,28,18,33,18,5,0,2
2025-04-22 16:23:46.05,open,-1,5,-4,1,4,8,-2,-6,-29,-4,-3,6,6,-6,-2,-10,-2,3,10,11,-4,0,0,-5,-2,2,15,29,5,-4,-2,-3,15,21,22,38,16,2,-11,-18,7,25,18,35,15,10,-1,2
2025-04-22 16:23:46.06,open,1,2,2,-2,5,11,-7,6,-15,-2,-1,5,8,-7,4,-11,-1,5,10,11,6,2,1,-9,-3,2,13,25,3,-4,1,-2,11,20,21,35,16,0,-9,-17,5,23,19,33,14,9,-1,2
2025-04-22 16:23:46.07,open,2,14,4,6,9,11,-1,-1,-21,-4,2,5,6,-3,-2,-8,-3,2,12,11,0,1,-2,-6,-4,0,14,25,4,-3,-1,-2,12,21,20,36,17,2,-11,-16,4,25,18,32,14,8,-1,3
2025-04-22 16:23:46.08,open,-2,6,-4,2,3,12,-7,-7,-34,-3,-2,4,6,-7,-5,-10,-6,3,8,10,-4,-2,0,-4,-3,2,14,25,4,-1,-5,1,10,22,22,37,17,2,-8,-17,5,26,17,35,16,6,-2,1
2025-04-22 16:23:46.09,open,0,3,-4,-2,5,8,-4,2,-15,-4,0,5,6,-3,2,-9,0,3,13,14,6,4,0,-5,-4,1,15,25,9,-1,1,0,14,20,25,42,16,8,-8,-14,8,25,22,36,16,13,2,2
2025-04-22 16:23:46.10,open,1,6,3,1,7,12,-1,0,-18,-3,3,6,7,-2,0,-8,0,5,16,16,5,2,0,-7,-1,1,19,31,6,1,-2,0,13,23,28,39,19,8,-8,-13,6,29,21,39,20,12,0,3
2025-04-22 16:23:46.11,open,-3,6,0,-1,8,11,-5,-6,-30,-3,-1,4,10,-5,-3,-6,-4,9,13,15,1,2,-2,-5,-2,2,16,33,10,-1,0,-1,17,23,30,41,21,8,-4,-10,7,29,26,40,18,16,3,3
2025-04-22 16:23:46.12,open,0,6,1,0,8,10,-5,6,-17,0,-1,9,8,0,3,-6,1,9,18,17,9,6,2,-2,0,1,20,36,9,3,3,0,16,26,29,46,21,12,-3,-10,9,31,26,38,22,14,-1,2
2025-04-22 16:23:46.13,open,3,8,4,1,10,13,1,7,-19,2,0,10,9,1,4,-4,0,9,18,19,9,8,2,-4,-1,2,19,37,11,1,3,1,16,28,31,47,24,13,-2,-8,10,34,28,41,24,16,1,2
2025-04-22 16:23:46.14,s,1,4,2,0,10,13,1,-5,-30,-3,0,10,8,0,2,-5,-1,9,17,14,4,7,2,-4,0,3,20,33,12,2,-1,-2,17,28,32,45,24,11,-4,-7,7,30,27,42,18,15,4,1
2025-04-22 16:23:46.16,s,1,3,1,0,7,13,-2,2,-18,-3,-3,7,8,0,4,-7,-1,4,13,14,5,6,2,-4,-2,2,16,33,7,4,0,1,13,27,31,43,22,9,-4,-8,3,33,25,41,20,14,3,1
2025-04-22 16:23:46.17,s,1,13,13,11,13,24,6,13,-10,1,3,10,14,3,8,-4,-1,6,13,19,13,9,4,-3,0,2,17,32,11,3,4,2,14,27,32,40,24,11,-3,-9,9,31,26,40,20,17,14,2
2025-04-22 16:23:46.18,s,1,3,2,0,9,14,-2,-5,-27,-3,-2,7,10,-1,4,-8,-3,1,13,11,0,8,1,-5,-2,2,14,31,8,2,3,0,13,24,28,43,20,10,-1,-8,6,31,25,39,21,15,5,0
2025-04-22 16:23:46.19,s,-3,-3,-8,-2,0,11,-5,-5,-31,-4,-4,4,9,-2,4,-7,-4,-2,11,11,1,6,0,-2,-7,3,15,26,11,4,0,0,13,25,30,42,21,13,-3,-6,5,32,27,39,22,17,4,2
2025-04-22 16:23:46.20,s,3,10,8,4,13,16,6,13,-10,-4,4,6,14,4,7,-6,-4,1,11,16,14,10,5,-1,-4,0,18,28,11,9,5,1,13,26,34,43,20,15,0,-5,8,32,27,42,20,16,7,2
2025-04-22 16:23:46.21,s,0,8,-1,3,9,16,3,-2,-26,-5,2,6,13,8,6,-4,-8,-3,11,11,4,11,5,2,-4,1,16,30,9,7,4,-1,15,25,35,43,23,18,0,-2,7,32,28,44,23,19,5,2
2025-04-22 16:23:46.22,s,1,3,1,-2,9,16,8,-1,-29,-4,0,5,14,9,8,-4,-10,-1,10,10,2,13,5,4,-5,1,16,31,10,11,6,0,18,26,37,44,20,18,2,-1,7,33,33,42,19,22,6,1
2025-04-22 16:23:46.24,s,2,17,10,9,17,24,19,15,-4,2,4,13,17,11,18,-4,-5,-2,9,15,16,12,11,4,-4,2,12,27,10,10,9,1,15,27,34,40,18,17,1,-2,7,33,31,38,17,20,5,3
2025-04-22 16:23:46.25,s,2,6,8,7,14,23,19,3,-23,-3,4,10,14,13,14,-3,-10,-5,5,10,7,14,10,8,-9,3,10,17,9,11,11,0,17,25,32,36,17,14,6,-4,9,33,26,36,19,16,7,0
2025-04-22 16:23:46.26,s,0,5,1,2,12,21,21,0,-26,-3,5,10,16,12,16,-2,-11,-7,4,12,0,17,12,14,-10,0,10,18,7,12,11,1,14,26,30,34,14,17,4,2,5,34,26,32,17,17,5,2
2025-04-22 16:23:46.27,s,0,6,5,4,14,26,23,11,-9,2,3,18,14,20,22,1,-8,-1,11,16,16,17,15,19,-9,2,11,17,8,14,18,0,17,26,30,35,16,19,6,2,10,33,29,33,15,19,7,3
2025-04-22 16:23:46.28,s,3,16,12,15,18,30,30,5,-17,2,9,18,20,19,22,1,-4,0,13,19,8,20,19,26,-8,1,15,21,5,17,19,2,17,31,36,36,13,20,10,7,11,37,29,35,15,17,5,2
2025-04-22 16:23:46.29,s,1,4,0,10,9,30,34,3,-32,-1,5,23,15,25,29,5,-5,4,18,17,4,19,22,30,-4,2,15,24,5,18,16,0,22,35,36,36,16,19,9,9,13,47,31,35,17,17,7,0
2025-04-22 16:23:46.30,s,1,3,10,10,16,32,47,15,-10,5,10,33,17,33,43,7,-1,9,29,25,19,26,29,41,-5,3,23,25,7,20,27,-2,26,38,38,35,13,19,12,9,15,53,35,33,15,18,5,2
2025-04-22 16:23:46.31,s,2,10,17,18,23,42,58,18,-16,7,15,42,23,38,52,10,5,19,36,32,17,33,38,53,3,4,31,31,4,30,25,1,26,48,42,34,14,21,15,14,18,60,39,29,9,19,6,2
2025-04-22 16:23:46.32,s,2,10,19,20,22,41,62,16,-29,5,21,48,24,47,54,14,4,24,44,33,14,37,41,59,0,3,38,36,10,30,30,0,32,49,45,28,13,20,19,16,21,63,42,26,6,18,10,0
2025-04-22 16:23:46.33,s,1,10,23,32,22,48,64,19,-8,11,28,73,30,55,62,14,9,26,56,48,30,42,46,59,2,6,48,42,9,36,36,1,32,49,50,26,9,24,19,20,18,65,39,20,0,14,12,3
2025-04-22 16:23:46.35,s,2,19,33,39,33,55,74,22,-9,12,35,85,34,62,63,18,6,31,63,51,30,48,48,63,5,5,58,48,12,40,36,1,34,52,55,29,10,28,21,24,21,65,43,22,2,18,15,2
2025-04-22 16:23:46.36,s,1,17,30,36,37,59,81,18,-30,13,37,92,38,69,74,21,8,35,71,64,24,54,59,71,6,7,70,64,20,47,38,2,34,65,69,43,16,32,25,27,19,81,56,30,6,24,15,0
2025-04-22 16:23:46.37,s,2,12,32,41,40,81,97,23,-1,17,37,101,43,91,94,28,13,40,82,76,44,68,67,83,7,8,86,74,27,59,44,2,38,76,84,53,25,37,30,35,25,100,70,42,14,33,22,2
2025-04-22 16:23:46.38,s,3,33,48,55,58,99,119,35,2,28,49,109,56,104,112,26,18,53,104,84,55,74,74,82,9,10,98,86,29,65,48,2,46,91,98,58,22,37,30,34,29,106,80,43,11,30,17,3
2025-04-22 16:23:46.39,s,2,27,34,47,48,101,110,23,-26,27,46,114,52,116,107,25,13,55,101,77,42,77,76,80,7,10,99,83,29,67,46,2,50,90,96,58,18,38,29,31,27,106,75,39,6,28,18,2
2025-04-22 16:23:46.41,s,1,12,29,39,46,101,111,17,-9,25,44,106,56,122,116,24,15,56,95,79,49,86,80,82,8,10,95,82,33,71,48,2,51,92,96,51,18,37,27,25,31,105,72,35,2,25,15,1
2025-04-22 16:23:46.42,s,5,40,49,56,65,119,124,33,17,35,49,111,65,135,126,24,22,62,101,83,70,94,89,83,12,10,98,89,34,82,55,4,54,101,100,60,24,38,29,25,35,112,77,41,8,25,11,2
2025-04-22 16:23:46.43,s,3,28,40,54,63,120,129,29,-15,40,47,109,69,144,130,27,22,69,104,87,62,105,89,84,12,11,104,101,44,91,60,1,63,105,112,66,32,46,31,27,37,120,90,47,14,34,15,1
2025-04-22 16:23:46.44,s,0,24,31,50,61,118,121,23,-7,36,41,115,68,147,132,24,24,72,101,90,70,110,94,83,14,10,103,102,51,97,63,4,60,109,110,71,38,59,37,31,35,121,89,49,18,38,18,2
2025-04-22 16:23:46.45,s,5,46,48,72,78,130,137,41,29,44,52,118,81,154,142,29,28,74,103,96,86,118,102,86,12,8,103,101,57,102,70,4,58,108,106,72,41,66,40,30,37,121,83,51,19,44,23,3
2025-04-22 16:23:46.46,s,4,35,42,66,77,130,133,30,-11,45,46,126,83,158,143,29,23,68,98,103,94,125,112,87,13,9,100,106,66,114,80,1,61,101,102,71,50,79,51,33,37,115,78,51,24,50,28,2
2025-04-22 16:23:46.48,s,2,24,37,57,84,123,128,24,-10,36,48,133,92,166,140,28,18,63,96,108,107,130,114,87,11,8,97,115,78,121,81,3,56,96,97,75,55,84,54,39,31,112,77,52,27,61,30,0
2025-04-22 16:23:46.49,s,3,37,44,67,98,135,131,34,35,38,49,145,103,167,145,32,26,62,97,115,112,139,116,87,11,7,97,120,85,124,87,2,55,96,98,75,62,85,62,39,32,112,75,54,32,61,31,3
2025-04-22 16:23:46.50,s,4,45,48,76,101,136,131,34,-11,38,49,147,105,170,138,30,20,66,98,119,119,140,114,91,10,6,102,126,92,130,84,2,57,97,103,84,65,92,61,41,33,113,80,62,36,64,31,2
2025-04-22 16:23:46.51,s,3,26,34,63,98,125,119,25,-16,35,47,141,109,164,135,28,22,63,98,119,128,139,113,87,8,10,102,130,103,134,84,4,54,100,106,85,71,95,64,39,33,112,82,68,36,70,36,0
2025-04-22 16:23:46.52,s,4,40,44,76,114,136,126,35,39,38,51,151,117,171,137,26,22,65,98,123,132,144,112,85,10,9,99,134,102,136,86,1,56,95,102,86,74,96,62,40,32,112,81,67,38,70,36,2
2025-04-22 16:23:46.53,s,4,38,39,73,110,134,123,30,-13,34,40,153,118,174,135,28,18,53,90,121,136,146,109,85,6,8,95,131,106,136,83,4,53,95,98,84,73,94,61,34,33,107,77,64,40,68,31,1
2025-04-22 16:23:46.54,s,3,29,38,70,117,133,129,27,-24,28,43,155,129,182,146,26,17,51,92,126,145,154,117,88,5,10,94,139,114,143,91,2,54,93,97,86,78,99,65,33,29,111,74,69,41,72,34,0
2025-04-22 16:23:46.55,s,4,34,44,78,129,140,139,39,37,36,53,169,137,194,153,28,21,60,97,134,157,157,125,91,6,9,96,144,119,153,99,2,56,91,103,87,82,105,72,39,33,108,75,69,42,77,37,2
2025-04-22 16:23:46.56,s,4,45,51,83,135,145,142,39,0,42,51,174,141,194,154,30,21,54,96,132,159,160,126,93,6,7,96,140,122,151,100,3,50,91,97,86,81,107,68,40,29,107,70,67,43,77,37,2
2025-04-22 16:23:46.57,s,3,38,43,76,133,138,136,27,-22,34,50,168,141,191,151,29,15,54,92,130,162,158,128,90,5,9,92,144,125,152,102,1,52,85,96,88,83,108,72,39,30,101,70,70,43,78,38,0
2025-04-22 16:23:46.58,s,2,37,42,79,130,142,134,35,35,37,53,171,144,192,155,26,21,54,92,134,160,159,125,91,5,5,94,144,126,154,99,4,49,89,96,88,84,109,73,40,30,100,67,73,44,80,39,2
2025-04-22 16:23:46.60,s,6,48,61,95,144,151,140,45,16,48,57,176,146,191,151,26,23,57,95,136,164,160,122,90,6,10,94,144,129,151,99,4,50,90,97,87,88,107,73,42,28,104,70,70,48,78,38,0
2025-04-22 16:23:46.61,s,2,37,44,74,124,132,126,25,-18,42,51,170,137,186,142,25,17,57,92,137,153,156,118,86,8,8,94,146,122,152,92,1,54,89,94,91,85,105,68,40,28,105,69,70,47,75,38,0
2025-04-22 16:23:46.62,s,0,27,33,67,115,125,119,25,18,41,49,167,134,182,143,25,21,57,89,134,156,152,117,82,8,9,91,145,119,148,89,2,55,87,93,88,82,102,67,35,27,104,67,66,45,74,35,1
2025-04-22 16:23:46.64,s,10,58,56,92,133,145,132,40,36,54,54,177,138,190,143,25,24,63,93,134,161,155,115,83,8,8,93,143,123,147,89,3,52,92,95,86,84,106,65,39,32,103,66,72,44,76,37,3
2025-04-22 16:23:46.65,s,4,43,49,78,126,133,123,24,-11,50,54,174,135,188,142,27,20,61,93,143,155,157,117,82,10,9,92,148,123,151,93,2,55,88,93,91,84,107,69,40,29,105,66,73,47,74,38,1
2025-04-22 16:23:46.66,s,1,35,36,73,115,129,118,19,15,49,52,170,137,183,140,25,20,63,93,135,156,157,116,83,8,9,90,149,123,151,91,4,50,90,93,87,84,107,69,41,29,104,69,71,45,76,37,1
2025-04-22 16:23:46.67,s,11,64,64,97,142,146,136,42,52,61,64,182,145,190,146,25,26,66,98,140,171,157,119,83,9,9,95,150,128,150,97,1,54,86,95,90,87,106,72,40,31,101,67,73,49,76,38,3
2025-04-22 16:23:46.68,s,4,48,50,81,127,138,122,25,-10,58,56,178,140,188,143,27,22,60,96,136,158,155,119,83,5,6,96,147,127,152,94,4,50,85,97,89,89,107,71,42,29,100,69,73,47,77,37,0
2025-04-22 16:23:46.70,s,3,40,44,74,124,133,118,22,9,53,52,177,135,186,139,24,20,56,92,136,158,157,116,83,4,8,91,147,125,148,93,2,51,84,92,88,84,108,69,42,29,97,66,68,45,76,37,0
2025-04-22 16:23:46.71,s,4,52,50,88,133,139,127,38,49,59,57,180,140,189,141,24,23,58,92,137,164,154,117,82,5,9,87,146,125,146,89,2,50,82,87,87,81,107,65,39,29,96,61,65,44,76,37,2
2025-04-22 16:23:46.72,s,4,54,54,89,130,141,128,32,-6,54,52,177,137,185,143,24,18,55,87,133,155,156,113,82,2,9,82,145,122,145,91,2,48,82,84,86,81,101,68,38,26,97,57,67,43,73,37,0
2025-04-22 16:23:46.73,s,2,35,41,75,120,129,122,22,-3,45,52,171,132,184,142,25,16,51,84,134,153,153,113,82,2,9,81,144,122,144,86,3,46,82,84,85,81,102,64,35,27,93,58,65,43,70,35,0
2025-04-22 16:23:46.74,s,4,43,50,80,127,136,129,34,50,51,57,176,137,188,142,25,22,51,89,136,161,156,117,83,6,8,85,143,121,144,92,2,49,78,87,86,80,105,66,40,26,97,59,63,40,76,38,2
2025-04-22 16:23:46.75,s,6,51,54,87,130,139,130,29,8,53,59,175,139,184,144,25,20,53,88,136,158,154,118,82,6,8,86,143,122,147,89,2,48,79,88,86,81,105,71,40,29,92,62,67,41,76,38,0
2025-04-22 16:23:46.76,s,3,49,49,78,124,130,123,21,-7,50,59,173,133,185,140,28,15,51,89,134,151,155,115,86,4,8,85,143,121,150,89,3,46,80,87,87,82,102,71,44,28,91,62,67,41,76,39,0
2025-04-22 16:23:46.78,s,3,46,52,84,124,138,124,35,46,59,61,178,140,184,145,25,23,54,94,138,161,155,117,82,5,9,88,141,124,146,91,3,45,81,87,86,82,102,71,42,25,93,58,64,44,72,38,2
2025-04-22 16:23:46.79,s,5,61,61,90,133,139,131,32,13,57,66,177,141,185,145,25,21,52,97,138,159,154,115,82,5,9,88,146,123,145,94,2,46,82,88,87,84,104,70,42,27,93,60,66,45,75,38,3
2025-04-22 16:23:46.80,s,3,44,49,80,122,130,123,22,-14,52,60,177,132,184,139,25,16,50,93,137,150,152,115,82,3,8,88,142,119,143,90,2,46,77,87,87,77,102,67,40,26,88,61,64,41,72,37,0
2025-04-22 16:23:46.81,s,4,48,52,86,123,137,126,33,39,55,61,179,133,185,146,25,20,49,93,137,153,153,115,80,4,8,87,142,116,144,89,3,42,78,86,83,78,100,64,40,23,91,60,61,39,73,36,2
2025-04-22 16:23:46.82,s,9,62,68,99,133,147,135,43,22,58,64,182,135,186,146,28,18,54,95,134,155,151,114,85,2,8,87,139,116,142,88,2,46,78,86,82,77,98,67,40,25,90,57,64,38,72,36,3
2025-04-22 16:23:46.83,s,4,43,50,80,118,130,120,25,-18,53,60,175,128,180,142,29,14,49,93,135,142,150,115,84,4,6,88,137,113,139,86,2,43,78,87,80,74,98,62,40,25,90,58,57,41,68,33,-1
2025-04-22 16:23:46.84,s,3,34,44,73,110,122,121,26,19,53,65,172,125,175,142,27,18,55,96,130,143,146,112,87,3,6,90,134,110,136,85,3,45,79,89,79,73,97,62,42,24,91,62,56,39,67,33,0
2025-04-22 16:23:46.85,s,9,67,65,98,118,140,135,41,35,59,73,177,124,176,148,30,24,57,101,131,139,145,115,91,6,6,93,131,102,132,85,3,49,82,87,83,67,90,65,43,29,95,63,56,33,64,35,3
2025-04-22 16:23:46.86,s,4,46,53,81,97,126,124,25,-10,55,69,169,105,163,143,29,21,63,98,129,116,132,113,90,5,8,95,127,86,121,80,3,50,87,93,75,57,86,59,43,32,99,67,52,27,60,30,-1
2025-04-22 16:23:46.87,s,1,41,43,73,72,113,114,22,13,58,68,170,89,156,141,32,25,74,109,123,103,125,109,93,8,11,99,127,77,110,80,2,56,95,97,79,55,78,52,40,32,110,74,53,25,54,26,2
2025-04-22 16:23:46.88,s,10,72,74,93,88,125,135,42,56,72,85,179,87,151,146,36,34,89,121,128,103,122,114,101,14,8,113,126,74,106,83,2,61,101,110,82,52,76,55,41,37,114,83,58,27,49,27,5
2025-04-22 16:23:46.90,s,3,54,63,79,72,110,122,26,-3,69,81,174,75,139,143,36,31,90,124,126,84,116,115,101,17,11,120,128,63,105,79,4,62,108,118,83,51,68,55,42,39,117,92,65,26,48,24,1
2025-04-22 16:23:46.91,s,3,41,56,75,60,107,118,23,9,62,80,168,68,137,143,37,32,93,127,123,75,111,114,103,17,14,123,127,60,96,77,4,64,114,121,81,45,62,49,41,39,122,95,62,24,42,26,1
2025-04-22 16:23:46.92,s,4,45,63,80,68,110,126,38,48,58,79,172,68,138,145,39,37,95,131,121,77,107,113,106,17,12,121,128,50,94,79,2,67,112,124,85,42,57,51,43,44,120,98,65,22,40,21,3
2025-04-22 16:23:46.93,s,5,41,57,81,62,107,124,32,-14,35,65,161,63,131,142,37,31,87,125,114,65,99,113,105,20,11,120,119,45,86,76,2,65,110,121,82,37,46,44,38,40,120,97,65,18,31,19,1
2025-04-22 16:23:46.94,s,1,7,35,59,48,90,112,21,-27,9,44,140,52,114,134,33,24,72,113,100,47,84,102,100,17,9,110,104,26,65,62,3,56,101,111,67,18,25,30,30,37,114,89,54,5,9,7,1
2025-04-22 16:23:46.95,s,0,11,28,58,41,83,111,31,2,5,38,117,47,95,125,25,25,60,105,83,45,62,83,89,10,10,95,83,20,38,47,2,50,91,98,57,12,5,14,22,32,105,80,42,0,2,0,3
2025-04-22 16:23:46.96,s,3,5,23,43,32,69,96,23,-21,-1,30,90,39,77,102,18,15,46,84,68,30,38,64,76,8,6,83,67,13,23,29,1,46,81,85,49,9,2,11,15,31,97,70,41,0,-2,2,0
2025-04-22 16:23:46.97,s,1,4,16,24,21,44,78,16,-39,-4,19,61,24,46,73,15,9,35,68,49,11,19,45,61,6,6,64,55,11,14,17,1,40,70,73,44,8,3,7,11,26,88,63,41,3,2,2,1
2025-04-22 16:23:46.98,s,-2,-4,5,9,12,26,49,13,-13,-6,9,33,17,23,48,7,9,23,46,31,24,16,30,44,4,5,43,42,9,9,13,2,32,60,61,42,12,2,0,5,21,75,56,39,7,4,-1,1
2025-04-22 16:23:47.00,s,1,10,7,7,13,23,39,10,-19,-6,5,16,14,12,28,0,1,8,23,23,12,10,19,31,1,2,27,31,3,7,7,0,30,44,52,42,15,1,-2,-1,19,64,50,39,10,5,-1,2
2025-04-22 16:23:47.01,s,0,0,3,0,9,16,28,2,-37,-8,-3,10,8,6,20,-2,-6,-1,15,10,-1,4,11,19,-2,2,15,26,2,0,-1,0,24,35,47,42,13,1,-4,-6,14,51,41,41,11,1,-4,-1
2025-04-22 16:23:47.02,s,0,3,-2,0,1,12,15,2,-21,-9,-1,1,9,-3,12,-5,0,-3,9,8,4,0,3,11,-4,1,11,27,3,-4,-4,1,16,29,45,39,16,1,-10,-8,8,36,38,38,12,3,-3,2
2025-04-22 16:23:47.04,s,4,16,18,10,16,16,16,10,-15,-4,0,7,8,-3,3,-10,2,1,10,10,9,-1,0,2,-1,0,10,23,2,-7,-4,0,18,26,29,35,10,-4,-10,-15,9,29,22,31,11,1,-4,2
2025-04-22 16:23:47.05,s,1,3,3,2,6,10,-4,-7,-30,-10,-5,3,4,-12,-4,-9,0,1,7,4,-4,-7,-7,-6,-4,3,4,20,3,-10,-8,0,15,20,21,31,10,-2,-10,-16,6,24,13,25,13,1,-4,-1
2025-04-22 16:23:47.06,s,-2,-7,-12,-6,-7,1,-14,-9,-35,-14,-4,-1,4,-16,-9,-14,0,1,4,9,-6,-5,-6,-9,0,1,5,21,1,-8,-9,-1,16,19,17,26,12,-3,-12,-15,2,23,12,25,10,1,-5,-1
2025-04-22 16:23:47.07,s,2,3,5,1,5,7,-11,3,-13,-12,0,2,6,-15,-5,-14,3,5,7,9,7,-6,-8,-10,-2,1,6,15,3,-8,-7,1,13,21,16,25,8,-2,-14,-15,5,20,11,23,10,1,-6,0
2025-04-22 16:23:47.08,s,0,1,-4,0,-3,5,-12,-7,-30,-10,-3,5,3,-13,-10,-9,1,3,5,9,-7,-4,-9,-8,-2,-2,7,19,3,-8,-5,-1,19,23,15,30,10,-4,-13,-17,5,26,13,26,10,1,-4,0
2025-04-22 16:23:47.09,s,-3,-7,-9,-9,-8,1,-17,-14,-33,-13,-3,-1,4,-17,-10,-11,2,5,5,11,-9,-6,-5,-8,-3,2,7,19,1,-7,-11,0,17,27,18,26,10,-4,-15,-17,9,27,9,27,9,4,-5,-1
2025-04-22 16:23:47.10,s,2,6,8,1,5,6,-7,7,-9,-9,2,4,6,-14,-1,-10,6,11,8,12,11,-5,-7,-9,2,1,8,18,1,-6,-4,-3,16,25,17,25,6,-2,-12,-17,9,25,7,24,8,0,-5,0
2025-04-22 16:23:47.11,s,1,-2,1,-4,1,1,-10,-7,-27,-9,1,3,6,-16,-10,-12,6,8,6,11,-5,-6,-6,-5,-2,0,7,15,-1,-10,-7,0,17,20,10,21,5,-7,-16,-15,4,24,6,17,8,-1,-5,0
2025-04-22 16:23:47.12,s,0,-2,-4,-3,-3,5,-15,-9,-35,-6,-1,0,5,-19,-11,-11,5,6,4,8,-12,-5,-9,-8,-2,2,3,14,-1,-9,-9,-2,15,16,8,17,4,-5,-15,-18,5,19,1,17,4,-3,-6,-1
2025-04-22 16:23:47.14,s,-1,-3,-6,-4,-5,3,-14,-1,-13,-7,-3,6,1,-13,-3,-11,7,11,6,12,4,-5,-6,-10,3,1,7,10,3,-9,-4,-3,16,15,7,15,4,-6,-14,-14,3,17,1,15,4,-3,-7,0
2025-04-22 16:23:47.15,s,1,10,3,4,0,7,-13,-4,-20,-2,2,4,3,-14,-10,-12,8,11,8,9,0,-5,-8,-8,0,2,7,10,3,-7,-7,-2,15,17,5,18,5,-6,-14,-13,3,18,1,15,6,1,-3,0
2025-04-22 16:23:47.16,s,1,0,-4,-2,-3,5,-18,-14,-31,-6,-2,5,1,-14,-9,-10,6,13,7,8,-9,-5,-5,-10,2,1,8,11,1,-8,-9,0,14,15,7,18,6,-5,-14,-12,2,20,3,12,8,-1,-4,-1
2025-04-22 16:23:47.17,s,1,-3,-1,-5,-1,2,-14,3,-17,-3,-1,5,6,-16,-4,-9,7,10,10,8,3,-4,-6,-7,1,0,8,10,1,-8,-5,-2,13,14,6,17,2,-4,-13,-10,1,19,1,16,6,-2,-5,-1
2025-04-22 16:23:47.18,s,0,3,-4,1,-3,5,-15,-2,-23,-1,-1,5,6,-16,-4,-9,9,10,8,9,-4,-2,-7,-9,1,0,17,9,2,-8,-7,0,11,14,9,19,4,-7,-13,-12,2,18,2,12,6,-3,-3,0
2025-04-22 16:23:47.19,s,-2,2,0,-5,0,1,-14,-9,-32,-6,1,2,1,-15,-10,-10,4,7,8,6,-11,-8,-6,-11,1,2,6,10,-3,-8,-8,0,13,15,6,14,5,-8,-11,-15,2,18,2,10,5,-3,-6,-1
2025-04-22 16:23:47.20,s,0,-5,-3,-7,-1,1,-16,0,-19,-6,1,0,6,-15,-3,-9,4,9,11,6,1,-5,-7,-10,-2,0,7,10,1,-10,-4,-2,11,13,5,17,2,-4,-13,-13,0,16,2,11,3,-3,-5,0
2025-04-22 16:23:47.21,s,1,3,2,1,4,6,-12,-2,-18,-1,0,6,6,-15,-7,-11,4,10,9,4,1,-6,-6,-11,0,1,7,10,-2,-9,-2,-1,11,14,5,17,3,-7,-11,-16,4,14,-1,12,1,-6,-4,-1
2025-04-22 16:23:47.22,s,1,0,0,-2,1,1,-13,-11,-30,-5,3,1,6,-13,-9,-11,4,11,11,4,-9,-3,-5,-7,-2,0,10,9,-1,-7,-8,0,10,11,9,13,4,-5,-15,-16,-1,18,1,14,3,-5,-7,0
2025-04-22 16:23:47.24,s,-2,2,1,-5,0,2,-14,-3,-19,-6,1,-1,6,-15,-5,-11,6,11,11,5,0,-4,-7,-6,-1,1,13,13,3,-5,-7,1,10,16,9,21,5,-6,-12,-14,2,18,2,18,4,-3,-4,-1
2025-04-22 16:23:47.25,s,5,19,18,15,12,16,-5,10,-11,-1,7,5,11,-10,-4,-10,10,15,16,14,8,-2,-2,-9,2,2,13,19,3,-4,-2,0,13,19,15,23,8,-1,-11,-10,4,22,5,20,8,-1,-3,2
2025-04-22 16:23:47.26,s,1,2,-4,0,-1,3,-11,-6,-30,1,2,5,6,-12,-4,-6,6,13,19,11,-1,-2,-5,-4,1,1,19,22,6,-4,-1,-2,15,19,15,29,11,-2,-9,-7,3,21,11,23,8,1,-1,-1
2025-04-22 16:23:47.27,open,0,-2,-7,-8,-4,-2,-15,-8,-31,-3,-1,4,6,-14,-9,-10,9,15,13,14,-2,-2,-1,-6,2,3,15,25,6,-6,-2,-2,15,18,15,28,10,-1,-5,-6,3,23,7,22,11,2,-1,0
2025-04-22 16:23:47.28,open,2,8,5,0,5,6,-9,7,-8,-2,6,3,10,-12,0,-8,10,16,16,16,12,0,0,-6,2,1,18,21,9,-4,4,-2,15,18,17,29,10,2,-7,-5,5,21,9,22,9,4,0,2
2025-04-22 16:23:47.29,open,2,1,1,-2,4,5,-12,-6,-27,1,4,4,7,-15,-5,-6,7,13,15,14,-1,-2,-4,-7,-2,2,13,23,7,-6,-2,-2,13,20,15,27,11,-3,-4,-10,4,21,5,22,9,4,-3,0
2025-04-22 16:23:47.30,open,0,-2,-8,-4,-6,3,-20,-13,-29,-4,-2,3,4,-13,-9,-8,5,15,13,11,-3,-1,-5,-5,-2,0,15,19,9,-4,-3,1,11,14,13,28,9,3,-7,-6,3,17,9,21,9,4,-2,0
2025-04-22 16:23:47.32,open,1,10,4,4,2,7,-8,9,-8,1,4,7,10,-10,2,-9,11,14,18,15,13,3,-3,-4,-2,1,17,22,7,-1,2,1,10,14,16,27,13,2,-7,-7,1,20,6,24,10,5,0,2
2025-04-22 16:23:47.33,open,1,4,3,-1,4,6,-11,-3,-24,0,4,2,9,-14,-4,-9,8,14,15,10,1,0,-4,-3,-2,1,16,21,9,-3,-1,0,10,18,15,27,14,3,-5,-4,4,19,6,25,10,4,-1,1
2025-04-22 16:23:47.34,open,-2,4,-3,1,1,5,-11,-9,-28,-3,4,4,8,-12,-8,-8,6,16,14,11,-3,-2,-4,-6,2,2,14,25,6,-4,-4,0,10,20,16,28,12,3,-6,-5,1,21,10,23,11,6,0,0
2025-04-22 16:23:47.35,open,0,-2,-1,-5,1,6,-15,1,-10,-2,0,6,5,-8,-1,-7,9,16,15,17,9,3,-2,-6,3,2,15,23,5,-2,3,-2,14,17,17,28,12,2,-5,-4,4,19,10,25,9,6,0,0
2025-04-22 16:23:47.36,open,1,9,7,1,6,7,-7,-3,-21,-3,5,3,9,-12,-1,-5,8,13,15,15,1,3,-2,-3,-2,3,14,19,5,-2,1,-1,15,16,15,28,9,2,-4,-8,4,23,7,20,10,3,3,0
2025-04-22 16:23:47.38,open,0,1,0,-1,-2,9,-14,-10,-34,1,0,5,6,-13,-3,-9,7,9,12,8,-10,2,-3,-8,2,1,13,15,4,-4,-2,-2,13,13,13,22,6,-2,-7,-10,4,17,5,20,6,0,0,0
2025-04-22 16:23:47.39,open,0,-5,-3,-7,0,1,-13,2,-15,-2,2,4,6,-12,2,-9,8,10,11,8,2,2,-4,-4,-3,1,10,10,3,-5,-2,0,9,13,10,18,4,-1,-7,-11,1,16,2,12,7,-3,-1,0
2025-04-22 16:23:47.40,open,1,4,-1,2,1,5,-10,-4,-19,-4,4,3,5,-8,-3,-7,5,12,10,7,-2,1,-4,-4,1,1,8,11,2,-6,1,0,9,11,6,18,2,-3,-10,-10,-1,16,1,12,6,-3,-4,2
2025-04-22 16:23:47.41,open,1,0,0,-5,1,5,-10,-10,-31,-3,2,1,6,-10,-6,-8,2,7,9,3,-10,-2,-2,-5,-2,1,7,9,1,-6,-2,-2,9,9,6,16,1,-3,-10,-10,-1,13,1,11,1,0,-3,1
2025-04-22 16:23:47.42,open,1,-3,-4,-1,-2,7,-12,0,-17,-4,3,3,8,-12,1,-7,5,9,10,7,-1,2,-4,-5,-2,-2,8,9,2,-5,-3,0,9,9,8,17,3,-4,-8,-14,2,11,3,14,2,-3,-4,2
2025-04-22 16:23:47.43,open,2,5,4,1,1,10,-11,0,-21,2,2,6,6,-7,-2,-7,5,8,10,7,-2,1,-4,-6,-3,2,7,13,1,-7,3,-3,11,11,9,18,3,0,-9,-9,1,17,4,12,6,-2,-1,2
2025-04-22 16:23:47.44,open,0,2,0,-1,2,7,-11,-8,-27,-3,4,5,6,-12,-4,-8,6,9,8,8,-7,2,-2,-5,0,2,9,17,2,-2,-2,-1,10,14,9,22,5,1,-8,-8,1,19,3,19,9,0,-1,0
2025-04-22 16:23:47.45,open,1,5,3,2,-1,6,-11,-1,-18,-2,-1,5,5,-9,-3,-8,4,8,9,9,-4,3,-2,-8,1,3,8,17,2,-5,1,-2,12,15,9,22,6,-3,-10,-11,2,18,4,19,8,0,-2,0
2025-04-22 16:23:47.46,open,4,19,13,15,11,17,0,13,-9,1,7,6,12,-8,3,-9,9,11,11,10,8,2,1,-6,2,2,13,17,2,-1,5,-2,12,15,10,25,8,-3,-9,-9,3,18,7,17,9,0,-3,2
2025-04-22 16:23:47.47,open,1,2,0,2,1,10,-9,-3,-29,2,3,6,7,-7,-2,-7,6,9,10,8,-7,3,0,-5,0,1,10,16,2,-5,1,-2,11,15,12,18,8,-2,-8,-8,2,15,5,16,6,0,-2,0
2025-04-22 16:23:47.48,open,1,-5,-9,-5,-8,5,-16,-11,-27,-5,2,0,7,-11,-1,-6,4,8,9,8,-8,3,0,-6,0,1,7,15,2,-2,0,-1,11,15,8,20,7,-3,-9,-9,0,16,3,15,8,-2,-4,-1
2025-04-22 16:23:47.50,open,2,7,3,0,5,10,-8,7,-12,4,4,4,10,-8,5,-7,8,10,10,10,10,2,1,-4,-3,2,8,14,5,-5,5,0,9,14,9,18,4,-1,-7,-12,3,15,2,17,6,-1,-3,2
2025-04-22 16:23:47.51,open,1,4,-1,2,-1,10,-9,-6,-24,-2,1,6,7,-11,-2,-9,2,8,7,8,-5,3,-3,-3,-3,0,10,11,3,-4,-2,1,7,14,9,15,6,-3,-8,-10,-1,16,4,15,7,-2,-1,-1
2025-04-22 16:23:47.52,open,0,-7,-7,-9,-3,1,-17,-13,-30,-5,2,2,3,-9,-5,-9,3,7,9,6,-10,3,-2,-3,0,0,11,11,5,-4,-2,0,7,15,8,20,5,0,-5,-13,3,13,5,17,4,1,0,0
2025-04-22 16:23:47.53,open,1,12,5,7,7,11,-5,7,-5,0,7,6,8,-5,2,-7,4,13,10,11,12,2,0,-4,-2,-2,11,14,3,-5,5,-1,11,14,8,20,8,-4,-7,-10,2,16,3,15,8,-2,0,1
2025-04-22 16:23:47.55,open,1,6,0,0,4,8,-6,-1,-24,-2,5,4,11,-8,-1,-6,7,10,12,11,-1,2,1,-4,1,1,12,19,7,-3,3,-2,14,15,15,23,10,0,-5,-10,5,18,7,22,7,4,-2,0
2025-04-22 16:23:47.56,open,0,3,0,2,3,9,-6,-5,-29,-3,5,5,6,-7,-4,-7,2,14,12,10,-4,3,-2,-5,-1,3,12,21,6,-1,-1,-2,14,19,14,30,10,-1,-3,-9,4,21,6,26,10,1,2,0
2025-04-22 16:23:47.57,open,-1,0,0,-4,1,7,-6,7,-13,3,1,9,8,-4,5,-7,7,16,13,16,11,4,3,-3,1,2,16,21,5,1,4,1,12,21,15,29,13,2,-7,-7,3,24,8,25,11,5,-1,0
2025-04-22 16:23:47.58,open,1,10,8,4,9,12,-2,2,-17,1,7,6,11,-6,4,-7,8,13,17,12,3,7,0,0,2,1,18,22,5,3,0,0,12,20,17,27,12,2,-5,-6,3,24,8,26,11,3,2,0
2025-04-22 16:23:47.59,open,0,2,0,1,1,11,-9,-9,-33,1,2,7,7,-5,-3,-7,4,14,14,10,-4,8,2,-3,2,1,16,21,5,2,0,0,14,18,17,31,11,4,-4,-8,5,24,7,27,12,3,-1,0
2025-04-22 16:23:47.60,open,1,2,2,-1,0,13,-7,3,-10,0,7,5,9,-2,4,-7,6,12,14,14,8,8,1,0,1,1,16,19,5,2,3,0,13,19,18,26,11,4,-5,-5,2,22,9,25,12,3,0,0
2025-04-22 16:23:47.61,open,2,9,7,3,4,16,-5,-1,-16,0,6,6,13,-5,4,-4,5,13,13,12,6,6,2,-2,0,3,12,21,7,-1,3,-1,13,17,15,28,9,4,-5,-5,5,20,6,25,12,3,2,0
2025-04-22 16:23:47.62,open,1,3,2,-1,4,9,-5,-7,-29,-2,5,4,9,-6,1,-6,5,8,15,8,-4,6,0,-1,-3,1,12,22,5,2,1,0,10,19,18,27,10,4,-4,-5,2,20,11,24,10,6,0,0
2025-04-22 16:23:47.63,open,0,3,-1,-4,4,8,-5,2,-15,-2,3,6,7,-4,1,-6,2,11,12,11,6,5,1,-2,1,1,14,20,4,2,5,-2,14,15,16,29,11,2,-4,-5,5,18,9,23,8,5,0,2
2025-04-22 16:23:47.65,open,1,8,8,3,7,11,-1,4,-18,2,3,9,11,-5,4,-3,5,7,15,9,5,6,0,-2,0,1,14,21,4,2,3,0,12,18,19,28,11,3,-2,-7,7,21,10,25,14,4,2,1
2025-04-22 16:23:47.66,open,-3,5,-1,3,1,14,-7,-6,-31,0,3,8,8,-4,-2,-6,1,9,11,9,-2,3,3,-4,0,2,12,19,4,2,1,0,10,18,16,28,11,4,-4,-5,3,21,11,25,10,6,1,2
2025-04-22 16:23:47.67,s,-2,5,-1,1,-1,11,-8,-2,-18,-4,3,3,9,-8,3,-4,1,3,11,8,-2,5,0,-4,0,1,14,17,6,1,0,0,10,19,17,28,12,0,-3,-8,2,22,10,24,9,7,1,0
2025-04-22 16:23:47.68,s,6,26,19,14,17,22,8,13,-8,1,9,11,11,1,7,-4,3,7,16,15,9,10,4,-2,1,1,15,22,7,0,9,-2,14,17,20,32,11,5,-3,-8,5,20,11,28,10,6,-1,3
2025-04-22 16:23:47.69,s,2,10,2,5,6,17,4,0,-29,2,5,7,14,-2,5,-6,0,6,9,12,-2,9,2,2,-5,1,13,18,7,3,1,1,13,18,17,33,10,5,-3,-8,4,20,13,26,12,5,-2,0
2025-04-22 16:23:47.70,s,0,-5,-4,-5,2,12,2,-5,-26,-3,4,10,9,4,10,-2,-4,6,12,10,0,9,4,3,-5,1,15,21,9,3,4,-2,13,19,23,33,10,5,-2,-5,4,20,14,28,13,5,0,0
2025-04-22 16:23:47.72,s,0,10,5,9,8,23,9,9,-8,1,8,14,13,8,15,-2,0,4,15,14,15,11,5,4,-5,2,12,27,5,7,11,-2,15,20,24,35,12,5,-1,-9,7,23,11,33,12,4,-1,1
2025-04-22 16:23:47.73,s,0,7,1,4,7,22,10,1,-29,2,5,15,12,9,12,-1,-4,2,12,11,1,12,8,6,-7,2,14,23,10,7,6,0,11,23,28,35,12,6,-2,-4,3,22,14,34,11,8,2,1
2025-04-22 16:23:47.74,s,0,1,-3,-1,6,16,14,-5,-29,-1,7,16,13,7,14,1,-6,1,13,14,-2,10,12,9,-5,2,13,24,7,6,10,-1,17,22,28,38,13,10,0,-2,4,27,18,33,14,8,0,2
2025-04-22 16:23:47.75,s,3,12,13,10,16,25,26,14,-4,3,13,20,15,16,20,1,-4,5,18,20,18,18,13,19,-7,3,14,29,9,11,17,-2,19,27,32,43,18,12,3,2,5,34,21,35,15,12,2,2
2025-04-22 16:23:47.76,s,2,6,5,9,12,28,27,5,-21,2,13,21,19,15,20,4,-4,3,18,22,7,20,20,20,-2,1,21,31,9,16,19,-2,21,30,33,44,19,12,9,4,8,37,25,40,17,12,5,1
2025-04-22 16:23:47.77,s,-2,4,4,9,12,26,34,3,-30,0,12,23,16,18,23,2,-4,5,18,24,2,20,21,29,-5,1,21,29,12,16,15,2,17,35,37,39,20,14,7,9,9,43,30,39,16,14,4,0
2025-04-22 16:23:47.78,s,0,3,5,15,13,33,40,13,-8,4,16,33,24,26,41,4,1,11,28,34,26,25,30,36,-3,2,26,37,13,18,26,2,21,34,41,42,21,20,13,12,10,46,34,39,20,15,4,2
2025-04-22 16:23:47.79,s,2,16,12,24,17,39,51,18,-21,5,19,39,27,30,41,7,-1,18,35,34,20,27,30,43,-5,0,34,37,14,22,22,1,23,38,42,42,18,18,14,10,15,49,35,40,16,14,6,2
2025-04-22 16:23:47.80,s,0,9,10,24,20,37,52,13,-32,5,23,51,27,38,49,14,0,21,45,41,13,33,38,50,1,4,40,47,11,27,26,1,25,43,47,41,20,22,17,18,17,54,35,40,16,20,8,0
2025-04-22 16:23:47.82,s,0,6,16,33,22,45,57,17,-6,8,28,76,31,50,59,14,7,26,51,59,36,40,45,56,2,4,50,55,13,33,36,-1,31,46,50,45,19,25,22,17,18,60,39,39,16,17,10,2
2025-04-22 16:23:47.83,s,3,11,24,34,30,45,62,17,-16,9,30,90,35,56,61,19,8,32,64,67,30,47,49,64,2,4,64,64,18,38,38,0,34,53,63,51,20,29,23,22,21,65,51,44,16,18,12,1
2025-04-22 16:23:47.84,s,1,12,23,34,32,46,68,15,-33,9,31,91,36,58,62,16,12,34,67,71,22,53,49,63,6,8,67,72,20,43,34,0,37,63,71,52,21,32,23,25,19,75,53,44,17,25,14,1
2025-04-22 16:23:47.85,s,1,10,31,40,39,56,80,25,-6,15,37,99,45,68,75,21,13,42,76,80,51,56,53,66,9,8,77,81,27,46,43,1,43,77,81,62,27,32,25,20,27,92,65,47,18,26,12,3
2025-04-22 16:23:47.86,s,3,19,36,49,50,85,106,27,-13,14,45,116,51,95,90,24,17,47,84,89,54,66,67,76,11,9,94,95,33,57,44,3,49,92,99,69,32,33,27,24,33,114,79,57,18,28,12,3
2025-04-22 16:23:47.88,s,1,17,31,51,56,96,115,24,-37,16,46,113,62,109,110,24,18,56,111,96,50,77,70,82,12,10,111,110,38,62,42,1,58,103,118,76,30,35,21,23,35,115,95,62,19,21,9,1
2025-04-22 16:23:47.89,s,2,14,33,57,59,101,119,24,-5,18,52,121,64,126,118,23,19,66,115,102,69,82,82,81,11,12,115,112,48,68,45,4,59,110,124,79,34,40,24,25,39,119,97,67,19,26,12,2
2025-04-22 16:23:47.90,s,11,39,57,68,78,120,132,40,0,27,51,129,75,134,124,23,20,70,109,105,81,94,84,81,14,9,114,112,50,77,51,3,62,110,119,78,38,43,27,26,39,119,97,63,18,30,12,2
2025-04-22 16:23:47.91,s,3,20,37,51,70,111,124,25,-30,20,49,118,73,138,118,22,16,69,104,102,80,97,83,78,10,12,109,113,57,80,48,3,63,112,117,79,43,45,27,20,40,124,95,61,23,30,12,0
2025-04-22 16:23:47.92,s,0,10,25,40,66,109,121,26,-19,22,43,111,79,139,125,18,22,66,102,100,84,101,84,77,11,9,111,113,63,90,51,3,65,110,120,81,46,51,27,19,39,122,93,67,24,37,13,2
2025-04-22 16:23:47.93,s,4,28,37,52,80,119,130,35,9,24,46,115,87,146,130,22,23,69,105,102,95,109,88,76,16,10,109,117,67,94,60,3,66,113,119,82,56,60,30,22,41,123,97,67,30,42,12,4
2025-04-22 16:23:47.94,s,3,24,33,51,76,122,126,29,-26,24,42,113,87,152,127,21,21,67,103,103,95,116,87,77,15,10,110,120,76,98,59,2,67,113,120,87,58,73,31,22,42,121,99,71,31,47,17,2
2025-04-22 16:23:47.95,s,1,10,21,39,79,111,119,21,-22,18,37,115,92,154,124,18,17,62,93,107,105,117,88,74,13,8,107,121,83,106,62,2,64,108,116,84,64,75,39,18,40,120,97,72,33,54,19,0
2025-04-22 16:23:47.97,s,4,32,43,65,108,133,130,41,17,26,40,132,110,169,132,21,22,57,96,115,127,132,92,79,12,9,107,129,95,120,68,5,62,106,119,87,70,84,46,18,40,118,97,74,38,62,20,2
2025-04-22 16:23:47.98,s,2,24,30,64,110,130,124,30,-30,20,36,141,123,171,131,16,14,46,93,120,133,142,96,75,9,10,106,137,105,130,67,4,58,106,118,89,78,90,45,17,35,121,93,78,44,61,23,0
2025-04-22 16:23:47.99,s,2,17,28,62,118,130,125,25,-26,13,38,147,126,180,135,21,10,48,93,126,145,145,102,76,6,12,108,146,115,137,72,2,58,108,121,91,83,95,43,17,37,122,97,84,47,66,20,2
2025-04-22 16:23:48.00,s,3,19,30,65,124,133,131,34,16,19,41,150,136,182,135,17,16,49,95,129,155,149,103,78,6,10,107,145,118,137,76,3,61,105,122,91,84,97,45,18,41,121,95,79,49,66,23,2
2025-04-22 16:23:48.01,s,4,29,33,72,126,134,130,32,-18,22,35,153,133,183,134,21,12,45,92,127,152,146,97,75,6,11,105,144,121,134,73,2,59,107,118,92,86,94,45,16,40,120,98,81,46,70,21,3
2025-04-22 16:23:48.02,s,1,21,23,65,119,131,121,23,-30,18,31,153,131,181,132,18,11,47,89,130,155,147,98,74,7,11,104,150,123,138,72,4,60,103,121,90,88,99,45,16,39,121,94,83,50,69,20,2
2025-04-22 16:23:48.03,s,2,21,27,65,119,133,121,33,13,24,35,156,135,180,133,20,14,47,92,128,161,146,100,72,8,11,102,149,123,135,76,3,59,105,120,89,89,99,47,16,43,119,97,81,48,72,21,2
2025-04-22 16:23:48.05,s,4,27,36,73,130,134,127,33,-8,26,40,157,137,183,130,18,14,49,90,134,160,148,101,74,8,11,104,150,126,141,76,1,61,106,116,94,90,101,51,19,41,121,91,85,52,72,25,2
2025-04-22 16:23:48.06,s,3,22,28,67,122,130,119,25,-30,26,35,160,137,178,134,22,15,43,89,131,158,152,105,77,7,9,103,150,129,144,79,4,58,102,116,92,92,107,56,26,39,116,92,82,51,76,35,0
2025-04-22 16:23:48.07,s,1,20,30,66,128,128,123,30,17,27,39,163,139,186,135,21,18,46,90,134,168,154,108,78,8,9,102,151,133,147,86,3,57,103,113,94,93,107,64,28,40,116,90,81,51,77,32,2
2025-04-22 16:23:48.08,s,4,33,35,80,135,140,127,34,2,30,39,171,142,190,141,22,16,51,89,135,171,154,114,80,8,9,102,151,137,151,89,3,59,102,114,93,96,107,64,32,42,115,90,84,52,80,37,2
2025-04-22 16:23:48.09,s,2,25,29,70,132,130,126,27,-27,28,37,162,143,183,139,22,16,44,84,135,164,155,113,77,9,8,95,153,135,146,86,3,59,100,109,90,96,108,61,28,39,117,87,81,52,80,33,0
2025-04-22 16:23:48.10,s,3,26,29,72,128,136,123,30,12,26,36,162,142,184,138,19,14,46,79,135,166,153,109,76,5,10,90,150,131,146,84,3,56,98,106,89,91,105,57,22,40,114,82,80,49,75,32,2
2025-04-22 16:23:48.12,s,13,45,49,88,145,146,136,42,13,30,36,167,144,189,142,23,16,46,81,132,172,153,109,77,10,9,88,149,131,144,85,3,58,95,102,91,91,102,59,24,41,113,77,80,51,76,32,2
2025-04-22 16:23:48.13,s,3,30,33,78,136,141,127,29,-21,28,33,158,141,183,142,21,14,39,72,132,159,154,108,80,4,8,83,146,127,145,87,3,55,95,98,89,89,100,59,23,40,109,78,74,51,75,29,0
2025-04-22 16:23:48.14,s,2,11,19,60,124,125,121,26,-5,20,29,154,140,182,142,23,13,36,71,128,162,153,109,83,5,5,85,141,127,141,84,1,57,91,95,88,85,102,57,28,37,113,73,74,47,73,30,0
2025-04-22 16:23:48.15,s,4,35,36,76,136,138,131,40,21,28,39,159,145,185,144,22,18,43,73,134,165,150,114,84,9,8,84,144,125,146,88,2,57,94,96,90,90,101,62,28,37,113,76,73,48,75,31,3
2025-04-22 16:23:48.16,s,1,29,31,70,130,131,126,26,-23,22,36,158,141,182,141,21,15,39,69,132,157,150,112,80,7,8,80,144,125,142,88,2,54,93,96,86,88,99,61,30,36,107,76,73,47,72,32,0
2025-04-22 16:23:48.17,s,1,11,19,60,122,125,119,22,-5,20,35,157,139,183,139,23,13,38,72,129,163,152,112,82,4,8,84,145,130,144,89,1,54,87,100,86,89,103,64,30,37,108,77,75,47,75,35,0
2025-04-22 16:23:48.18,s,7,42,43,87,139,146,135,45,32,34,41,170,144,192,147,26,18,40,77,134,169,154,116,84,6,5,86,144,130,147,88,3,52,89,98,86,90,102,60,31,36,106,76,72,49,73,34,3
2025-04-22 16:23:48.19,s,1,37,35,82,133,138,129,31,-24,26,38,161,142,185,142,22,12,39,73,130,161,152,112,79,5,6,84,142,127,144,85,4,50,90,96,86,88,102,60,27,39,108,72,76,46,75,32,0
2025-04-22 16:23:48.20,s,1,26,26,72,124,134,122,26,-14,26,33,162,136,183,138,21,12,38,71,132,158,148,109,77,6,6,79,144,124,139,85,1,55,86,94,87,84,97,55,24,36,106,71,71,44,69,28,2
2025-04-22 16:23:48.21,s,3,29,28,78,130,133,128,39,29,29,37,164,139,185,140,23,15,41,72,132,164,149,106,77,7,8,79,141,123,137,84,3,54,90,90,86,83,96,55,26,37,105,72,70,43,70,29,1
2025-04-22 16:23:48.23,s,4,35,35,81,131,134,129,33,-20,25,37,162,140,183,134,19,14,39,70,132,156,149,106,77,7,9,79,143,122,138,83,2,53,87,90,86,83,98,56,28,36,105,71,73,46,69,29,2
2025-04-22 16:23:48.24,s,3,22,28,69,127,126,122,25,-26,18,37,161,133,180,134,21,8,35,68,131,155,148,106,79,5,8,76,143,122,138,81,3,51,83,92,84,81,99,55,26,34,103,70,70,42,72,27,0
2025-04-22 16:23:48.25,s,1,35,34,81,133,137,127,36,25,27,38,169,141,180,139,24,15,34,74,132,166,149,104,77,4,8,79,142,123,138,84,2,50,84,93,83,85,101,53,28,32,105,69,71,44,70,32,2
2025-04-22 16:23:48.26,s,4,32,36,79,129,136,123,31,-18,26,39,167,141,179,137,23,10,32,73,133,158,150,103,78,1,8,78,141,125,138,81,1,50,81,93,84,82,101,53,28,31,104,70,70,46,72,29,1
2025-04-22 16:23:48.27,s,1,22,28,69,126,124,121,22,-32,20,37,166,139,177,135,18,9,30,74,133,156,150,105,74,4,6,79,143,126,136,84,2,48,86,95,84,86,99,53,29,32,101,71,71,48,72,30,0
2025-04-22 16:23:48.28,s,3,26,36,78,134,132,127,34,24,22,46,172,143,184,134,22,10,37,79,136,169,151,105,78,3,6,84,146,125,140,81,3,48,85,96,87,85,100,56,25,32,103,69,72,45,70,29,2
2025-04-22 16:23:48.29,s,5,36,44,86,137,137,127,30,-8,23,47,172,144,180,136,19,11,34,79,137,163,149,105,77,3,5,85,146,127,139,80,3,50,85,95,90,88,99,53,30,31,105,71,76,47,71,32,3
2025-04-22 16:23:48.31,s,0,27,32,75,130,127,120,22,-37,21,43,171,139,178,133,20,9,33,80,136,159,149,104,74,4,8,87,146,125,139,81,1,50,86,96,87,85,100,53,27,33,101,76,73,46,72,27,2
2025-04-22 16:23:48.32,s,2,20,32,73,127,124,119,25,15,18,45,170,137,179,129,19,10,33,82,136,164,146,100,72,3,7,85,143,126,134,79,2,50,84,97,86,83,97,51,22,34,102,76,73,46,70,27,1
2025-04-22 16:23:48.33,s,18,49,57,97,142,141,133,38,3,22,51,174,145,178,133,18,14,35,86,136,164,149,100,75,5,6,87,147,126,135,80,1,52,85,101,89,85,98,53,23,35,104,74,75,46,70,27,2
2025-04-22 16:23:48.34,s,-1,27,34,79,125,129,120,23,-37,17,44,167,137,174,129,17,8,34,82,132,153,145,96,76,2,8,88,143,119,133,76,2,49,86,97,88,82,96,49,23,34,103,75,74,43,64,25,0
2025-04-22 16:23:48.35,s,1,12,25,66,114,120,114,23,-8,19,41,166,128,174,129,18,10,35,83,130,148,141,94,78,2,6,91,140,112,127,70,1,53,85,100,85,75,89,48,24,34,103,79,71,40,62,26,0
2025-04-22 16:23:48.37,s,6,40,49,88,124,133,129,40,13,27,52,166,131,169,135,19,16,41,89,130,143,136,99,79,7,8,92,138,102,120,72,3,53,89,102,85,70,83,45,23,34,108,76,68,36,57,21,2
2025-04-22 16:23:48.38,s,2,25,40,75,100,118,120,27,-37,25,48,159,107,153,140,23,13,42,89,124,112,120,102,87,5,7,95,129,82,104,70,2,55,92,103,82,54,71,40,24,37,111,78,62,28,45,19,0
2025-04-22 16:23:48.39,s,1,18,29,62,79,109,123,23,-9,24,51,158,89,151,142,30,16,51,98,119,96,117,108,98,9,8,101,125,66,99,74,3,55,99,106,78,46,64,42,31,37,114,82,58,25,42,19,0
2025-04-22 16:23:48.40,s,7,45,53,89,84,126,136,47,29,38,62,165,85,152,151,34,24,64,107,121,95,115,118,105,13,8,106,121,62,99,77,2,59,101,110,81,46,62,48,34,41,116,86,63,23,43,20,3
2025-04-22 16:23:48.41,s,3,32,47,78,73,115,131,32,-27,29,54,159,71,145,146,35,18,66,109,113,78,112,116,108,14,9,108,120,52,96,78,3,62,101,113,78,39,57,46,35,42,115,89,60,18,38,20,2
2025-04-22 16:23:48.42,s,-2,20,35,67,62,99,124,29,-22,17,49,146,61,134,140,33,20,59,107,103,60,99,109,102,12,11,102,111,36,79,71,2,60,99,107,72,24,40,35,28,41,113,86,56,9,23,11,2
2025-04-22 16:23:48.43,s,0,16,31,66,56,99,121,33,13,18,51,140,63,120,140,30,24,63,110,103,58,89,104,103,12,8,106,102,32,64,63,2,57,98,107,71,24,27,28,27,37,114,86,52,10,12,7,2
2025-04-22 16:23:48.44,s,1,22,37,67,54,90,118,31,-22,10,43,130,50,105,124,28,16,58,98,95,44,71,91,95,10,9,98,91,19,47,51,1,53,88,103,63,14,13,20,22,33,104,82,49,3,3,5,3
2025-04-22 16:23:48.46,s,1,9,24,54,37,75,102,23,-39,2,34,106,44,87,112,24,13,47,89,75,28,50,74,83,8,7,90,78,16,33,35,4,45,83,92,53,10,6,10,20,28,98,72,43,1,2,2,2
2025-04-22 16:23:48.47,s,1,3,21,38,33,61,94,24,-1,1,29,86,33,73,98,16,15,42,75,66,40,33,57,73,4,6,72,59,14,20,29,3,40,74,77,43,6,4,6,13,26,89,62,36,1,-4,-1,2
2025-04-22 16:23:48.48,s,2,10,20,33,23,50,78,23,-23,4,20,61,29,44,74,12,9,30,57,46,21,19,44,61,4,5,55,42,8,14,18,1,35,60,60,30,4,1,4,9,19,77,52,27,-2,-6,0,1
2025-04-22 16:23:48.49,s,-3,8,9,24,14,33,58,16,-41,2,13,46,19,26,49,8,5,17,43,31,3,18,34,54,1,2,42,33,2,10,13,1,32,47,49,27,5,-4,3,8,16,67,41,27,-3,0,0,2
2025-04-22 16:23:48.50,s,1,1,6,16,12,27,46,16,-17,2,8,30,19,20,36,3,2,11,27,21,18,13,26,41,-2,4,22,22,1,7,11,1,23,37,38,20,3,0,-1,6,11,52,33,24,0,-1,-2,1
2025-04-22 16:23:48.51,s,1,14,12,16,14,29,43,16,-20,2,6,26,13,19,31,4,-3,5,19,17,9,13,20,38,-3,1,13,20,0,6,11,0,25,30,33,27,5,2,0,1,14,44,30,27,2,3,-2,0
2025-04-22 16:23:48.52,s,1,3,4,7,11,22,34,7,-35,-3,4,13,13,11,21,-2,-4,-3,9,12,-2,7,16,28,-3,1,6,18,-1,1,3,-2,21,27,31,27,6,-2,-4,2,7,39,27,24,7,0,-3,1
2025-04-22 16:23:48.53,s,0,-1,3,-1,9,14,23,1,-20,-5,-1,7,8,7,20,-2,-8,-8,5,7,0,6,10,23,-5,0,0,16,-2,-1,-3,-2,16,25,26,26,5,-1,-8,-2,4,35,25,27,8,1,-5,0
2025-04-22 16:23:48.55,s,11,24,24,16,21,23,30,11,-8,-2,5,9,11,7,15,-7,-2,-6,5,8,14,6,6,15,-6,1,4,16,1,-2,4,0,17,22,28,29,10,2,-7,-3,4,31,23,27,9,2,-4,1
2025-04-22 16:23:48.56,s,1,6,2,-1,8,11,12,-8,-30,-6,2,1,11,-1,3,-7,-4,-7,3,3,-4,2,2,8,-5,0,4,16,-2,-1,-3,-3,15,19,27,30,10,-1,-9,-6,5,25,19,31,8,5,-2,0
2025-04-22 16:23:48.57,s,0,-4,-7,-4,-2,8,-1,-10,-31,-11,-5,1,5,-3,1,-6,-4,-4,0,1,-5,-2,0,4,-6,0,6,14,3,-4,-5,0,11,20,25,28,12,-1,-9,-10,4,24,17,27,11,2,-3,-1
2025-04-22 16:23:48.58,s,2,5,3,-1,7,9,1,6,-12,-8,1,0,9,-6,-1,-10,0,1,4,3,11,-3,-3,-1,-4,2,6,14,4,-4,1,-2,13,18,21,30,8,1,-9,-7,0,25,14,26,10,4,-4,1
2025-04-22 16:23:48.60,s,0,3,-1,2,0,7,-5,-5,-29,-12,-1,-4,7,-10,-9,-10,-2,1,0,3,-5,-2,-2,-5,-2,2,6,17,4,-5,-5,0,14,18,21,33,10,0,-9,-10,4,21,15,27,10,4,-4,0
2025-04-22 16:23:48.61,s,-2,-6,-12,-5,-3,3,-10,-10,-36,-9,-5,-1,1,-9,-7,-11,0,1,2,4,-8,-4,-2,-3,-3,1,10,18,3,-5,-7,-1,13,18,23,30,12,-1,-9,-7,2,24,18,29,10,6,-2,-1
2025-04-22 16:23:48.62,s,2,5,4,2,6,8,-8,9,-10,-5,-1,3,6,-9,0,-9,4,5,10,10,12,-1,0,-5,0,2,10,24,2,-4,0,1,13,18,22,34,13,3,-8,-9,5,25,13,27,15,5,-1,0
2025-04-22 16:23:48.63,s,2,-2,1,-2,3,6,-8,-5,-27,-6,1,-2,7,-14,-4,-7,4,8,9,11,1,-4,-2,-4,2,3,13,26,5,-6,-5,0,13,21,22,33,13,2,-10,-7,4,23,12,29,10,5,0,0
2025-04-22 16:23:48.64,s,1,3,2,0,-1,7,-10,-6,-33,-7,1,-2,6,-15,-7,-10,5,8,10,10,-7,-5,-4,-3,-2,1,15,22,5,-6,-8,0,13,16,19,31,9,-3,-8,-9,4,20,12,24,8,4,0,0
2025-04-22 16:23:48.65,s,-2,-2,-6,-1,-2,3,-9,6,-14,-5,0,5,4,-9,-2,-9,5,12,17,12,9,-2,-5,-4,-2,2,15,22,5,-6,-3,1,11,19,15,31,9,-2,-10,-9,3,22,7,22,11,4,-2,0
2025-04-22 16:23:48.67,s,1,9,1,4,2,7,-7,0,-20,-3,6,6,6,-10,-3,-10,9,15,16,17,5,-1,-1,-5,3,3,15,27,3,-5,-1,-2,14,16,14,31,11,0,-8,-9,5,21,6,20,13,5,-3,2
2025-04-22 16:23:48.68,s,0,0,-1,-4,1,2,-11,-13,-32,-4,4,4,7,-12,-8,-9,7,16,16,16,-2,1,-2,-5,2,1,18,28,4,-3,-4,-2,13,18,17,28,11,1,-10,-7,1,22,7,22,11,8,0,-1
2025-04-22 16:23:48.69,s,-2,3,0,-1,2,3,-10,4,-16,2,6,3,9,-12,1,-5,10,19,20,14,14,0,-3,-4,1,1,18,26,4,-2,1,0,14,17,13,31,10,0,-3,-6,3,20,5,23,11,5,2,0
2025-04-22 16:23:48.70,s,2,3,1,0,2,7,-12,-4,-17,2,3,7,7,-9,-5,-8,8,21,18,17,6,0,-3,-2,0,1,18,26,6,-5,1,-1,15,17,13,29,9,3,-5,-3,4,20,6,19,10,9,-1,0
2025-04-22 16:23:48.71,s,-1,1,0,-2,1,6,-15,-11,-30,0,3,3,9,-12,-7,-8,8,14,15,15,-5,-3,-1,-6,2,3,15,22,6,-6,-5,1,11,15,14,23,10,0,-9,-7,2,20,6,19,10,3,2,-1
2025-04-22 16:23:48.72,s,0,3,-2,0,0,3,-10,0,-16,-4,5,4,5,-10,-5,-11,9,17,15,16,4,-1,-4,-6,2,2,15,22,3,-7,-1,-1,10,15,10,28,9,-4,-8,-12,3,18,5,19,7,4,-2,0
2025-04-22 16:23:48.73,s,1,6,4,0,1,5,-9,0,-17,0,6,5,5,-10,-2,-8,9,14,19,15,3,-2,-4,-9,3,3,14,23,3,-7,0,-2,13,17,12,28,10,-4,-7,-11,2,21,6,19,8,2,-1,2
2025-04-22 16:23:48.74,s,1,0,2,-2,2,3,-12,-7,-32,0,5,3,8,-15,-6,-11,9,14,13,12,-3,-7,-4,-7,1,0,16,20,3,-7,-7,-2,14,14,10,26,5,-2,-11,-12,5,20,6,19,7,3,0,-1
2025-04-22 16:23:48.75,s,0,-4,-3,-4,-6,2,-16,-3,-23,-5,-1,4,4,-16,-4,-11,9,17,17,14,1,-5,-3,-6,0,3,17,28,5,-8,-3,-2,13,15,16,28,10,1,-8,-8,5,21,10,22,8,5,-2,-1
2025-04-22 16:23:48.76,s,13,26,16,16,9,16,-8,9,-9,2,9,9,11,-12,1,-8,13,18,24,21,16,0,-2,-4,1,4,20,30,10,-5,1,1,14,21,18,33,16,0,-8,-9,4,24,8,23,14,4,3,3
2025-04-22 16:23:48.77,s,0,1,2,0,1,6,-10,-7,-25,1,4,9,9,-13,-4,-4,11,17,24,18,3,0,0,-2,4,2,21,32,6,-2,-3,0,14,23,18,35,17,3,-7,-5,6,25,11,28,11,9,2,-1
2025-04-22 16:23:48.79,s,-3,-5,-6,-7,-2,1,-14,-11,-26,-2,4,6,6,-9,-4,-8,10,17,25,18,3,0,0,-4,4,2,24,31,7,-1,-3,-2,16,20,21,35,14,4,-3,-7,5,26,11,28,14,8,4,1
2025-04-22 16:23:48.80,open,2,6,4,3,2,11,-9,5,-8,3,6,11,9,-7,1,-6,10,22,24,23,19,2,0,-3,2,1,23,32,13,-4,5,0,13,25,21,34,14,5,-4,-4,7,25,11,27,11,8,2,0
2025-04-22 16:23:48.81,open,2,3,4,3,0,10,-12,-6,-27,1,4,9,8,-12,-4,-7,11,15,23,15,3,2,-3,-2,1,2,21,29,9,-5,-1,-1,15,20,17,34,14,1,-5,-6,3,26,9,25,14,6,1,1
2025-04-22 16:23:48.82,open,-3,-3,-7,-6,-2,1,-14,-8,-30,-6,5,2,7,-14,-4,-7,8,11,19,11,-6,0,-6,-5,-3,1,16,24,6,-7,-2,0,13,15,16,29,13,-2,-4,-8,3,21,6,22,12,3,0,1
2025-04-22 16:23:48.83,open,2,10,3,7,3,11,-10,8,-9,3,4,9,8,-7,-1,-8,7,17,17,16,15,-2,-2,-5,-3,3,14,24,6,-7,3,-1,12,15,13,28,9,2,-7,-6,3,18,9,23,10,2,3,2
2025-04-22 16:23:48.84,open,0,3,0,2,3,7,-13,-5,-23,-3,6,6,6,-9,-6,-9,6,14,15,16,1,0,-5,-4,-1,0,15,22,5,-3,-2,0,11,13,15,29,10,2,-7,-7,1,21,8,22,10,5,2,2
2025-04-22 16:23:48.86,open,-2,6,-1,4,-1,7,-13,-8,-29,-4,1,5,4,-12,-8,-8,4,12,15,12,-7,-2,-4,-8,0,2,12,21,6,-7,-2,0,10,15,12,27,10,2,-4,-8,3,21,7,22,14,4,0,2
2025-04-22 16:23:48.87,open,0,0,-2,-2,-1,3,-11,2,-10,-3,5,3,8,-10,1,-10,9,11,13,17,8,1,-3,-8,2,1,15,22,6,-5,-1,0,12,14,17,29,12,3,-8,-7,6,20,10,25,12,5,2,0
2025-04-22 16:23:48.88,open,1,10,7,7,2,11,-9,1,-18,-1,5,7,6,-7,-3,-7,7,9,16,13,1,2,-4,-4,0,1,15,24,4,-2,-2,-2,12,16,16,29,10,1,-7,-9,5,20,10,25,11,4,2,0
2025-04-22 16:23:48.89,open,0,4,0,-1,2,6,-12,-8,-31,-3,4,6,5,-7,-5,-6,8,9,15,11,-5,1,-4,-2,-2,1,14,21,6,-5,-3,0,10,19,14,25,12,-1,-8,-8,2,23,7,20,12,2,0,0
2025-04-22 16:23:48.90,open,-1,0,-1,1,-1,8,-9,3,-15,0,1,7,6,-5,2,-8,6,13,15,14,6,3,-2,-6,1,2,11,22,3,-4,1,-2,12,13,14,23,10,1,-8,-8,4,18,8,18,10,3,-1,1
2025-04-22 16:23:48.91,open,1,4,0,2,1,10,-7,-1,-18,-3,6,4,11,-9,2,-6,6,11,15,13,1,3,-3,-3,1,1,14,17,2,-4,1,-3,13,13,10,25,9,-3,-7,-9,0,20,6,17,9,1,-1,2
2025-04-22 16:23:48.92,open,1,4,-1,2,1,3,-8,-10,-31,-6,4,2,9,-10,-3,-11,6,8,9,7,-5,-2,-4,-4,-4,1,12,13,4,-4,-4,-2,9,11,10,22,6,-4,-7,-12,0,19,4,15,9,-1,2,0
2025-04-22 16:23:48.93,open,0,-4,0,-4,-1,3,-10,2,-18,-5,4,2,6,-8,0,-6,4,7,12,8,6,0,-3,-6,-4,2,10,17,4,-6,-1,-1,9,11,9,23,9,-3,-7,-10,-1,18,3,19,9,1,0,1
2025-04-22 16:23:48.94,open,0,8,4,4,5,8,-7,2,-17,-4,7,4,10,-9,1,-7,5,7,13,10,3,2,-5,-6,0,2,11,19,3,-4,3,0,9,15,12,28,14,2,-7,-6,3,17,7,21,8,6,1,0
2025-04-22 16:23:48.95,open,0,3,0,-2,2,5,-9,-5,-30,-4,3,3,9,-12,-4,-10,5,6,12,10,-5,2,-2,-6,-3,0,12,18,6,-6,-1,0,8,15,14,26,10,4,-8,-7,2,21,7,21,12,5,1,0
2025-04-22 16:23:48.97,open,0,0,-5,0,-4,5,-16,-3,-24,-3,0,1,6,-10,-4,-9,2,8,8,8,0,-2,-2,-6,0,0,12,21,5,-4,0,-2,12,12,15,27,12,1,-5,-7,2,19,9,22,12,5,0,1
2025-04-22 16:23:48.98,open,14,22,19,14,13,13,-1,13,-13,3,5,5,10,-7,3,-9,7,9,11,14,8,4,0,-2,1,0,12,19,3,-3,0,-1,10,13,12,29,12,0,-5,-9,5,18,9,24,11,4,-1,3
2025-04-22 16:23:49.00,open,1,2,-1,-2,3,6,-8,-7,-26,-4,4,6,6,-6,-3,-6,1,8,10,7,-4,2,0,-6,-2,1,12,18,4,-4,-2,-1,9,13,13,25,7,1,-9,-9,0,21,6,19,11,3,0,0
2025-04-22 16:23:49.01,open,0,-3,-3,-4,0,3,-12,-8,-27,-7,2,4,7,-9,0,-8,2,6,9,8,-4,2,-2,-6,0,2,11,16,3,-5,-1,-2,10,12,9,25,6,1,-7,-12,3,18,5,23,7,4,2,0
2025-04-22 16:23:49.02,open,1,6,4,2,5,9,-5,8,-11,-3,6,4,12,-6,4,-9,6,9,10,12,12,3,0,-1,-2,0,12,15,6,-2,4,-3,11,11,13,22,9,0,-8,-8,2,18,4,22,10,3,-1,3
2025-04-22 16:23:49.03,open,0,7,0,5,2,10,-7,-1,-25,-4,6,3,10,-8,1,-5,4,4,12,8,-1,2,-2,-4,-2,1,12,15,5,-5,1,0,11,12,12,27,7,2,-7,-7,3,17,7,20,8,5,0,2
2025-04-22 16:23:49.04,open,-3,-5,-6,-6,-1,3,-15,-10,-33,-3,0,4,7,-9,-4,-8,1,7,8,8,-5,1,-2,-5,-1,3,8,21,3,-1,-1,-2,10,15,14,26,13,2,-7,-6,2,20,9,22,10,6,2,0
2025-04-22 16:23:49.06,open,2,9,8,5,6,12,-7,7,-6,-1,3,7,9,-5,5,-4,4,11,12,14,14,5,0,-2,-2,1,14,21,3,0,4,-1,13,12,17,29,11,2,-4,-8,4,19,8,24,11,8,2,1
2025-04-22 16:23:49.07,open,1,3,-2,2,0,10,-9,-5,-23,-4,5,6,7,-5,-2,-8,4,8,13,10,3,3,0,-3,-2,3,11,24,4,0,0,0,11,15,17,29,11,5,-2,-8,5,20,10,26,11,9,-1,0
2025-04-22 16:23:49.08,open,1,3,3,3,3,9,-6,-7,-28,-5,4,5,9,-8,-1,-8,4,7,12,12,-3,0,2,-4,1,2,12,25,7,-2,-1,1,10,18,16,31,14,2,-3,-6,2,25,10,25,15,6,3,0
2025-04-22 16:23:49.09,s,-3,-3,0,-1,2,5,-8,6,-13,0,5,5,12,-5,6,-3,6,10,15,16,11,7,1,-3,0,2,12,25,6,0,4,-1,13,17,15,34,16,2,-5,-6,2,24,10,25,16,6,0,1
2025-04-22 16:23:49.10,s,2,6,7,3,7,10,-7,-1,-18,0,7,7,11,-5,0,-8,7,10,13,14,7,4,-1,-1,0,0,16,24,5,0,3,-3,13,15,17,30,11,6,-3,-3,2,24,10,24,15,6,1,1
2025-04-22 16:23:49.11,s,1,0,0,1,-2,10,-9,-9,-30,-3,4,5,6,-4,-1,-7,1,10,13,8,-1,6,0,0,0,1,14,23,5,1,0,-1,12,15,17,28,13,2,-4,-4,2,22,11,26,11,8,1,0
2025-04-22 16:23:49.12,s,1,2,-4,2,-1,10,-7,5,-16,0,3,9,9,-5,7,-4,6,8,11,15,10,4,2,-2,0,2,14,22,5,0,6,-2,14,17,14,30,14,1,-2,-7,4,23,7,27,14,5,3,0
2025-04-22 16:23:49.14,s,0,6,1,4,5,8,-4,2,-19,-2,7,6,12,-4,5,-3,5,8,13,12,6,8,2,0,-2,1,13,23,9,0,6,0,10,17,17,30,12,5,-4,-4,2,23,11,25,11,10,3,0
2025-04-22 16:23:49.15,s,1,1,2,0,-1,10,-10,-7,-32,-5,4,6,6,-4,-2,-8,1,6,10,9,-1,4,0,0,-2,-2,14,19,9,0,0,0,9,17,17,29,11,6,-4,-2,1,23,9,24,12,9,0,0
2025-04-22 16:23:49.16,s,1,-2,1,0,0,9,-8,5,-18,0,3,4,12,-4,2,-8,2,7,9,10,8,6,1,-2,-4,2,11,22,6,1,6,0,11,15,14,32,13,4,-2,-3,0,22,7,25,15,7,5,0
2025-04-22 16:23:49.17,s,1,8,2,7,2,14,-5,5,-20,3,5,9,9,-1,4,-4,2,5,12,10,9,4,3,-3,-2,2,11,23,8,1,7,-1,14,14,18,33,14,7,0,-5,4,22,11,26,15,11,3,1
2025-04-22 16:23:49.18,s,-1,4,1,2,0,11,-7,-7,-27,-4,5,4,12,-4,2,-4,3,3,9,12,0,7,3,-1,-2,2,11,22,10,1,0,1,9,18,18,32,12,8,-1,-1,1,24,11,26,16,13,2,0
2025-04-22 16:23:49.19,s,-2,1,-3,0,-1,10,-6,0,-23,-3,3,4,9,-2,3,-6,-2,5,9,10,3,9,2,0,-6,2,11,19,9,3,3,1,8,17,17,30,12,10,-2,-2,3,21,11,28,13,11,5,2
2025-04-22 16:23:49.20,s,14,24,22,16,17,22,11,14,-8,1,11,10,16,6,11,-4,-1,5,11,14,15,12,5,5,-2,0,13,19,10,6,8,2,9,13,21,29,16,8,-2,-5,4,21,10,30,16,12,3,2
2025-04-22 16:23:49.21,s,0,9,3,6,8,18,9,1,-29,1,5,12,16,6,14,-1,-1,2,7,13,5,10,9,5,-3,1,13,21,9,9,9,-1,14,18,18,35,17,10,1,-2,2,26,11,32,15,12,5,1
2025-04-22 16:23:49.22,s,1,2,-1,2,2,14,9,-3,-26,-2,5,8,15,10,12,-3,-6,1,6,12,4,14,9,11,-5,0,13,21,6,11,8,-1,15,18,23,34,14,14,4,3,1,28,13,32,17,15,5,0
2025-04-22 16:23:49.23,s,1,9,5,7,8,23,16,11,-9,2,9,13,15,15,17,0,-4,-2,11,14,19,18,12,14,-6,0,11,22,11,12,16,0,14,23,25,34,17,17,10,5,4,29,14,31,18,16,7,1
2025-04-22 16:23:49.25,s,2,6,8,7,9,21,14,3,-26,4,7,12,18,10,15,2,-7,-2,8,10,3,17,13,15,-6,1,11,18,7,10,14,-3,15,21,25,34,16,15,11,6,7,29,18,32,16,18,8,2
2025-04-22 16:23:49.26,s,0,-6,-4,-1,2,13,12,-3,-33,0,4,12,15,8,15,1,-7,-7,7,12,-2,16,14,15,-8,2,7,17,7,12,13,1,15,23,24,35,16,17,12,8,5,33,17,32,17,18,10,0
2025-04-22 16:23:49.27,s,0,13,12,15,9,27,21,14,-3,2,8,21,15,18,23,2,-3,-2,10,19,19,18,19,20,-5,1,12,18,9,16,20,1,17,25,24,37,17,20,13,9,10,37,20,33,16,21,13,3
2025-04-22 16:23:49.28,s,2,9,9,10,11,24,30,3,-23,1,12,19,19,18,26,4,-4,2,15,19,7,22,25,29,-4,2,14,24,7,19,23,-1,21,28,29,39,19,20,14,15,11,40,26,31,20,22,13,2
2025-04-22 16:23:49.30,s,1,6,11,14,14,29,40,9,-30,4,13,33,17,26,34,8,-2,8,23,25,6,22,28,42,-6,1,22,31,10,20,24,0,22,34,32,41,18,22,18,17,13,45,29,37,18,22,13,3
2025-04-22 16:23:49.31,s,0,6,13,19,15,38,48,14,-3,6,21,44,25,34,52,13,5,18,36,40,28,35,40,54,-2,4,30,40,9,30,31,1,23,37,39,38,19,25,18,22,13,47,35,37,16,28,15,2
2025-04-22 16:23:49.32,s,2,16,29,41,26,49,63,20,-18,14,33,92,33,51,60,17,8,30,55,62,28,42,50,62,2,5,47,57,17,34,37,0,28,43,45,46,21,28,22,26,16,57,36,38,16,29,15,2
2025-04-22 16:23:49.33,s,0,11,28,47,25,53,72,17,-31,12,44,111,40,62,73,22,14,37,75,83,24,51,60,71,6,6,71,75,24,41,41,1,37,54,65,57,22,34,30,30,20,67,49,45,17,33,19,1
2025-04-22 16:23:49.34,s,0,16,34,59,36,54,86,24,0,16,53,129,43,75,84,24,16,45,92,97,55,57,64,75,8,9,90,95,30,48,47,1,41,70,87,70,27,35,30,30,25,77,67,55,23,29,18,2
2025-04-22 16:23:49.35,s,3,21,42,70,46,75,99,28,-21,21,58,142,55,81,99,25,16,51,115,106,53,62,73,80,6,10,100,107,38,52,50,1,44,79,94,73,32,33,30,32,25,97,73,55,22,26,14,2
2025-04-22 16:23:49.36,s,2,19,41,63,55,89,110,22,-39,18,59,149,56,105,110,30,13,56,116,107,45,75,80,84,10,11,108,112,41,58,51,1,49,91,108,76,29,35,32,31,33,115,82,62,17,24,18,0
2025-04-22 16:23:49.37,s,1,18,41,66,58,94,114,29,-1,22,66,157,64,116,122,31,20,68,127,113,70,78,85,88,12,11,119,125,45,64,55,3,54,107,120,85,33,37,30,34,32,114,94,67,22,24,12,3
2025-04-22 16:23:49.38,s,3,27,53,73,71,110,121,31,-10,27,74,162,71,127,125,30,22,77,127,119,76,89,93,92,14,10,126,128,50,78,56,3,58,110,127,89,42,43,33,38,34,117,100,73,23,33,21,3
2025-04-22 16:23:49.39,s,1,20,48,65,67,102,120,27,-37,24,71,154,76,123,123,29,21,76,124,119,77,92,90,92,10,13,123,126,55,80,57,3,57,111,125,90,44,45,36,35,35,120,97,73,26,35,21,2
2025-04-22 16:23:49.41,s,0,24,45,67,66,109,115,25,-6,29,70,158,77,132,126,29,21,75,127,120,83,97,93,90,10,11,123,127,57,90,63,2,59,110,123,90,45,50,38,35,34,117,99,70,23,41,19,2
2025-04-22 16:23:49.42,s,19,52,68,91,94,127,136,43,2,32,79,163,96,147,132,30,22,81,129,126,100,112,104,92,13,12,124,134,68,97,73,3,60,113,128,92,54,67,42,35,37,121,102,74,29,47,21,3
2025-04-22 16:23:49.43,s,3,32,50,76,89,126,130,29,-32,32,76,164,105,160,139,30,21,81,129,127,109,124,112,95,11,10,126,139,84,115,78,5,60,114,132,95,68,85,48,33,36,125,103,79,35,54,25,1
2025-04-22 16:23:49.44,s,0,18,37,63,92,126,126,25,-19,30,68,166,111,172,148,34,21,75,127,129,124,140,126,102,11,10,124,142,97,136,99,1,61,111,128,98,72,96,71,43,37,121,100,81,40,66,38,2
2025-04-22 16:23:49.45,s,3,37,51,83,119,142,142,40,9,37,76,171,129,188,150,36,22,78,131,133,147,152,132,104,11,10,128,147,111,150,107,3,62,115,129,100,80,101,78,46,37,124,101,81,47,75,37,5
2025-04-22 16:23:49.46,s,4,33,55,80,130,142,140,32,-26,34,76,174,145,194,156,37,18,77,129,139,160,157,139,103,10,12,127,157,127,157,111,4,59,114,130,102,91,107,81,47,37,124,101,89,54,80,42,0
2025-04-22 16:23:49.47,s,0,21,37,72,122,137,129,25,-22,36,69,175,145,192,155,37,19,71,128,138,159,161,137,104,9,10,127,154,129,159,110,4,57,114,129,99,91,109,81,49,37,120,103,87,51,78,45,2
2025-04-22 16:23:49.49,s,6,43,60,88,136,149,135,41,18,42,69,180,149,194,151,34,22,67,123,140,169,157,131,96,6,10,120,153,129,154,109,3,59,108,124,97,90,108,76,47,33,122,95,83,49,80,38,2
2025-04-22 16:23:49.50,s,2,34,48,78,133,136,129,27,-23,36,68,174,148,190,144,32,16,60,120,140,163,160,128,94,5,10,119,151,132,154,103,4,56,106,122,94,93,108,77,47,32,120,95,85,50,81,40,2
2025-04-22 16:23:49.51,s,2,36,47,79,134,138,121,23,-22,30,61,175,144,189,137,30,13,56,114,136,165,156,122,87,8,11,115,151,133,152,101,3,55,105,120,94,94,107,72,40,34,117,91,80,54,78,38,1
2025-04-22 16:23:49.52,s,3,29,42,77,135,138,121,31,16,31,59,175,149,188,136,30,16,49,108,139,171,152,116,85,4,10,112,151,130,150,93,0,57,99,118,93,93,106,65,34,36,115,93,82,50,78,35,2
2025-04-22 16:23:49.53,s,3,37,47,83,138,137,126,31,-16,31,53,173,150,184,131,25,12,51,106,139,168,152,113,84,5,9,113,152,132,147,88,3,56,101,119,95,92,104,63,34,34,120,92,84,52,76,33,3
2025-04-22 16:23:49.54,s,1,21,35,71,128,128,113,23,-33,24,52,171,145,178,125,23,11,46,105,136,165,150,108,81,4,9,111,153,131,146,87,4,56,101,116,97,92,104,64,33,34,115,94,82,52,76,34,1
2025-04-22 16:23:49.55,s,3,26,40,76,135,131,120,33,13,30,52,176,147,184,128,22,15,47,103,140,170,153,109,78,5,11,107,154,131,144,87,3,55,100,117,93,91,106,62,28,36,116,92,83,50,77,31,1
2025-04-22 16:23:49.56,s,3,29,45,83,138,134,121,28,-9,31,53,180,148,184,129,23,12,41,106,136,168,153,107,78,4,9,108,152,132,146,86,4,53,100,115,94,93,105,63,33,35,115,91,82,49,78,34,1
2025-04-22 16:23:49.58,s,2,27,41,77,132,127,118,21,-26,28,55,174,141,179,125,22,9,41,103,137,161,152,107,76,3,9,103,151,129,145,87,1,54,93,111,94,91,101,64,31,29,113,83,82,49,75,36,1
2025-04-22 16:23:49.59,s,1,28,43,82,130,136,119,30,20,33,53,179,144,184,131,23,13,41,100,136,171,150,109,83,1,9,99,147,127,145,88,2,51,90,103,93,90,102,62,30,31,105,79,76,49,73,31,3
2025-04-22 16:23:49.60,s,3,42,49,88,137,139,126,35,-7,35,54,181,145,184,133,22,12,39,97,139,166,154,113,79,1,10,95,151,130,146,90,1,53,87,105,93,88,107,64,35,28,108,78,74,50,76,34,1
2025-04-22 16:23:49.61,s,2,29,42,80,130,129,120,25,-36,32,50,177,141,182,130,22,7,38,92,137,163,152,108,81,0,8,94,145,129,145,86,3,48,84,100,89,87,105,61,34,29,104,72,76,47,74,36,0
2025-04-22 16:23:49.62,s,3,26,41,74,129,126,116,26,15,26,50,171,142,177,126,19,9,35,85,136,164,148,102,77,-2,7,88,141,126,138,83,2,47,81,95,86,84,101,57,30,30,101,69,73,46,68,34,1
2025-04-22 16:23:49.63,s,19,49,62,95,144,141,129,40,6,33,47,176,141,180,126,18,12,34,82,135,164,147,100,78,2,6,84,141,122,138,81,1,49,79,94,86,81,100,55,28,29,98,70,70,43,72,28,2
2025-04-22 16:23:49.64,s,2,28,41,78,124,131,115,23,-34,30,45,173,140,174,129,22,9,29,82,132,156,148,101,78,0,5,85,142,121,138,80,1,47,80,94,86,82,100,55,31,26,100,69,68,46,68,30,0
2025-04-22 16:23:49.66,s,3,17,32,70,125,121,114,23,-2,32,48,174,141,178,131,23,12,31,87,137,163,148,107,77,1,9,85,143,127,139,85,1,48,78,95,89,86,99,62,31,27,101,69,73,47,72,33,0
2025-04-22 16:23:49.67,s,6,50,59,95,146,143,130,37,22,37,60,182,147,183,133,24,10,37,91,138,168,153,109,77,3,8,87,147,128,139,88,1,48,81,94,90,86,104,62,30,30,99,68,74,46,74,35,3
2025-04-22 16:23:49.68,s,1,37,47,83,135,134,119,24,-29,35,52,179,141,180,130,21,6,31,90,135,164,150,108,77,1,8,90,145,129,143,85,3,46,81,98,89,86,104,61,31,28,98,74,75,48,73,32,0
2025-04-22 16:23:49.69,s,3,28,40,80,130,127,115,24,-8,33,57,178,145,178,130,21,8,33,91,139,166,149,108,76,-3,9,90,151,131,143,86,3,45,81,101,90,89,105,62,31,27,99,73,76,48,73,35,1
2025-04-22 16:23:49.70,s,8,50,60,95,144,137,126,38,34,40,65,185,147,185,131,20,10,38,96,137,174,154,107,76,2,7,92,151,131,143,87,2,46,81,99,91,91,104,63,32,28,97,75,76,48,75,36,3
2025-04-22 16:23:49.72,s,3,38,50,86,132,133,114,23,-30,36,56,182,144,182,129,23,5,33,91,140,166,149,108,77,0,8,90,150,130,144,85,3,43,82,100,90,90,103,62,33,26,98,73,74,48,74,32,2
2025-04-22 16:23:49.73,s,1,35,43,83,129,130,113,21,-13,32,54,180,141,178,130,22,6,28,90,137,162,151,105,74,-2,9,87,150,130,140,86,2,42,79,96,91,88,102,60,29,26,96,73,75,46,73,31,0
2025-04-22 16:23:49.74,s,3,38,49,87,138,132,121,33,33,37,61,185,147,183,132,20,12,32,92,142,172,147,107,74,0,8,87,149,129,142,87,1,45,79,99,87,89,102,59,31,25,98,71,73,50,72,32,2
2025-04-22 16:23:49.75,s,4,44,54,90,138,136,121,28,-19,36,62,179,147,177,130,20,8,29,89,140,165,148,104,74,-2,9,86,147,130,138,84,1,43,78,95,90,89,99,57,30,26,96,69,75,49,71,30,2
2025-04-22 16:23:49.76,s,1,26,42,79,126,126,110,18,-23,32,55,180,141,178,128,22,2,30,90,137,164,148,103,77,-4,5,91,147,129,138,83,1,42,78,97,89,91,101,60,31,26,95,74,74,47,75,31,0
2025-04-22 16:23:49.77,s,4,37,50,88,138,134,116,33,33,37,63,186,147,179,130,23,9,31,98,139,174,150,104,76,-3,8,90,150,131,138,86,0,43,78,100,90,89,104,62,30,27,98,73,76,49,72,32,2
2025-04-22 16:23:49.78,s,5,37,55,89,135,134,118,26,-15,33,66,181,148,177,126,18,8,31,95,140,167,147,101,75,-2,6,93,147,132,142,84,2,43,81,98,92,92,101,59,30,24,97,72,78,49,73,31,0
2025-04-22 16:23:49.79,s,1,33,44,83,129,126,110,18,-28,33,59,182,142,174,126,20,5,29,96,139,163,147,102,74,-4,8,92,150,132,137,83,1,44,79,101,90,90,101,56,29,24,98,74,73,48,73,31,1
2025-04-22 16:23:49.80,s,3,33,51,85,136,129,116,29,29,37,66,185,147,175,126,21,8,34,96,142,173,145,101,70,-3,8,88,150,132,139,79,3,42,76,101,88,89,102,55,28,24,95,75,73,46,73,30,2
2025-04-22 16:23:49.82,s,3,43,53,91,135,134,116,29,-6,36,64,186,144,178,124,19,5,32,98,139,166,149,100,74,-2,8,93,147,130,138,84,1,45,77,103,89,90,101,55,29,25,93,76,74,49,72,29,2
2025-04-22 16:23:49.83,s,1,33,45,82,132,123,113,22,-36,34,62,182,144,174,126,20,4,31,93,139,164,148,102,72,-3,8,88,147,130,140,80,3,42,77,98,89,89,99,57,31,25,94,74,76,49,70,31,0
2025-04-22 16:23:49.84,s,2,32,41,82,128,127,108,22,15,33,62,183,144,178,125,22,4,30,96,138,167,149,100,75,-4,6,91,147,130,139,82,0,42,75,101,88,90,101,56,30,24,95,74,73,49,74,32,2
2025-04-22 16:23:49.85,s,23,58,72,103,150,141,128,38,7,34,68,188,147,180,124,22,8,29,97,140,169,150,100,75,-1,9,87,149,130,137,82,1,42,75,101,90,88,100,54,31,25,95,72,74,48,68,29,3
2025-04-22 16:23:49.87,s,2,30,43,86,130,129,112,22,-40,27,57,181,142,172,125,20,1,24,90,139,163,142,99,74,-3,8,87,149,126,135,78,2,42,76,98,91,85,98,52,24,26,93,74,74,44,70,27,-1
2025-04-22 16:23:49.88,s,2,21,40,80,126,125,107,21,-6,23,56,181,140,175,122,17,5,26,93,137,164,145,95,75,-5,8,91,144,127,132,73,1,41,78,100,87,85,97,51,25,25,95,71,75,47,66,24,0
2025-04-22 16:23:49.89,s,5,46,60,97,138,137,121,37,10,34,65,185,144,172,124,17,9,32,98,136,166,144,95,75,-1,8,94,143,122,131,76,0,45,78,100,90,83,91,52,26,28,98,73,73,44,64,23,3
2025-04-22 16:23:49.90,s,1,34,48,84,121,127,112,21,-38,31,63,180,134,167,123,22,6,39,101,136,149,141,98,79,-2,11,100,143,117,127,76,1,47,83,105,88,75,92,49,25,28,98,81,71,40,65,24,0
2025-04-22 16:23:49.91,s,0,20,42,72,103,115,110,22,-11,33,69,175,121,160,129,22,12,48,111,134,133,133,100,83,4,9,111,139,99,121,76,2,51,88,111,88,67,81,50,28,31,105,82,67,35,57,23,0
2025-04-22 16:23:49.92,s,9,49,69,95,103,124,125,40,31,46,80,182,109,151,139,26,22,65,122,130,123,122,105,90,6,10,117,137,82,108,75,2,53,100,117,89,59,77,46,32,34,113,91,68,29,53,21,2
2025-04-22 16:23:49.94,s,3,43,61,81,85,111,126,27,-24,48,81,177,90,146,137,31,22,74,125,131,100,116,114,95,12,11,119,138,74,104,79,2,58,105,119,92,56,69,51,35,36,115,94,72,30,48,25,0
2025-04-22 16:23:49.95,s,2,33,58,74,68,102,117,24,-9,44,79,174,72,139,139,33,26,80,130,129,87,112,116,101,14,10,126,137,65,96,79,3,59,108,121,93,48,68,52,38,36,120,95,71,27,42,24,1
2025-04-22 16:23:49.96,s,4,35,61,83,66,111,129,38,37,50,81,176,70,140,142,34,29,87,131,126,81,109,115,103,15,13,124,129,53,91,75,4,58,110,122,84,41,54,45,34,40,119,94,66,20,36,22,2
2025-04-22 16:23:49.97,s,5,39,63,83,65,103,126,34,-14,44,76,169,67,124,141,36,27,82,129,119,67,97,113,104,15,9,124,122,43,79,70,3,56,107,120,81,34,41,39,34,36,115,97,63,16,30,19,2
2025-04-22 16:23:49.98,s,0,12,34,65,44,83,108,22,-30,22,52,149,49,105,125,30,17,66,117,101,47,74,96,92,14,11,110,104,24,50,57,2,53,93,108,67,16,18,23,28,32,106,82,51,3,8,8,2
2025-04-22 16:23:49.99,s,2,12,34,61,41,77,105,29,2,8,38,123,44,91,121,24,18,47,98,81,45,52,74,79,8,9,91,81,17,30,38,2,43,81,92,51,6,6,11,19,29,96,70,41,-2,2,4,2
2025-04-22 16:23:50.00,s,2,9,27,48,29,56,93,23,-21,5,32,89,36,62,95,17,14,38,79,66,28,24,56,68,4,9,74,62,13,15,26,1,39,68,74,43,7,0,8,16,24,83,63,34,-1,-2,2,3
2025-04-22 16:23:50.01,s,0,4,13,23,14,30,66,13,-37,-3,19,55,20,29,61,9,6,21,54,36,6,13,37,55,2,5,48,37,5,7,14,-1,31,49,53,26,4,-3,3,9,16,66,43,24,-2,-5,0,0
2025-04-22 16:23:50.02,s,1,-2,7,10,7,20,46,11,-14,-3,6,31,12,16,39,5,2,11,28,23,12,10,26,45,-2,2,29,23,0,2,13,0,26,35,42,26,2,-3,-1,6,13,54,37,27,1,-2,-1,2
2025-04-22 16:23:50.03,s,2,6,7,5,9,16,39,14,-21,0,4,9,12,7,25,-1,-4,1,15,14,8,3,14,31,-4,2,12,19,2,1,5,0,22,33,40,30,6,0,-3,1,11,48,36,32,7,1,0,2
2025-04-22 16:23:50.05,s,1,5,7,2,8,14,24,-2,-32,-5,0,6,7,4,18,-2,-6,-9,8,8,-4,2,12,20,-4,1,8,20,-1,-3,-1,1,19,29,40,37,13,-3,-7,-3,8,36,37,33,10,1,-4,0
2025-04-22 16:23:50.06,s,1,-3,-5,-5,-1,5,14,-7,-22,-6,-4,3,5,0,9,-8,-4,-7,3,7,0,-4,7,15,-4,-1,10,18,4,-5,-5,1,15,26,39,35,12,-4,-9,-6,7,28,30,32,10,0,-4,0
2025-04-22 16:23:50.07,s,11,17,15,10,12,16,10,5,-13,-2,1,0,12,-1,6,-7,-1,1,5,8,12,-5,4,7,-3,-2,10,19,1,-4,-3,1,14,22,30,31,12,-5,-11,-13,8,23,23,28,11,0,-5,3
2025-04-22 16:23:50.08,s,1,3,1,-1,1,10,-1,-9,-29,-10,0,-1,6,-5,-2,-8,-1,5,7,7,-1,-4,-2,4,-4,0,12,21,6,-8,-4,0,15,19,23,34,11,-5,-12,-14,5,24,15,31,10,0,-4,-1
2025-04-22 16:23:50.09,s,0,-3,-4,-2,-4,5,-9,-10,-29,-11,-1,-4,7,-12,-4,-12,1,4,5,5,-2,-7,-3,-5,-5,2,10,17,5,-9,-9,0,12,15,18,30,7,-4,-13,-12,2,21,10,26,9,-5,-3,0
2025-04-22 16:23:50.10,s,2,3,4,0,5,5,-6,4,-9,-7,4,2,6,-9,-5,-10,2,8,13,10,14,-4,-3,-4,-4,1,13,22,7,-7,-2,-2,14,15,18,30,12,-5,-11,-17,4,19,9,27,9,1,-3,0
2025-04-22 16:23:50.11,s,1,4,0,1,2,2,-7,-7,-26,-7,-1,3,5,-10,-11,-11,2,7,11,13,-2,-3,-6,-4,-3,1,15,24,6,-7,-7,1,10,14,20,31,10,0,-12,-12,2,21,12,26,11,0,-5,0
2025-04-22 16:23:50.12,s,0,-6,-9,-5,-6,1,-16,-11,-35,-7,0,-3,6,-15,-9,-10,2,6,16,12,-6,-4,-3,-9,1,3,13,26,4,-7,-5,-3,13,17,17,35,12,-3,-9,-15,4,19,9,23,12,0,-5,-1
2025-04-22 16:23:50.13,s,2,4,5,2,4,6,-12,6,-8,-3,2,4,5,-9,-3,-8,5,11,18,16,13,-2,-5,-5,2,1,18,24,5,-7,-1,0,14,17,18,31,13,-5,-11,-15,4,21,10,25,11,0,-4,3
2025-04-22 16:23:50.15,s,1,1,0,-4,1,2,-13,-6,-27,-4,3,3,7,-14,-6,-9,5,9,19,15,0,-5,-5,-9,2,2,16,26,6,-8,-4,2,13,20,20,33,13,-3,-13,-14,5,20,10,27,10,2,-4,0
2025-04-22 16:23:50.16,s,0,2,2,-2,0,2,-12,-11,-33,-5,3,1,6,-14,-12,-12,6,11,17,16,-4,-3,-4,-4,1,2,20,29,7,-6,-9,0,14,23,21,38,13,-5,-10,-18,5,25,12,32,12,-1,-3,0
2025-04-22 16:23:50.17,s,0,-2,0,-2,0,2,-15,2,-13,-2,3,6,8,-13,-1,-11,8,18,21,23,12,0,-2,-3,4,2,23,33,6,-5,1,1,16,23,26,42,16,-2,-11,-15,8,26,17,35,16,1,-2,2
2025-04-22 16:23:50.18,s,2,6,3,3,1,8,-13,-2,-19,-3,7,4,10,-12,-5,-9,10,16,23,22,8,-2,-4,-4,1,1,24,34,11,-3,-1,1,16,24,29,41,16,2,-8,-12,9,26,21,34,14,4,-2,0
2025-04-22 16:23:50.19,s,-3,4,-2,0,-1,6,-15,-12,-31,-4,6,3,6,-12,-9,-8,9,15,20,19,1,-2,-5,-4,2,2,24,33,9,-6,-2,-1,16,23,25,36,17,-3,-9,-13,4,29,15,30,15,3,-4,0
2025-04-22 16:23:50.21,s,1,-1,0,-1,1,1,-12,3,-15,-3,6,2,9,-10,-1,-10,9,16,21,19,12,-2,-2,-6,3,2,22,31,6,-4,0,0,16,22,23,37,12,2,-9,-13,7,25,17,33,11,4,-1,0
2025-04-22 16:23:50.22,open,2,3,3,0,5,5,-10,-2,-17,1,7,4,6,-9,-7,-8,7,16,20,19,7,1,-1,-3,1,1,22,27,10,-5,-2,0,14,24,23,33,16,-2,-9,-10,3,27,14,30,12,4,-2,0
2025-04-22 16:23:50.23,open,1,1,-1,-2,1,1,-14,-9,-33,-2,4,4,5,-9,-9,-8,4,14,20,12,-2,-1,-4,-3,0,1,20,25,9,-5,-4,1,14,21,18,35,12,0,-9,-8,3,24,12,27,11,4,-2,0
2025-04-22 16:23:50.24,open,0,2,-3,-2,0,1,-14,1,-19,0,4,4,7,-14,-3,-10,8,11,16,15,7,0,-3,-8,2,2,15,26,5,-4,0,-2,13,17,20,29,12,-2,-10,-8,3,19,7,27,8,3,-2,1
2025-04-22 16:23:50.25,open,0,6,0,4,0,3,-12,0,-19,-4,6,1,8,-13,-4,-10,6,10,15,9,5,-3,-3,-8,2,2,12,24,5,-6,0,-1,11,17,16,29,12,-3,-11,-9,0,19,9,23,9,3,-3,2
2025-04-22 16:23:50.26,open,1,3,1,0,1,1,-14,-7,-31,-3,3,2,6,-12,-10,-9,2,10,12,10,-4,-5,-3,-6,2,3,11,21,6,-8,-6,1,10,16,13,29,11,-4,-8,-14,3,19,4,25,10,0,-1,0
2025-04-22 16:23:50.27,open,-2,-6,-13,-7,-8,-4,-21,-8,-25,-5,0,1,3,-16,-6,-10,4,6,10,9,-4,-7,-5,-10,-1,1,12,19,3,-9,-4,-1,8,16,12,28,9,-5,-9,-14,2,17,7,23,7,1,-2,2
2025-04-22 16:23:50.28,open,12,20,17,12,6,13,-10,9,-13,3,5,6,7,-12,-1,-10,5,10,13,10,9,-3,-4,-8,-3,0,11,18,2,-7,-1,-2,13,12,15,27,8,-1,-11,-13,3,16,8,22,11,1,-4,3
2025-04-22 16:23:50.29,open,2,4,3,2,-2,6,-15,-8,-26,-2,6,2,8,-13,-4,-10,5,9,13,9,-1,-3,-2,-8,-2,2,11,18,5,-7,-3,1,9,18,13,26,10,-2,-13,-14,1,21,9,23,10,2,-3,0
2025-04-22 16:23:50.31,open,0,0,-7,-1,-1,0,-13,-7,-29,-2,4,1,7,-13,-4,-7,5,7,15,9,-5,1,-4,-6,0,2,11,22,5,-7,-4,-2,12,14,14,29,8,-3,-10,-15,2,19,9,24,8,1,-2,0
2025-04-22 16:23:50.32,open,0,6,0,4,0,9,-10,6,-8,0,8,4,11,-6,1,-7,6,15,16,15,14,0,-2,-5,1,2,12,23,4,-4,2,1,10,19,17,25,10,-4,-13,-16,3,19,7,25,9,-2,-1,2
2025-04-22 16:23:50.33,open,1,5,0,3,1,7,-8,-3,-27,-2,5,6,8,-9,-2,-7,5,11,17,9,-3,2,-3,-4,-1,1,15,19,7,-6,-1,-2,13,17,13,28,9,-5,-11,-17,5,20,6,20,10,-2,-4,0
2025-04-22 16:23:50.34,open,-2,-3,-9,-2,-3,0,-12,-9,-33,0,2,4,7,-10,-5,-8,4,7,16,8,-7,1,-4,-3,0,1,15,19,6,-4,-3,2,11,14,16,27,9,-5,-8,-14,3,18,9,23,8,-1,-4,0
2025-04-22 16:23:50.35,open,1,8,2,6,2,7,-6,6,-6,1,5,5,8,-7,3,-8,8,11,13,12,13,1,-2,-5,-1,2,13,19,6,-5,3,0,11,18,14,27,10,-3,-11,-13,4,20,5,24,11,-4,-1,3
2025-04-22 16:23:50.37,open,0,8,2,2,2,6,-8,-5,-24,0,5,4,6,-7,-3,-7,5,7,16,10,-1,2,-1,-5,2,1,11,21,4,-6,0,-2,12,18,15,28,9,-2,-11,-14,1,22,6,24,10,0,-3,0
2025-04-22 16:23:50.38,open,-2,8,-1,4,-2,7,-14,-11,-34,1,3,4,6,-13,-5,-7,4,7,14,8,-7,1,-5,-5,-3,2,11,22,6,-5,-4,0,9,18,15,30,11,0,-12,-13,4,19,10,24,10,-2,-2,2
2025-04-22 16:23:50.39,open,0,-4,-2,-4,-2,3,-10,4,-13,-3,6,2,9,-10,2,-11,7,9,16,14,9,-1,-1,-7,0,2,14,23,4,-5,4,-3,14,15,17,31,12,-3,-8,-15,4,23,9,27,12,1,-3,1
2025-04-22 16:23:50.40,open,0,12,2,7,2,12,-9,-1,-22,3,6,9,9,-10,0,-8,6,14,17,15,5,3,-2,-3,2,3,14,27,7,-5,3,-1,16,19,18,34,11,2,-8,-9,3,25,11,29,15,1,0,1
2025-04-22 16:23:50.41,open,-3,8,-1,1,4,5,-8,-5,-33,1,5,3,9,-10,-2,-10,6,11,17,14,0,0,2,-3,0,1,19,26,10,-4,0,1,14,22,21,37,13,3,-7,-9,7,23,15,30,15,6,-2,0
2025-04-22 16:23:50.42,open,-3,3,-3,1,0,8,-11,2,-17,3,5,5,12,-7,4,-7,6,14,19,14,13,3,2,-2,0,4,17,31,10,-3,5,1,15,23,22,45,17,1,-5,-12,5,26,14,33,16,1,1,2
2025-04-22 16:23:50.43,open,-1,5,-1,4,1,9,-8,2,-22,3,5,9,7,-4,0,-6,7,10,22,17,6,5,0,-1,1,2,16,31,7,1,3,-3,17,22,22,39,16,2,-8,-10,8,26,14,32,16,2,-2,1
2025-04-22 16:23:50.45,open,-1,3,0,0,2,6,-8,-10,-29,-1,6,5,6,-6,-4,-8,6,11,18,12,0,2,1,-2,-1,3,19,30,10,-1,0,1,14,25,26,36,16,2,-7,-10,7,28,14,36,14,8,2,0
2025-04-22 16:23:50.46,open,0,5,0,2,0,9,-9,2,-18,2,5,3,9,-8,2,-8,4,13,20,14,11,3,0,-1,0,1,21,26,11,-1,4,-3,16,20,24,36,14,4,-6,-10,7,26,14,33,13,4,2,2
2025-04-22 16:23:50.47,open,2,3,3,3,2,8,-6,4,-17,-1,7,3,12,-6,2,-4,5,11,20,14,9,5,0,0,1,1,22,27,12,-2,6,-2,17,22,23,39,17,1,-4,-9,8,27,15,32,15,4,-1,1
2025-04-22 16:23:50.48,open,0,13,4,8,5,13,-6,-3,-29,3,5,9,9,-8,-1,-8,5,9,19,13,1,5,0,-1,1,2,20,29,7,0,-1,1,15,21,26,36,13,5,-7,-6,5,24,17,33,16,3,-2,0
2025-04-22 16:23:50.49,open,-4,-6,-12,-8,-3,-2,-13,-8,-23,-6,4,2,7,-6,-2,-7,2,10,17,11,3,3,0,-2,-3,2,18,30,10,-3,2,-2,16,21,24,37,16,1,-4,-12,7,24,19,31,16,4,0,2
2025-04-22 16:23:50.50,open,9,20,11,13,7,13,-3,8,-6,1,9,6,13,-4,1,-6,5,14,20,15,18,3,3,-3,-1,2,18,29,10,-2,6,1,14,24,28,37,17,3,-6,-7,7,25,19,35,15,8,-1,2
2025-04-22 16:23:50.51,open,1,6,1,1,4,7,-6,-6,-26,-2,7,5,11,-8,1,-8,5,9,19,15,1,5,2,-4,1,2,20,31,8,1,-1,1,13,26,28,39,16,6,-6,-9,8,26,19,35,16,8,2,2
2025-04-22 16:23:50.52,open,-2,-3,-6,-2,0,3,-9,-7,-27,-5,4,5,5,-5,-3,-6,1,12,18,12,4,3,0,-2,-1,1,21,31,9,1,1,-1,17,21,26,42,16,6,-3,-10,8,27,17,36,15,9,-1,1
2025-04-22 16:23:50.53,open,2,9,9,4,9,11,-6,8,-11,4,6,9,11,-4,6,-4,7,9,21,18,15,7,3,-2,2,2,16,31,9,-2,8,-2,17,22,25,39,16,5,-4,-9,4,29,17,35,16,5,2,2
2025-04-22 16:23:50.54,open,2,7,5,4,2,14,-7,-5,-22,1,4,7,9,-6,1,-4,2,10,19,12,3,5,1,-2,2,4,17,30,10,-1,4,0,16,23,25,40,17,2,-3,-10,5,29,17,37,16,5,-2,0
2025-04-22 16:23:50.56,open,1,-2,-5,-5,1,6,-7,-6,-31,-4,4,4,11,-5,-2,-7,2,9,15,11,1,2,3,-2,1,2,16,29,8,1,-1,1,14,23,24,36,14,4,-5,-7,5,24,19,32,15,4,-2,0
2025-04-22 16:23:50.57,s,1,10,8,5,8,11,-1,8,-6,1,9,5,13,-1,7,-6,5,8,16,18,15,4,3,-2,0,2,14,29,10,-1,7,0,13,23,24,37,17,2,-5,-9,7,28,15,30,14,6,0,1
2025-04-22 16:23:50.59,s,2,4,2,2,5,11,-8,-2,-26,2,6,9,13,-3,3,-2,4,6,18,12,6,8,5,0,1,2,18,24,10,2,1,1,14,21,24,36,17,4,-5,-7,4,26,15,31,15,4,0,2
2025-04-22 16:23:50.60,s,2,9,1,1,4,8,-6,-10,-30,-4,6,3,7,-1,-1,-5,-2,7,14,11,-3,8,1,0,0,1,14,25,8,2,3,-2,15,19,22,35,17,3,-4,-6,4,23,17,34,14,9,2,2
2025-04-22 16:23:50.61,s,0,2,2,3,2,13,-3,8,-14,3,6,7,12,0,8,-8,4,4,15,14,13,8,4,1,-2,0,15,22,11,1,8,0,13,19,21,37,14,8,-2,-7,7,23,14,31,16,6,-1,2
2025-04-22 16:23:50.62,s,2,8,5,4,8,13,2,1,-18,2,6,9,11,3,5,-3,-2,6,11,9,8,8,4,-1,-3,2,12,23,8,4,7,-2,14,18,20,36,14,6,-2,-7,4,23,13,32,17,9,1,0
2025-04-22 16:23:50.63,s,1,2,0,1,1,16,-2,-6,-34,1,4,9,11,5,3,-4,-4,-13,8,10,0,9,8,4,-2,2,9,22,11,4,5,0,13,20,21,35,16,6,-1,-4,4,24,13,34,16,8,5,1
2025-04-22 16:23:50.64,s,0,2,2,2,7,15,7,9,-15,3,5,10,16,8,16,-4,0,1,10,11,14,13,9,3,-2,2,10,21,11,9,8,1,11,18,23,36,14,11,-2,-4,3,26,18,33,15,13,4,2
2025-04-22 16:23:50.65,s,0,9,4,9,9,19,15,8,-18,2,7,11,15,14,13,-3,-2,2,9,14,14,13,12,8,-3,1,12,23,10,12,11,1,15,22,26,34,20,13,2,1,5,26,18,36,17,12,2,2
2025-04-22 16:23:50.66,s,0,1,4,2,7,19,15,-3,-30,1,11,13,14,14,14,1,-7,-2,7,12,3,14,14,12,-5,2,8,25,11,10,14,-3,16,25,26,41,19,12,6,1,6,31,20,35,19,13,6,0
2025-04-22 16:23:50.67,s,0,3,0,7,9,18,19,9,-14,1,12,14,14,16,17,0,-8,-1,9,14,14,17,16,14,-8,2,10,23,11,13,19,1,13,27,31,35,15,16,6,5,4,35,21,36,19,17,4,0
2025-04-22 16:23:50.68,s,2,8,10,9,13,26,22,6,-14,5,9,19,15,14,21,4,-7,-3,12,13,11,19,18,20,-5,2,8,21,9,16,22,0,18,26,29,39,17,16,11,6,9,34,23,36,17,16,6,0
2025-04-22 16:23:50.69,s,1,8,9,10,10,25,23,-1,-27,2,13,18,14,17,19,3,-5,-5,13,16,3,15,20,26,-6,1,7,20,6,16,17,1,15,27,29,32,17,15,12,9,9,36,23,34,18,14,7,0
2025-04-22 16:23:50.70,s,-2,-2,0,3,0,22,22,-1,-24,3,11,23,14,19,27,6,-3,2,18,21,6,21,22,32,-7,1,16,24,8,15,20,0,20,28,31,38,17,16,17,17,11,39,27,35,16,18,10,2
2025-04-22 16:23:50.71,s,11,26,21,25,20,34,43,13,-5,6,22,36,21,28,36,8,-1,14,28,30,24,26,28,40,-4,1,24,30,9,23,28,0,23,34,34,39,19,24,20,19,16,48,29,36,19,22,15,3
2025-04-22 16:23:50.72,s,3,11,20,26,18,35,47,13,-29,12,28,48,25,31,42,13,5,19,37,41,15,33,37,49,0,4,31,45,13,31,27,0,24,40,40,42,23,32,25,31,15,49,35,35,18,37,22,0
2025-04-22 16:23:50.74,s,-1,8,18,27,20,35,54,10,-22,10,34,78,31,46,53,19,7,30,53,55,25,42,45,60,3,5,54,54,17,37,33,2,28,45,45,43,25,33,30,32,16,56,38,35,20,37,22,0
2025-04-22 16:23:50.75,s,2,11,31,40,28,46,70,21,0,16,41,94,36,58,69,19,16,37,67,68,45,51,54,65,7,5,63,64,19,42,46,0,33,50,54,50,24,36,34,32,19,60,42,39,16,37,23,1
2025-04-22 16:23:50.76,s,2,19,34,44,31,50,76,19,-23,17,42,103,38,66,67,24,12,38,72,70,31,54,56,69,5,7,67,66,23,46,42,1,35,55,59,49,22,35,35,34,19,64,43,32,19,35,22,2
2025-04-22 16:23:50.77,s,-2,7,26,43,24,51,72,17,-30,17,44,107,41,71,73,23,12,40,75,74,32,57,61,72,8,6,75,73,26,49,44,0,39,63,66,54,23,38,37,34,21,69,50,36,19,33,25,0
2025-04-22 16:23:50.78,s,4,24,41,57,39,80,100,33,11,19,51,117,53,83,97,26,17,44,83,86,65,66,70,77,8,6,83,82,30,60,51,3,39,76,79,58,29,44,39,40,24,78,62,43,17,40,26,2
2025-04-22 16:23:50.80,s,2,22,37,58,44,91,107,25,-28,25,53,123,54,103,102,29,15,52,101,92,52,76,74,84,8,10,95,93,42,66,53,1,47,83,91,69,35,53,47,40,29,100,69,54,22,44,28,2
2025-04-22 16:23:50.81,s,1,24,45,59,53,98,113,21,-26,26,59,131,62,122,116,33,16,59,115,103,64,97,91,90,11,9,109,112,54,88,60,3,47,92,108,76,49,63,52,45,29,101,79,58,30,49,31,1
2025-04-22 16:23:50.82,s,2,33,53,70,65,113,123,31,17,41,77,154,78,137,132,38,23,77,125,117,95,110,105,95,14,10,120,121,71,112,77,3,50,98,114,86,57,88,63,56,29,104,89,65,35,59,36,2
2025-04-22 16:23:50.83,s,4,44,67,76,80,125,131,30,-9,46,86,158,91,159,143,45,22,81,127,120,105,136,133,107,10,12,117,127,89,137,113,4,48,94,109,86,70,98,93,58,28,103,78,67,40,72,55,1
2025-04-22 16:23:50.84,s,4,42,66,75,80,123,127,22,-22,52,96,164,99,162,141,45,23,91,133,126,115,137,137,103,10,12,125,135,95,143,112,2,50,102,118,91,73,99,91,62,27,106,87,69,41,74,53,1
2025-04-22 16:23:50.85,s,2,45,67,79,88,128,129,29,26,60,99,167,101,164,139,41,26,91,136,127,118,137,128,99,11,10,126,130,95,138,109,1,53,101,114,91,69,100,86,59,29,107,86,65,39,74,48,3
2025-04-22 16:23:50.86,s,4,52,74,81,93,129,127,25,1,66,106,167,107,167,137,40,29,99,139,130,120,139,128,95,11,11,131,138,102,141,107,3,53,107,119,94,75,99,84,55,32,111,90,70,40,76,47,3
2025-04-22 16:23:50.88,s,4,49,71,76,98,123,120,19,-15,71,104,172,113,171,132,41,31,101,143,135,128,146,126,94,11,14,136,146,114,150,108,3,53,110,124,100,83,107,88,57,29,116,92,75,46,78,50,1
2025-04-22 16:23:50.89,s,4,56,76,82,105,127,112,25,39,76,113,175,124,169,124,36,33,108,149,137,147,145,120,85,12,12,142,151,116,147,104,2,59,111,128,102,85,106,87,52,34,117,99,81,47,77,47,2
2025-04-22 16:23:50.90,s,6,60,84,88,114,130,115,27,3,74,108,178,124,173,117,35,32,98,148,138,142,148,117,83,16,12,139,151,117,148,101,1,57,110,128,98,84,108,81,52,35,116,98,80,45,80,45,2
2025-04-22 16:23:50.91,s,4,45,74,78,118,126,113,17,-21,67,109,178,135,176,123,31,31,98,146,138,153,152,119,82,10,14,139,153,129,154,99,4,55,113,132,101,92,108,85,51,31,102,99,81,54,78,48,0
2025-04-22 16:23:50.92,s,2,42,65,76,119,128,106,20,22,69,107,185,140,183,121,29,30,94,145,142,167,152,118,79,8,12,138,157,133,155,101,2,55,107,128,103,96,109,82,49,29,120,98,87,56,80,44,3
2025-04-22 16:23:50.94,s,20,67,88,97,138,139,120,30,15,60,104,186,143,182,116,26,25,83,136,143,166,152,110,73,10,11,129,154,130,150,91,3,50,102,125,100,92,108,75,39,31,114,91,79,54,78,40,2
2025-04-22 16:23:50.95,s,4,42,65,82,129,128,110,18,-30,45,88,181,139,176,114,22,20,70,129,138,158,152,104,72,5,10,124,152,132,145,86,3,49,100,121,97,91,106,67,37,27,115,92,79,51,76,37,0
2025-04-22 16:23:50.96,s,3,32,53,78,121,127,102,16,2,45,89,180,144,174,116,22,21,69,128,139,166,150,102,71,3,11,122,154,135,145,86,3,47,100,121,95,97,106,68,36,26,115,91,83,54,76,39,1
2025-04-22 16:23:50.97,s,4,52,74,94,141,135,114,32,21,50,91,190,146,179,113,22,23,67,128,143,176,152,104,72,7,11,120,158,134,150,89,1,51,95,120,99,96,110,70,35,31,111,91,86,52,80,39,3
2025-04-22 16:23:50.98,s,4,40,59,86,128,130,104,19,-32,41,83,179,144,170,109,19,18,51,116,142,165,145,98,68,5,10,115,154,134,145,84,0,49,92,116,95,94,108,68,32,29,108,87,81,51,77,37,0
2025-04-22 16:23:50.99,s,2,29,49,76,129,121,102,18,-14,30,73,177,142,169,111,18,17,41,109,139,167,145,93,67,1,11,106,154,135,141,79,3,45,91,110,91,96,102,64,28,26,103,84,80,52,75,37,0
2025-04-22 16:23:51.00,s,8,54,68,98,146,138,116,37,29,36,75,187,148,176,111,17,14,40,105,142,177,146,97,68,2,9,102,151,133,142,79,3,43,85,105,93,97,105,60,27,25,103,78,75,54,74,32,2
2025-04-22 16:23:51.01,s,4,35,55,86,137,130,111,22,-34,32,65,182,147,170,115,19,11,31,97,139,171,147,92,69,-4,9,94,151,138,140,78,2,43,79,103,90,93,105,57,27,24,98,77,78,51,76,32,0
2025-04-22 16:23:51.03,s,2,34,47,82,130,127,105,18,-23,30,63,181,146,170,117,16,8,30,96,140,172,147,100,67,-1,9,95,153,140,142,80,3,40,78,102,89,98,106,57,28,22,95,76,76,51,74,33,1
2025-04-22 16:23:51.04,s,4,38,54,88,141,131,116,32,27,33,67,185,147,178,116,17,10,30,97,142,177,149,98,68,-2,9,90,153,138,139,84,1,42,74,100,92,93,104,59,23,25,93,73,79,50,74,33,3
2025-04-22 16:23:51.05,s,4,42,53,86,136,130,114,24,-22,29,63,178,148,172,118,15,7,27,89,139,168,149,92,70,-4,6,88,150,132,142,77,1,42,74,99,91,91,104,54,22,25,92,73,78,50,74,30,2
2025-04-22 16:23:51.06,s,3,27,42,80,127,127,105,19,-30,29,56,174,144,168,114,13,7,22,89,138,167,142,91,66,-5,8,83,151,134,136,75,3,39,76,95,89,90,102,53,21,23,92,69,78,49,69,31,-1
2025-04-22 16:23:51.07,s,2,35,47,86,133,131,110,30,24,35,64,179,145,171,113,16,7,29,89,141,175,144,90,62,-3,6,85,149,132,133,74,2,41,73,94,91,89,101,53,19,24,91,68,72,50,70,27,2
2025-04-22 16:23:51.08,s,4,39,55,86,140,131,110,25,-16,34,61,182,143,172,115,13,8,23,89,138,170,147,88,68,-4,6,81,150,132,137,75,0,41,73,93,90,92,100,49,20,20,90,71,72,51,72,28,0
2025-04-22 16:23:51.09,s,3,28,42,80,127,125,103,17,-34,34,62,181,144,169,115,15,6,23,91,139,168,145,94,68,-4,9,85,152,138,137,79,2,38,74,95,92,92,101,56,24,21,93,70,75,49,73,28,-1
2025-04-22 16:23:51.10,s,2,41,50,87,136,126,111,29,26,37,71,185,147,175,114,15,10,27,93,142,177,149,92,68,-5,5,85,150,137,138,77,1,39,69,97,92,93,101,56,23,20,89,70,75,51,73,28,2
2025-04-22 16:23:51.11,s,4,41,61,90,141,129,112,25,-3,37,71,187,145,175,112,15,6,26,95,143,174,149,94,67,-3,9,88,154,139,140,79,2,38,75,97,92,97,105,55,26,22,89,73,78,53,73,31,0
2025-04-22 16:23:51.13,s,2,42,52,89,134,130,107,20,-31,36,68,186,146,169,113,17,6,24,95,142,173,145,92,63,-4,8,90,153,140,138,80,2,39,74,100,92,96,102,57,24,19,93,71,76,55,72,32,1
2025-04-22 16:23:51.14,s,1,27,40,76,128,121,100,19,10,33,69,183,145,172,114,13,6,24,94,142,176,145,93,61,-5,6,89,154,139,139,77,1,38,73,101,91,94,105,53,24,20,91,74,79,52,73,30,1
2025-04-22 16:23:51.15,s,18,58,72,102,145,138,114,34,11,40,73,189,152,172,115,16,8,25,99,143,179,149,91,64,-4,8,88,153,139,137,78,3,38,71,101,91,97,106,53,23,21,90,74,78,50,75,29,3
2025-04-22 16:23:51.16,s,3,37,55,86,134,127,107,18,-31,34,70,185,144,174,111,15,1,25,93,143,173,145,91,61,-5,9,86,153,139,139,77,0,39,71,97,91,97,102,55,23,20,88,72,75,54,71,31,0
2025-04-22 16:23:51.18,s,2,28,47,79,133,121,106,17,0,33,70,185,148,172,117,16,6,24,96,142,176,147,96,64,-6,7,86,151,141,142,79,2,35,70,100,91,96,105,57,27,21,86,73,80,53,73,35,0
2025-04-22 16:23:51.19,s,6,48,63,99,144,136,116,35,19,44,74,194,150,182,118,17,6,30,99,143,184,150,97,68,-7,8,89,153,140,142,84,1,39,73,98,94,98,104,60,24,23,88,70,76,52,77,32,3
2025-04-22 16:23:51.20,s,3,38,56,86,137,129,108,19,-26,37,70,189,148,177,117,18,4,23,96,143,174,150,98,67,-6,8,87,153,141,139,82,1,37,70,97,92,99,105,59,27,17,89,70,80,55,75,31,0
2025-04-22 16:23:51.21,s,2,27,44,78,130,124,104,17,-12,36,71,186,146,176,115,16,5,22,94,143,175,148,97,64,-5,7,90,153,142,145,81,2,34,71,101,91,98,107,60,28,19,85,69,81,52,76,35,-1
2025-04-22 16:23:51.22,s,7,50,61,96,142,135,115,33,32,42,75,189,153,178,116,19,5,28,97,145,186,148,98,66,-5,7,85,155,140,144,83,1,38,69,100,93,99,102,60,26,21,89,70,79,55,75,32,2
2025-04-22 16:23:51.23,s,3,33,51,82,136,126,107,19,-26,34,67,187,147,177,116,16,5,22,95,144,176,148,97,66,-8,7,85,154,142,140,81,0,38,73,99,92,96,106,57,24,23,87,69,76,55,73,32,0
2025-04-22 16:23:51.24,s,1,32,44,80,130,119,105,15,-18,28,65,182,147,170,111,14,1,20,89,142,173,148,93,64,-6,8,82,153,139,138,76,3,34,70,96,90,98,102,52,24,19,85,68,75,52,75,30,0
2025-04-22 16:23:51.25,s,4,35,53,87,140,128,113,29,28,33,71,185,151,173,113,15,6,23,89,145,180,148,93,66,-5,6,84,150,140,138,74,2,33,70,95,91,96,101,53,23,20,83,67,79,51,70,30,1
2025-04-22 16:23:51.26,s,5,41,57,90,142,132,110,24,-17,32,65,187,147,170,114,18,1,21,91,140,172,146,89,64,-5,6,82,151,137,135,72,2,34,67,92,93,93,100,51,20,23,84,67,73,51,70,26,0
2025-04-22 16:23:51.27,s,2,26,43,76,129,119,104,19,-29,28,64,179,144,167,108,16,0,22,90,139,169,144,89,69,-7,5,85,147,133,135,73,2,35,67,95,89,89,100,53,23,21,85,66,76,48,70,27,-1
2025-04-22 16:23:51.28,s,4,40,56,88,140,131,110,29,30,38,70,186,148,171,116,22,8,27,99,139,175,146,92,70,-4,8,86,150,132,135,77,2,37,74,95,92,90,101,56,27,20,87,66,74,49,72,28,2
2025-04-22 16:23:51.30,s,4,41,58,88,137,130,108,24,-10,43,77,181,147,172,113,22,8,35,104,138,169,147,98,74,-3,9,95,147,133,138,81,0,38,74,100,89,90,102,57,34,21,87,70,74,50,72,32,0
2025-04-22 16:23:51.31,s,3,36,52,78,125,120,105,17,-23,43,78,180,136,171,115,26,10,42,109,136,156,146,100,76,-2,9,98,148,123,136,83,1,39,78,102,89,84,99,57,34,20,90,71,70,44,70,32,-1
2025-04-22 16:23:51.32,s,4,45,63,82,121,123,108,26,37,54,86,182,130,171,122,30,20,55,121,136,152,143,105,79,5,10,110,142,113,132,79,2,42,85,103,92,77,94,55,34,24,97,76,68,39,66,32,2
2025-04-22 16:23:51.33,s,7,54,68,91,109,123,115,27,5,64,95,183,122,159,129,30,24,64,131,137,135,136,110,86,9,10,118,145,103,126,85,1,49,91,116,91,73,88,60,38,29,106,83,70,40,63,29,1
2025-04-22 16:23:51.34,s,4,61,73,88,94,109,115,23,-13,69,100,180,102,142,129,32,28,81,134,135,110,120,109,94,11,9,127,140,87,111,77,3,51,101,121,92,61,79,53,40,30,111,92,69,31,54,27,1
2025-04-22 16:23:51.35,s,3,41,61,73,68,97,110,23,32,73,100,183,79,135,129,36,30,91,141,134,96,109,107,98,14,12,130,142,71,97,74,4,57,108,128,94,52,67,47,39,35,117,100,71,28,46,21,2
2025-04-22 16:23:51.37,s,19,77,92,102,77,115,127,39,31,83,113,188,82,135,139,37,39,106,148,139,95,110,112,102,18,11,141,143,70,99,77,4,61,115,135,100,52,68,52,43,37,120,105,78,30,49,24,4
2025-04-22 16:23:51.38,s,4,53,74,87,63,103,121,26,-10,74,107,183,73,130,137,38,37,107,147,137,85,109,117,103,18,16,141,144,67,100,79,4,61,119,138,101,54,69,57,44,41,123,102,82,31,48,29,1
2025-04-22 16:23:51.39,s,1,44,69,79,58,95,116,26,21,67,100,185,65,123,133,39,33,105,147,131,77,98,112,101,20,12,140,138,57,90,75,1,62,113,135,95,46,60,52,41,39,120,103,76,25,44,25,1
2025-04-22 16:23:51.40,s,4,46,72,87,57,98,118,37,30,58,93,182,63,115,132,39,33,95,146,125,69,91,106,101,19,12,133,131,45,76,71,2,59,109,127,92,37,46,44,41,34,118,99,70,20,34,19,3
2025-04-22 16:23:51.41,s,1,21,51,74,44,80,110,21,-26,25,71,161,55,97,119,31,26,80,129,115,49,71,93,91,16,12,123,117,34,57,57,3,51,98,121,79,28,31,33,36,32,111,93,60,16,19,12,2
2025-04-22 16:23:51.42,s,-3,3,25,59,26,64,91,16,-26,7,45,140,43,80,105,24,22,67,114,100,38,50,74,83,13,9,110,98,21,35,40,2,45,92,106,70,19,9,20,24,27,105,82,56,9,3,6,2
2025-04-22 16:23:51.44,s,3,11,33,55,29,56,87,23,11,6,42,115,35,64,95,18,18,60,104,81,40,30,53,68,9,9,96,80,15,23,30,3,41,79,93,61,12,5,14,20,31,95,76,49,7,2,2,2
2025-04-22 16:23:51.45,s,1,10,21,44,16,38,69,17,-20,6,32,90,25,40,67,17,13,49,87,69,21,19,41,61,9,8,84,70,15,15,21,0,39,71,81,55,13,9,9,19,23,88,68,45,11,6,3,2
2025-04-22 16:23:51.46,s,-2,7,14,26,8,25,44,5,-31,4,19,54,15,23,37,9,9,29,61,44,8,16,31,47,4,4,55,47,12,11,12,0,29,57,62,45,14,8,6,16,18,67,55,41,12,10,4,0
2025-04-22 16:23:51.47,s,0,3,5,8,8,18,40,16,-8,2,11,27,15,14,35,4,7,15,33,27,20,14,22,37,1,2,28,29,7,9,11,0,21,35,44,39,11,9,6,8,13,48,36,35,14,8,4,2
2025-04-22 16:23:51.48,s,0,9,10,7,9,16,34,4,-17,-3,8,14,8,9,22,-1,-2,5,16,16,9,8,12,24,-4,2,11,21,1,7,1,0,16,25,39,35,10,4,0,-1,12,35,28,32,13,7,2,2
2025-04-22 16:23:51.49,s,-3,3,0,2,2,14,17,-8,-30,-3,3,4,8,4,12,-3,-4,0,9,6,-1,3,10,18,-3,1,8,18,4,3,-4,-1,13,22,37,36,13,5,-2,-5,5,29,29,34,11,8,-1,1
2025-04-22 16:23:51.50,s,0,4,1,-3,4,7,9,-2,-14,-1,-1,1,8,2,7,-6,1,-1,8,5,10,3,3,6,0,2,8,19,2,1,-1,-3,13,19,32,36,13,3,-5,-7,5,23,22,33,12,9,0,0
2025-04-22 16:23:51.51,s,1,3,4,-1,5,7,0,-7,-17,-8,0,-1,6,-2,0,-6,1,5,5,3,4,0,0,2,0,0,10,17,2,1,-2,0,13,16,24,36,11,4,-4,-8,5,20,15,33,14,5,-3,0
2025-04-22 16:23:51.53,s,0,-3,0,-2,0,5,-8,-12,-31,-10,-4,-4,3,-7,-6,-8,-2,3,5,0,-9,-5,-3,-4,0,1,6,16,-1,-6,-8,-2,10,14,17,33,11,1,-10,-10,1,17,12,27,11,6,-2,-1
2025-04-22 16:23:51.54,s,0,-4,-1,-4,-4,0,-10,-2,-18,-12,-1,-7,6,-10,-10,-10,-1,5,7,1,3,-7,-7,-6,-4,0,10,13,-1,-4,-7,1,6,12,18,27,9,2,-10,-9,1,13,12,24,11,8,-2,0
2025-04-22 16:23:51.55,s,0,8,1,6,0,7,-11,-3,-16,-7,-2,-3,2,-9,-10,-12,1,3,9,6,0,-4,-5,-9,0,1,10,15,5,-6,-5,0,6,12,16,29,12,2,-9,-8,2,12,9,26,11,6,-1,2
2025-04-22 16:23:51.56,s,1,2,2,0,1,2,-10,-9,-30,-7,0,-6,6,-14,-7,-13,1,3,7,6,-8,-7,-6,-9,0,3,10,13,5,-7,-7,-2,8,11,15,27,10,3,-10,-12,2,11,7,24,10,8,-2,0
2025-04-22 16:23:51.57,s,0,-7,-12,-6,-11,0,-21,-12,-23,-10,-4,-4,0,-12,-9,-10,-1,7,11,7,-2,-9,-9,-12,-3,2,10,17,7,-7,-5,-2,9,9,12,28,10,5,-7,-7,1,12,7,21,12,5,1,2
2025-04-22 16:23:51.58,s,6,17,11,6,6,8,-9,6,-7,-5,4,2,6,-7,-3,-8,6,9,16,14,10,-2,-5,-11,1,1,11,21,6,-6,-1,0,6,12,13,31,12,3,-8,-8,0,16,6,24,11,9,0,3
2025-04-22 16:23:51.59,s,0,4,-1,-1,0,2,-13,-10,-24,-5,1,2,4,-8,-7,-11,7,9,17,11,-2,-2,-6,-12,3,2,13,23,9,-4,-6,1,7,16,14,33,13,5,-7,-9,3,15,9,27,12,11,2,0
2025-04-22 16:23:51.60,s,-3,-2,-3,-2,-2,1,-14,-11,-24,-6,0,1,4,-7,-6,-10,6,10,16,12,-2,-2,-4,-10,2,0,16,22,6,-1,-4,-1,10,12,13,33,11,5,-5,-10,4,17,7,24,14,9,0,1
2025-04-22 16:23:51.62,s,1,0,1,-1,0,6,-12,3,-6,-4,6,-1,10,-10,0,-8,7,10,20,14,12,-2,-3,-8,1,0,15,19,9,-3,1,0,10,15,16,29,10,6,-5,-8,4,16,6,24,9,9,3,0
2025-04-22 16:23:51.63,s,2,3,2,3,-2,8,-12,-7,-26,-2,3,1,8,-12,-5,-11,5,10,16,12,-1,-4,-3,-11,1,2,13,17,5,-4,-4,-2,10,10,14,27,10,3,-3,-9,3,15,4,23,12,4,0,1
2025-04-22 16:23:51.64,s,-2,-7,-8,-8,-6,-3,-15,-14,-31,-5,2,-4,5,-15,-6,-9,5,7,16,9,-9,-4,-7,-12,2,2,14,18,7,-7,-3,-1,7,12,13,25,11,3,-5,-8,0,17,5,20,11,7,0,0
2025-04-22 16:23:51.65,s,1,9,3,4,-1,8,-10,8,-7,1,5,1,8,-11,-2,-10,7,11,15,15,13,-5,-5,-12,1,2,13,19,6,-6,-1,-2,9,10,13,29,11,4,-2,-9,4,13,6,24,12,4,4,1
2025-04-22 16:23:51.66,s,1,2,-2,-1,-1,2,-12,-8,-22,-5,5,0,8,-13,-4,-10,4,12,16,10,3,-5,-4,-12,2,1,15,21,6,-5,-2,-1,9,11,13,30,11,6,-2,-4,3,15,7,26,14,8,4,0
2025-04-22 16:23:51.67,s,2,1,-2,-2,-2,0,-15,-13,-28,-6,4,1,4,-11,-9,-9,3,8,17,12,-5,-3,-6,-9,1,1,17,22,7,-2,-7,0,8,15,14,34,14,6,-3,-8,4,17,9,26,15,10,1,1
2025-04-22 16:23:51.68,s,-3,3,-4,2,-4,6,-14,2,-11,1,3,3,6,-8,-3,-8,5,15,18,16,11,-2,-4,-9,-2,1,17,23,9,0,-1,-2,9,17,15,34,16,5,-2,-6,3,20,9,26,16,9,4,0
2025-04-22 16:23:51.69,open,1,8,3,2,4,5,-9,0,-16,-2,6,4,9,-10,-1,-9,7,12,20,15,5,0,-4,-11,3,2,18,24,9,-2,-2,-2,11,13,16,34,13,8,-2,-5,2,20,9,25,11,11,2,0
2025-04-22 16:23:51.71,open,1,2,1,2,-3,8,-13,-8,-31,0,3,3,8,-10,-4,-10,3,14,16,9,-1,-3,-5,-10,1,2,13,23,9,-2,-5,1,8,14,14,28,14,3,-2,-6,4,17,7,24,14,7,2,0
2025-04-22 16:23:51.72,open,1,5,3,5,-2,9,-12,1,-14,1,4,5,5,-6,-3,-11,7,10,18,14,7,-1,-4,-9,1,0,16,22,7,-1,-1,-2,10,12,13,32,13,4,-3,-9,5,16,9,27,12,9,3,0
2025-04-22 16:23:51.73,open,-2,5,0,4,1,6,-8,-1,-17,-3,7,4,7,-6,-3,-9,5,14,15,14,8,-3,-6,-9,0,0,15,22,9,-2,-2,-2,9,11,16,33,11,8,-4,-8,4,18,5,28,11,10,3,2
2025-04-22 16:23:51.74,open,0,0,-1,2,-4,7,-14,-9,-32,-1,1,3,7,-9,-4,-10,6,9,17,12,-3,-5,-3,-9,1,1,16,23,9,-3,-6,-1,10,13,13,31,12,6,-2,-7,2,19,6,25,16,8,4,0
2025-04-22 16:23:51.75,open,1,2,2,2,-3,8,-13,0,-16,0,3,4,9,-9,0,-9,7,13,17,16,6,0,-4,-6,-1,2,15,22,10,-1,-1,-1,8,11,16,33,11,8,-2,-8,2,18,6,26,13,9,2,2
2025-04-22 16:23:51.77,open,2,5,4,2,-1,8,-12,-3,-15,-3,6,4,6,-6,-4,-7,4,15,16,13,9,0,-5,-7,1,0,16,23,9,-1,0,-2,10,11,15,29,14,5,-5,-5,4,16,10,26,13,10,5,0
2025-04-22 16:23:51.78,open,1,6,1,0,1,6,-9,-9,-26,-2,6,2,8,-8,-3,-9,5,10,13,13,1,-4,-3,-10,0,3,12,24,8,-1,-3,0,8,15,14,30,14,6,-5,-6,2,18,5,28,12,11,5,2
2025-04-22 16:23:51.79,open,-4,-13,-17,-9,-10,-5,-16,-9,-25,-3,0,-3,8,-9,-1,-10,4,10,11,13,0,-3,-2,-10,1,2,12,23,9,-2,0,-2,10,11,14,31,10,8,-2,-8,3,16,6,27,11,10,2,1
2025-04-22 16:23:51.80,open,5,16,8,10,4,13,-4,9,-6,0,8,3,12,-5,3,-9,8,9,17,15,14,0,-4,-5,0,1,13,21,9,0,2,-2,10,12,12,31,13,6,-4,-5,3,18,7,23,15,6,6,3
2025-04-22 16:23:51.81,open,1,4,2,1,1,8,-7,-8,-21,-3,3,4,10,-6,-3,-8,2,10,13,8,2,1,-3,-7,1,0,11,21,6,1,0,-2,10,13,12,28,13,4,-5,-7,2,18,5,23,15,5,0,2
2025-04-22 16:23:51.82,open,-3,0,-8,0,-4,6,-10,-11,-24,-4,4,-1,9,-8,-2,-8,4,6,15,8,0,0,-4,-10,1,2,13,20,6,1,-2,-2,9,11,12,30,12,6,-2,-7,3,18,5,25,14,6,3,2
2025-04-22 16:23:51.84,open,1,0,1,1,2,9,-10,4,-5,1,5,5,9,-3,3,-5,4,11,17,12,14,0,0,-9,2,1,14,20,7,1,5,-3,9,10,9,31,13,5,-1,-3,4,16,6,24,14,8,3,2
2025-04-22 16:23:51.85,open,1,5,-2,4,-2,7,-11,-6,-25,1,2,5,9,-6,-3,-8,1,9,11,11,2,-2,-2,-11,1,3,9,19,11,-2,-1,0,6,13,11,29,14,5,-1,-7,2,17,4,28,13,10,4,2
2025-04-22 16:23:51.86,open,-2,-3,-5,-1,-5,7,-15,-11,-26,-4,3,-1,9,-7,-4,-7,4,5,13,10,-2,-2,-2,-11,2,2,8,22,9,-1,-1,-3,8,10,13,30,13,10,-4,-5,0,19,5,28,15,8,3,-1
2025-04-22 16:23:51.87,open,2,4,4,2,-2,10,-10,5,-3,-1,7,2,9,-5,-1,-9,1,10,12,11,13,0,-3,-11,-1,1,10,22,6,0,4,-2,9,10,12,33,15,5,-2,-7,2,15,7,27,14,6,4,0
2025-04-22 16:23:51.88,open,1,4,-3,4,-2,9,-12,-4,-22,2,3,3,10,-7,1,-10,4,9,12,10,3,2,-3,-10,1,1,12,23,9,-2,3,0,6,14,13,30,17,8,-4,-6,2,19,7,27,17,9,3,2
2025-04-22 16:23:51.89,open,0,2,-2,-2,0,6,-10,-13,-26,-3,1,4,7,-4,-3,-7,1,9,13,9,-1,0,-2,-9,0,3,11,23,12,0,0,0,7,14,14,30,17,6,-1,-5,2,19,10,28,16,11,3,0
2025-04-22 16:23:51.91,open,0,-1,1,1,0,7,-7,2,-8,0,4,3,9,-2,2,-8,6,9,17,15,14,3,0,-9,2,1,14,24,9,3,5,0,9,14,13,33,17,8,0,-6,2,20,7,30,17,8,3,0
2025-04-22 16:23:51.92,open,1,8,1,7,2,11,-7,-1,-15,0,6,5,9,0,1,-6,2,12,15,12,10,1,1,-10,1,1,11,21,10,-1,4,-3,11,12,17,34,14,7,-1,-7,5,18,10,28,14,10,4,2
2025-04-22 16:23:51.93,open,1,3,1,3,-3,10,-11,-8,-30,-3,5,1,11,-5,1,-9,3,8,11,11,-1,1,0,-10,2,2,11,18,11,0,-2,0,9,13,13,29,14,8,-4,-6,4,17,7,28,13,9,3,0
2025-04-22 16:23:51.94,open,-2,2,-4,2,-2,8,-9,3,-13,2,3,5,8,-2,2,-8,4,7,15,11,9,3,-2,-9,0,1,12,21,6,2,3,-1,8,13,15,27,14,7,-3,-8,4,16,9,27,14,10,2,1
2025-04-22 16:23:51.95,open,2,5,3,3,4,9,-8,-1,-15,0,6,5,8,-4,-2,-8,1,7,12,11,5,2,0,-9,1,0,13,19,6,2,3,0,9,12,13,30,14,5,-1,-8,3,15,5,28,14,5,5,0
2025-04-22 16:23:51.96,open,-2,2,-3,-3,0,5,-13,-9,-31,0,3,0,9,-9,-2,-10,1,5,13,9,-2,0,-1,-9,0,1,13,21,7,2,0,0,7,13,16,33,16,8,-1,-5,1,18,9,25,16,11,3,0
2025-04-22 16:23:51.97,open,1,-2,-2,1,-4,6,-14,0,-18,0,1,4,7,-5,0,-4,1,6,12,11,6,3,-1,-8,-1,-1,13,18,11,0,1,-3,8,10,16,31,13,10,-3,-2,0,19,10,26,17,11,3,0
2025-04-22 16:23:51.98,open,1,8,3,2,3,7,-8,1,-17,2,6,2,12,-6,1,-9,4,8,14,14,9,4,0,-8,1,2,14,21,13,4,5,-1,9,15,20,33,20,11,-3,-1,4,20,12,31,15,13,4,2
2025-04-22 16:23:52.00,open,1,8,1,7,-1,11,-9,-8,-22,1,5,3,11,-3,-2,-7,2,7,14,11,1,0,2,-8,0,3,13,23,13,2,1,-1,11,15,16,36,18,11,-3,-4,2,21,11,30,18,11,4,2
2025-04-22 16:23:52.01,open,-2,-14,-13,-12,-8,-1,-14,-8,-23,-3,-2,2,7,-2,-1,-7,0,6,13,7,4,4,-2,-9,1,2,14,21,11,3,0,1,8,12,18,33,15,9,3,-5,4,19,7,32,17,10,4,0
2025-04-22 16:23:52.02,open,5,12,11,8,8,14,-1,10,-4,2,9,5,15,2,3,-6,4,8,17,12,16,7,0,-5,-2,2,13,23,11,2,7,-2,9,17,16,34,17,10,0,-6,4,19,9,30,14,12,2,2
2025-04-22 16:23:52.03,open,1,6,0,5,-1,11,-8,-6,-25,3,3,5,9,0,-2,-8,0,9,12,9,4,2,0,-7,-3,3,12,22,11,2,1,-2,10,17,16,34,17,9,-2,-6,4,19,9,30,14,12,3,2
2025-04-22 16:23:52.05,open,0,-2,-2,-2,0,5,-8,-8,-24,0,2,3,10,-5,2,-6,2,6,11,7,-1,4,0,-6,0,0,15,19,8,3,3,-2,10,12,18,31,14,11,-3,-5,2,20,8,28,17,9,2,0
2025-04-22 16:23:52.06,open,1,6,3,2,4,9,-5,8,-6,-1,5,5,8,0,4,-8,4,5,15,11,15,3,1,-8,1,1,12,17,7,3,5,-2,10,11,17,30,13,11,-2,-4,2,18,10,28,13,11,2,2
2025-04-22 16:23:52.07,open,1,6,3,2,2,8,-7,-7,-21,-2,5,2,6,-3,-2,-8,-4,5,7,7,-1,1,-2,-10,-2,1,11,14,7,-1,3,0,6,13,14,27,17,9,-3,-7,3,15,11,27,13,12,4,2
2025-04-22 16:23:52.08,s,-2,-2,-4,-3,-3,3,-10,-10,-29,-2,1,-1,8,-8,-2,-9,-2,-1,9,3,-5,1,-3,-9,-2,2,8,17,5,3,0,-3,9,11,13,30,14,9,-3,-7,2,15,8,28,12,11,2,0
2025-04-22 16:23:52.09,s,1,4,4,2,2,9,-6,9,-6,2,3,4,8,-1,4,-8,0,3,7,10,11,4,1,-9,-2,2,6,18,9,2,3,0,7,12,16,29,18,10,-2,-5,2,19,10,30,17,11,5,1
2025-04-22 16:23:52.10,s,1,1,1,1,2,10,-4,-2,-19,-2,5,2,12,1,1,-8,0,2,9,8,4,5,3,-8,-1,0,8,20,9,6,5,-3,10,11,18,33,18,14,0,-4,5,19,9,34,15,14,5,2
2025-04-22 16:23:52.11,s,0,3,-5,2,-3,8,-4,-6,-30,-4,4,1,11,3,1,-8,-2,2,7,6,0,6,1,-3,-3,2,7,23,9,9,3,1,10,14,21,35,19,16,0,-2,3,24,15,35,18,15,7,0
2025-04-22 16:23:52.12,s,0,6,0,6,0,17,1,7,-10,0,7,5,11,10,10,-4,-2,5,9,9,18,9,8,0,-3,2,8,27,12,11,10,0,15,20,22,42,22,14,5,-3,5,26,16,39,21,18,4,1
2025-04-22 16:23:52.13,s,3,8,8,6,7,17,9,1,-15,2,6,7,13,11,12,-2,-4,4,7,11,12,11,10,-1,-4,1,10,22,11,15,9,0,14,19,25,39,22,19,7,1,7,27,19,38,23,20,5,0
2025-04-22 16:23:52.14,s,-1,8,2,7,1,21,6,-6,-26,1,6,8,11,13,12,-1,-3,-2,8,7,3,13,11,2,-1,1,12,22,10,16,11,0,15,21,28,42,22,20,9,2,8,29,22,38,19,25,9,1
2025-04-22 16:23:52.16,s,-2,8,1,8,1,21,10,7,-13,6,6,6,14,11,18,-1,-3,-1,7,9,11,18,11,8,-5,0,10,17,8,3,15,0,15,23,26,39,20,22,9,2,9,31,22,38,20,21,8,2
2025-04-22 16:23:52.17,s,2,6,8,6,5,19,15,6,-14,3,11,10,13,11,14,0,-6,-2,8,8,5,16,12,8,-4,1,8,13,3,11,15,-1,15,21,28,34,20,19,11,4,9,30,23,34,17,24,9,0
2025-04-22 16:23:52.18,s,0,5,4,8,2,17,16,-1,-26,5,6,13,11,10,11,0,-7,1,4,7,-6,13,13,8,-3,1,3,13,-1,14,12,-2,16,26,23,34,16,16,13,8,8,34,24,32,16,24,8,2
2025-04-22 16:23:52.19,s,0,3,3,9,1,16,15,5,-13,1,9,12,11,9,19,1,-6,2,7,11,6,14,13,16,-4,0,8,11,-1,12,16,0,17,27,24,33,15,17,14,8,12,37,23,32,18,22,13,1
2025-04-22 16:23:52.20,s,2,8,13,12,7,23,25,5,-15,4,11,22,10,19,25,7,-1,5,17,19,7,22,24,29,-3,2,12,20,3,20,23,-2,22,29,28,37,18,21,16,17,11,42,29,32,19,27,13,3
2025-04-22 16:23:52.21,s,2,13,17,16,9,29,42,3,-23,8,22,34,15,26,37,10,1,16,26,27,5,28,34,44,0,2,23,26,6,28,27,3,21,35,34,33,18,26,24,22,16,49,30,36,17,30,18,1
2025-04-22 16:23:52.22,s,-3,-4,9,23,4,30,41,5,-18,13,32,75,21,36,51,17,10,30,49,47,21,40,44,57,4,5,42,45,13,35,36,-2,27,38,41,38,19,35,35,32,18,55,34,36,19,36,28,0
2025-04-22 16:23:52.23,s,6,27,40,52,24,44,63,21,3,20,45,91,33,49,59,22,17,38,62,63,37,50,51,60,8,5,56,54,18,44,45,1,31,44,46,43,20,38,37,39,17,57,35,34,18,38,28,2
2025-04-22 16:23:52.25,s,3,21,38,52,22,49,62,14,-22,24,44,105,31,54,60,24,14,39,70,67,22,51,50,61,5,6,63,57,21,44,40,1,32,51,51,41,15,43,44,39,21,58,38,30,17,36,31,0
2025-04-22 16:23:52.26,s,1,10,32,49,19,47,58,10,-16,21,48,113,32,62,63,24,16,46,75,74,27,54,56,62,10,6,71,65,21,53,41,-1,36,57,57,43,17,45,44,41,19,64,43,27,15,37,30,1
2025-04-22 16:23:52.27,s,2,27,46,67,29,59,72,26,9,33,59,137,41,73,73,25,22,58,98,90,56,64,60,68,12,9,87,82,30,58,51,1,40,71,79,53,25,49,48,43,21,76,59,40,17,40,31,2
2025-04-22 16:23:52.28,s,2,28,50,73,29,62,75,19,-21,35,67,143,47,72,75,27,25,67,114,102,41,70,62,72,14,10,104,104,36,64,49,0,46,85,100,72,32,63,57,50,27,100,73,53,25,45,34,1
2025-04-22 16:23:52.29,s,1,14,48,67,31,73,85,14,-21,40,73,149,53,91,89,30,26,82,131,110,46,81,71,82,13,12,123,115,46,75,52,3,51,102,119,81,41,72,56,52,28,112,92,63,24,47,34,0
2025-04-22 16:23:52.30,s,5,40,75,81,55,95,104,29,26,58,104,173,67,111,109,32,33,106,146,127,88,97,86,82,19,13,138,134,60,101,72,3,57,118,131,94,50,78,68,56,37,118,102,71,27,59,39,2
2025-04-22 16:23:52.31,s,5,43,79,81,57,107,112,22,-12,75,110,180,73,132,126,38,34,111,151,130,77,117,108,90,17,12,142,135,71,115,91,2,61,121,133,101,59,85,83,57,36,122,103,72,31,67,44,1
2025-04-22 16:23:52.33,s,5,46,78,73,59,104,116,16,-1,84,122,179,75,145,137,46,37,120,157,132,88,130,128,103,19,13,149,143,78,131,107,2,65,121,138,103,62,94,91,64,35,127,105,75,39,67,52,1
2025-04-22 16:23:52.34,s,8,75,103,98,80,127,128,35,57,109,136,191,94,154,142,44,48,129,166,143,110,136,129,101,24,13,154,149,90,138,110,3,64,126,142,108,72,97,94,61,39,127,108,82,41,72,53,2
2025-04-22 16:23:52.35,s,8,78,98,92,84,122,124,26,17,113,133,196,96,160,137,45,45,129,164,141,113,137,129,99,20,16,152,154,99,141,112,2,69,129,144,110,77,98,93,62,38,129,109,83,43,74,54,2
2025-04-22 16:23:52.36,s,5,64,84,87,73,118,111,18,5,108,129,189,99,154,133,38,45,125,161,144,112,138,122,92,18,13,152,152,99,144,104,1,67,126,143,107,75,101,91,60,37,128,108,85,41,75,51,0
2025-04-22 16:23:52.37,s,7,67,91,92,81,120,112,27,58,107,128,196,100,159,127,35,46,125,160,144,124,138,116,82,20,14,150,154,101,138,100,2,66,126,143,109,77,99,85,56,39,128,111,84,42,75,47,3
2025-04-22 16:23:52.38,s,6,77,96,97,88,123,113,26,23,105,131,194,106,154,121,32,44,122,156,145,125,138,112,83,16,12,152,154,108,140,94,5,63,126,147,105,81,101,84,54,37,129,111,87,44,76,47,2
2025-04-22 16:23:52.40,s,3,61,79,88,84,114,102,17,0,99,119,192,101,155,118,30,38,114,154,142,125,137,110,78,12,14,149,157,108,142,92,4,59,123,143,105,82,104,84,57,35,128,109,87,48,74,47,0
2025-04-22 16:23:52.41,s,3,62,84,89,93,114,103,25,56,93,121,188,110,156,114,27,39,110,151,144,136,138,107,76,14,14,141,157,110,138,91,3,59,116,138,107,80,104,81,54,35,125,106,86,44,77,44,1
2025-04-22 16:23:52.42,s,6,67,91,92,105,118,107,27,24,92,118,190,115,158,112,25,37,106,151,140,139,140,104,78,13,13,141,157,115,142,87,5,55,113,138,106,84,101,81,52,34,123,107,86,48,78,44,2
2025-04-22 16:23:52.43,s,5,59,82,88,102,113,98,18,-2,84,113,183,118,153,110,23,33,96,144,140,137,140,98,73,7,10,140,155,121,139,84,3,55,111,134,103,84,106,77,50,32,120,106,85,49,76,44,-1
2025-04-22 16:23:52.44,s,1,44,64,79,108,110,97,17,37,77,108,187,120,160,108,22,30,88,144,138,148,141,96,71,8,12,138,152,119,140,83,3,54,106,134,101,85,106,72,46,28,122,100,86,50,75,44,0
2025-04-22 16:23:52.45,s,14,68,91,102,126,127,113,34,31,72,109,191,133,166,113,21,29,81,142,139,156,146,94,71,5,11,133,155,126,140,84,2,51,105,130,101,88,107,71,39,33,120,102,86,48,78,40,3
2025-04-22 16:23:52.46,s,3,49,69,88,114,121,99,19,-19,60,96,187,130,162,113,21,24,68,135,138,151,144,94,69,2,13,127,155,127,138,81,3,47,103,126,100,90,102,68,35,28,120,98,83,52,75,38,0
2025-04-22 16:23:52.47,s,1,37,58,83,116,117,100,19,10,49,91,186,131,167,113,17,23,57,132,138,157,145,91,70,1,10,126,152,129,139,78,1,48,98,126,97,88,106,63,34,27,119,98,84,48,76,37,2
2025-04-22 16:23:52.49,s,5,49,71,96,126,133,109,35,26,48,92,187,141,170,114,20,18,53,128,138,168,145,92,70,1,9,122,153,131,140,77,4,46,100,124,97,89,105,62,29,30,115,93,86,50,75,36,1
2025-04-22 16:23:52.50,s,3,40,60,88,117,124,102,20,-25,37,78,183,131,165,109,16,16,38,119,135,154,141,83,69,-3,11,114,150,127,135,71,1,49,92,117,97,89,99,57,25,29,112,90,81,51,71,33,0
2025-04-22 16:23:52.51,s,0,24,45,70,110,109,95,18,-11,36,75,175,131,156,103,14,12,38,112,135,152,138,80,69,-1,9,107,149,123,127,67,0,47,90,113,94,85,97,53,24,28,108,84,81,46,70,29,-1
2025-04-22 16:23:52.52,s,5,49,65,95,125,127,103,38,35,43,82,181,137,159,102,13,18,39,109,139,160,139,80,64,0,10,103,151,124,128,68,1,46,86,110,95,86,99,53,24,28,107,83,80,48,67,28,2
2025-04-22 16:23:52.53,s,4,34,59,83,120,121,94,19,-22,35,73,179,131,155,99,14,10,29,107,134,155,136,71,63,-4,9,102,147,122,124,63,1,45,84,112,91,86,99,48,26,25,106,85,78,47,68,29,-1
2025-04-22 16:23:52.54,s,1,27,47,76,114,111,92,16,-16,28,67,176,127,153,98,10,8,27,96,136,152,131,72,60,-3,8,98,146,122,122,57,1,43,82,110,92,83,97,44,20,24,104,86,79,47,66,27,0
2025-04-22 16:23:52.56,s,4,35,57,88,122,125,100,29,34,35,73,183,137,160,108,11,13,29,104,137,162,138,74,63,-5,8,98,150,126,126,61,2,40,87,110,93,88,97,44,22,27,105,87,79,46,69,27,2
2025-04-22 16:23:52.57,s,6,48,66,92,133,128,108,26,-11,35,79,186,136,167,107,14,8,32,106,139,163,139,81,63,-3,9,104,151,127,132,67,1,43,86,112,94,92,98,50,24,25,106,87,81,49,72,29,0
2025-04-22 16:23:52.58,s,3,27,53,79,124,119,100,20,-22,31,75,181,134,163,107,14,4,29,105,135,161,141,80,66,-7,9,100,150,130,131,65,1,39,84,111,90,88,101,52,25,24,103,85,79,47,72,28,0
2025-04-22 16:23:52.59,s,3,36,55,88,125,126,103,31,30,33,78,184,141,165,113,14,13,26,104,140,167,140,84,64,-3,9,95,151,129,129,71,2,41,83,108,93,91,100,49,26,23,105,80,81,49,70,28,2
2025-04-22 16:23:52.60,s,3,43,61,91,132,130,105,29,-11,37,76,185,141,164,110,13,8,25,101,139,161,142,82,66,-5,6,96,150,127,131,67,0,42,81,105,92,90,98,51,25,21,102,78,79,51,69,27,0
2025-04-22 16:23:52.61,s,1,32,51,80,124,117,98,15,-27,28,73,180,134,162,103,15,4,23,100,135,160,137,77,63,-7,9,93,150,129,130,67,1,40,78,102,94,87,100,52,26,22,96,79,75,50,70,29,-1
2025-04-22 16:23:52.62,s,2,34,56,83,128,123,97,25,28,36,72,186,137,164,103,13,8,28,101,137,167,138,77,65,-8,9,92,149,129,126,68,2,36,80,103,90,89,98,53,23,24,97,75,79,49,69,31,0
2025-04-22 16:23:52.63,s,5,42,64,88,130,122,103,26,-6,39,77,187,141,166,102,14,5,30,105,138,166,144,81,63,-3,9,98,150,132,134,69,3,40,78,109,91,92,100,53,29,24,97,81,79,52,72,30,0
2025-04-22 16:23:52.64,s,1,36,53,84,124,122,98,19,-30,35,77,183,140,160,102,13,3,29,104,137,163,140,78,64,-6,9,95,153,131,133,68,0,42,80,108,91,90,101,53,27,23,102,82,79,51,73,32,0
2025-04-22 16:23:52.66,s,2,18,42,77,116,117,94,21,13,32,77,185,137,166,104,13,8,29,105,139,168,139,80,61,-7,9,98,151,136,131,69,3,40,83,109,90,94,100,53,24,25,101,81,81,52,72,29,0
2025-04-22 16:23:52.67,s,12,54,73,103,142,133,113,35,16,40,85,190,148,170,109,15,9,32,111,140,177,146,85,63,-2,9,101,154,138,139,75,4,42,81,111,93,97,106,59,27,25,105,82,82,56,74,32,2
2025-04-22 16:23:52.68,s,3,38,58,89,128,125,97,17,-26,35,79,187,144,163,108,14,6,30,106,140,169,142,83,61,-5,9,101,156,139,135,75,0,42,83,108,95,95,105,55,28,23,102,84,83,54,75,33,-1
2025-04-22 16:23:52.69,s,2,24,47,79,120,118,92,18,-3,34,71,184,138,164,103,13,7,27,101,141,172,141,82,61,-5,8,95,153,134,136,69,1,41,79,108,92,92,102,52,26,23,100,80,80,55,71,33,-1
2025-04-22 16:23:52.70,s,4,44,59,94,134,130,106,35,19,39,77,191,145,164,110,16,12,27,104,142,174,140,84,63,-3,9,96,154,134,136,70,0,42,78,109,93,94,102,56,24,25,100,78,78,54,69,31,3
2025-04-22 16:23:52.71,s,4,38,57,89,130,125,103,22,-29,34,72,187,143,161,107,13,5,23,101,138,165,141,81,63,-6,9,93,153,132,134,67,2,40,78,108,91,94,102,52,27,22,101,81,80,50,74,31,0
2025-04-22 16:23:52.72,s,3,26,46,80,121,120,95,17,-13,28,68,182,139,160,102,13,6,18,98,139,164,141,80,66,-7,8,92,148,134,130,65,3,38,78,105,92,89,101,52,24,23,95,79,78,48,70,31,-1
2025-04-22 16:23:52.74,s,6,48,63,98,140,128,110,36,32,33,73,189,144,164,109,16,8,24,97,142,173,140,80,67,-7,5,90,149,133,130,67,2,40,76,104,93,90,98,49,22,26,98,74,79,48,70,29,3
2025-04-22 16:23:52.75,s,3,35,52,87,129,120,104,24,-30,32,68,185,141,161,108,14,5,23,96,141,165,139,78,66,-7,8,91,149,130,131,66,2,39,75,105,90,89,99,50,26,22,96,77,74,41,71,29,0
2025-04-22 16:23:52.76,s,1,25,41,79,121,113,95,17,-21,27,65,183,136,161,102,13,5,24,97,138,163,136,81,66,-4,9,91,150,131,129,68,0,41,76,103,90,89,98,52,25,23,93,78,76,50,68,25,0
2025-04-22 16:23:52.77,s,3,37,55,87,132,123,99,27,31,35,77,185,143,163,106,17,10,29,103,140,169,138,82,64,-4,10,94,150,131,128,66,3,39,78,104,90,91,99,50,24,23,97,78,76,49,69,29,2
2025-04-22 16:23:52.78,s,4,44,59,91,128,123,102,26,-15,37,78,182,141,160,100,15,7,30,106,137,164,139,78,67,-4,8,99,148,129,130,68,0,42,77,106,91,88,99,53,28,24,96,76,78,49,69,28,1
2025-04-22 16:23:52.79,s,1,34,51,81,120,110,92,15,-22,36,75,182,134,154,96,14,8,33,107,136,156,135,74,64,-5,9,99,149,126,126,65,1,42,80,105,92,85,98,50,28,23,93,80,73,49,69,28,-1
2025-04-22 16:23:52.80,s,3,40,59,83,122,116,95,26,35,40,83,179,135,152,101,16,16,41,111,138,157,133,77,64,0,9,103,145,118,124,64,3,40,84,106,90,84,94,52,27,23,98,77,74,46,64,29,1
2025-04-22 16:23:52.81,s,5,45,66,87,118,114,99,22,-1,43,85,179,126,151,97,18,15,47,115,135,147,128,78,67,3,11,107,146,115,118,68,1,46,83,106,92,76,95,51,31,26,96,80,71,42,67,30,0
2025-04-22 16:23:52.82,s,2,43,57,81,106,103,95,15,-18,48,86,174,119,140,101,22,18,51,124,134,134,123,82,69,5,10,116,144,109,115,68,0,47,87,112,92,77,90,48,33,26,100,83,71,41,65,28,0
2025-04-22 16:23:52.84,s,3,45,64,79,97,103,98,24,40,56,92,182,107,142,109,24,28,67,129,135,129,123,91,76,9,11,118,144,98,115,70,2,50,94,116,92,68,88,52,36,27,109,83,72,38,59,27,1
2025-04-22 16:23:52.85,s,6,57,77,87,90,104,106,23,15,65,99,181,99,135,121,30,31,83,135,136,116,117,103,88,12,11,129,139,91,110,75,2,52,103,122,92,67,81,55,41,31,114,91,71,35,60,30,0
2025-04-22 16:23:52.86,s,4,56,77,81,74,99,107,19,-2,83,109,182,85,132,121,32,32,103,144,135,103,112,106,87,16,13,136,144,82,106,76,1,61,111,128,101,64,77,53,41,33,120,97,78,34,57,30,0
2025-04-22 16:23:52.87,s,3,38,64,71,60,89,105,22,40,91,110,187,78,132,130,37,42,111,148,138,102,113,111,95,19,13,139,149,81,105,76,3,63,116,134,101,61,77,53,44,36,120,101,77,33,53,29,0
2025-04-22 16:23:52.88,s,15,84,98,100,76,111,121,36,46,99,120,190,76,134,133,39,42,116,154,136,100,113,109,99,19,13,143,144,71,103,78,5,62,116,136,101,58,71,57,43,37,124,101,76,33,50,28,2
2025-04-22 16:23:52.90,s,4,60,77,84,61,98,113,23,1,94,111,186,70,124,135,40,41,114,150,137,86,107,114,99,20,14,142,143,67,99,77,4,62,118,133,101,57,70,54,45,35,124,104,75,30,51,26,0
2025-04-22 16:23:52.91,s,5,50,75,76,56,91,113,24,32,86,111,182,67,121,137,38,42,113,152,135,85,106,112,100,22,13,140,143,66,93,78,3,62,117,133,100,54,68,55,46,37,120,103,77,30,49,27,0
2025-04-22 16:23:52.92,s,6,64,80,94,63,97,121,37,49,80,110,180,67,121,133,37,40,110,149,131,84,98,104,98,17,14,136,137,59,85,71,4,59,110,129,97,50,61,53,43,35,118,99,74,29,42,27,2
2025-04-22 16:23:52.93,s,5,46,66,81,47,89,108,23,-7,56,92,170,55,107,123,33,32,93,138,119,60,85,96,93,16,10,127,124,46,68,63,3,54,106,121,85,38,41,44,37,33,114,94,66,21,29,21,0
2025-04-22 16:23:52.94,s,2,16,44,64,33,73,99,15,0,28,73,153,49,95,114,26,30,81,127,108,47,67,86,85,16,11,118,110,30,49,52,2,50,99,113,74,24,24,25,31,31,108,88,54,11,15,7,0
2025-04-22 16:23:52.95,s,4,27,52,73,42,77,102,31,35,26,63,145,51,89,119,24,30,73,119,99,52,57,75,78,16,11,104,100,22,40,43,3,49,90,107,66,17,16,20,28,31,99,85,49,9,10,5,3
2025-04-22 16:23:52.96,s,1,18,36,61,31,62,96,19,-21,14,44,127,39,74,101,24,23,59,107,83,32,41,61,75,11,9,99,85,19,24,35,1,47,82,94,60,13,9,16,24,28,97,76,43,8,4,2,1
2025-04-22 16:23:52.97,s,0,1,21,46,14,45,79,14,-32,7,37,106,30,60,82,19,16,49,96,71,17,26,49,66,11,10,86,74,17,19,21,2,39,72,89,51,12,6,12,19,27,89,71,43,4,2,3,0
2025-04-22 16:23:52.98,s,0,4,25,44,18,42,78,21,6,6,37,93,29,51,78,17,16,47,85,68,36,25,44,62,6,6,82,64,15,18,24,2,35,72,80,49,11,3,13,17,23,85,66,40,4,4,2,2
2025-04-22 16:23:52.99,s,2,12,26,41,20,38,74,20,-15,5,32,77,24,41,68,15,14,38,76,57,20,21,41,55,6,9,69,56,13,17,19,2,34,65,71,45,11,3,12,16,26,80,61,41,7,2,3,1
2025-04-22 16:23:53.00,s,1,6,22,26,15,30,65,7,-30,3,28,63,22,32,54,13,10,31,68,47,9,19,37,53,6,4,62,48,9,16,15,0,32,57,65,43,10,5,8,15,20,71,55,39,6,8,2,0
2025-04-22 16:23:53.02,s,0,5,11,22,7,28,52,18,-10,6,20,49,20,24,47,8,10,23,55,35,23,20,29,48,2,4,45,40,9,11,19,0,26,45,53,41,9,8,7,12,19,58,47,37,7,6,3,0
2025-04-22 16:23:53.03,s,2,6,11,12,9,23,46,9,-16,-1,12,27,16,17,29,2,2,13,28,21,12,16,20,35,0,1,24,24,3,10,9,0,23,30,37,35,9,5,3,2,15,44,36,34,7,6,2,2
2025-04-22 16:23:53.04,s,0,3,0,4,3,18,31,-3,-32,-3,7,11,14,9,19,0,-3,2,17,12,-2,11,14,23,-2,3,13,24,5,6,3,-2,19,29,39,39,11,6,0,-4,12,37,36,36,11,7,1,-1
2025-04-22 16:23:53.05,s,0,-4,1,-1,2,12,17,1,-13,-2,5,4,13,3,16,-6,1,1,11,13,12,8,9,15,-4,2,8,26,4,6,1,0,13,29,40,39,15,6,-3,-2,5,35,33,38,15,10,-1,0
2025-04-22 16:23:53.07,s,1,5,1,2,1,11,6,-5,-21,1,0,5,8,1,4,-6,1,2,8,9,12,4,5,5,1,1,12,24,6,4,1,1,13,23,36,42,16,4,-1,-7,10,28,26,38,16,8,-1,0
2025-04-22 16:23:53.08,s,1,5,-1,1,0,4,0,-7,-31,-5,0,-2,10,-7,-5,-8,-2,3,4,8,-3,-3,-2,-2,0,1,8,24,4,-5,-5,0,12,20,32,42,13,5,-6,-7,7,23,22,35,14,9,-2,0
2025-04-22 16:23:53.09,s,-3,-15,-14,-13,-9,-7,-13,-9,-30,-10,-5,-2,5,-13,-9,-11,-1,2,5,8,-3,-7,-4,-4,-3,0,14,23,2,-4,-5,-3,11,17,25,39,12,3,-7,-10,4,20,18,34,14,5,-1,0
2025-04-22 16:23:53.10,s,3,10,5,7,4,10,-5,5,-11,-3,3,-1,11,-12,-2,-12,5,5,13,11,13,-6,-6,-9,1,2,13,24,6,-7,-2,-3,12,17,24,38,13,2,-10,-12,3,21,14,32,16,5,0,3
2025-04-22 16:23:53.11,s,0,3,-3,2,-4,7,-13,-9,-25,-7,3,-1,9,-12,-11,-12,1,10,12,12,0,-8,-6,-11,1,1,15,29,9,-6,-8,0,10,15,24,38,16,4,-9,-10,3,23,14,32,15,8,-2,0
2025-04-22 16:23:53.12,s,0,-2,-7,-2,-6,-1,-13,-9,-29,-10,2,0,7,-13,-10,-13,4,8,12,16,-2,-5,-6,-8,-1,2,19,29,10,-5,-8,1,9,19,23,39,18,2,-10,-12,3,20,16,31,17,8,-3,0
2025-04-22 16:23:53.14,s,1,3,1,-1,2,5,-9,5,-11,-2,5,4,11,-10,-3,-10,5,14,19,19,15,-3,-5,-8,0,2,20,29,11,-5,-3,1,9,19,24,39,14,2,-6,-14,8,21,14,33,14,9,-3,0
2025-04-22 16:23:53.15,s,1,0,0,0,0,5,-14,-7,-24,-4,2,6,6,-10,-9,-11,4,14,16,20,1,-4,-4,-12,3,2,16,34,10,-7,-4,2,9,18,23,38,18,4,-7,-11,7,21,14,36,16,6,2,2
2025-04-22 16:23:53.16,s,-3,-1,-6,1,-2,1,-13,-8,-32,-6,2,2,8,-14,-7,-13,6,13,16,20,-3,-4,-5,-12,3,3,18,34,9,-4,-7,-2,12,20,25,39,19,4,-7,-13,7,22,17,33,18,9,1,0
2025-04-22 16:23:53.17,s,1,-2,-1,-2,-1,1,-10,5,-11,-5,5,4,10,-14,-6,-14,7,15,16,22,13,-5,-7,-11,1,1,18,35,10,-8,-2,-2,12,18,22,43,16,0,-8,-16,7,22,15,33,14,9,-1,0
2025-04-22 16:23:53.18,s,0,-2,-1,0,-3,5,-15,-7,-23,-5,5,4,8,-13,-9,-13,5,15,16,19,3,-6,-6,-13,1,2,20,31,7,-9,-3,-1,13,18,23,39,15,-2,-8,-14,5,23,13,33,16,4,0,0
2025-04-22 16:23:53.19,s,-2,-4,-4,-4,-3,0,-15,-11,-31,-7,4,1,8,-17,-8,-9,2,10,20,17,-2,-4,-8,-10,0,2,21,35,13,-8,-5,-2,14,21,26,43,17,5,-11,-14,3,28,16,37,18,8,-2,0
2025-04-22 16:23:53.20,open,0,-1,-4,0,-3,4,-13,5,-14,-2,4,7,8,-10,-2,-11,6,19,21,28,14,-4,-5,-12,0,3,24,41,14,-3,-3,0,13,23,31,51,22,10,-7,-10,8,26,25,40,22,11,2,1
2025-04-22 16:23:53.21,open,0,4,-1,2,0,6,-10,0,-22,2,6,7,12,-12,-4,-11,9,19,25,28,11,1,-3,-9,4,3,28,47,18,-1,0,-2,18,25,36,53,25,12,-5,-8,8,33,25,41,25,14,2,2
2025-04-22 16:23:53.22,open,0,2,-2,-1,0,2,-12,-8,-33,0,4,9,8,-10,-7,-10,6,18,23,27,6,-3,-3,-9,1,3,30,44,18,0,-7,1,14,29,34,53,27,9,-5,-10,7,34,25,44,24,10,4,0
2025-04-22 16:23:53.24,open,1,0,-1,1,-1,3,-12,-1,-14,-4,6,5,11,-10,0,-11,6,19,24,24,17,-2,-4,-11,3,4,28,44,14,0,-2,1,14,28,34,48,27,9,-7,-14,10,29,26,43,22,12,2,0
2025-04-22 16:23:53.26,open,1,10,4,3,5,6,-8,2,-21,2,5,7,10,-8,-3,-10,8,15,25,23,10,2,-3,-10,2,4,26,39,17,-3,-2,0,13,27,31,46,27,6,-5,-15,9,29,22,38,23,9,2,0
2025-04-22 16:23:53.27,open,-2,2,-5,2,-4,6,-16,-11,-33,-2,5,3,10,-14,-5,-10,5,14,21,20,0,0,-6,-10,2,1,26,38,14,-4,-4,-2,15,23,29,44,22,9,-8,-12,4,29,20,35,22,9,0,2
2025-04-22 16:23:53.28,open,-2,2,-4,-4,-1,0,-14,-5,-18,-5,6,3,10,-12,-6,-11,5,11,21,17,10,-2,-8,-11,0,0,21,33,12,-2,-5,1,8,22,24,43,20,8,-7,-12,3,26,18,35,17,6,3,0
2025-04-22 16:23:53.29,open,1,5,-3,3,-2,5,-16,-4,-19,-4,5,4,7,-15,-3,-10,5,13,18,20,9,1,-5,-11,3,2,21,34,11,-2,-3,0,10,21,24,43,22,6,-6,-13,5,24,16,37,18,8,3,2
2025-04-22 16:23:53.30,open,0,5,2,3,-1,6,-16,-10,-27,-3,5,3,9,-13,-9,-12,2,13,16,16,-1,-3,-11,-13,-2,4,16,37,10,-2,-5,0,10,21,26,42,22,9,-7,-10,4,23,19,36,17,13,0,0
2025-04-22 16:23:53.31,open,-3,-20,-20,-15,-11,-7,-21,-10,-27,-8,1,0,4,-14,-9,-12,2,11,13,17,-2,-2,-11,-14,-3,3,15,36,12,-7,-4,-2,13,19,22,44,22,7,-7,-13,5,24,17,37,18,13,2,-1
2025-04-22 16:23:53.32,open,3,12,4,9,3,7,-8,5,-13,2,5,7,9,-9,0,-13,7,13,17,20,14,-4,-5,-13,3,2,20,32,12,-4,-3,0,11,18,26,40,18,10,-7,-12,5,23,18,36,18,8,3,3
2025-04-22 16:23:53.33,open,2,3,0,1,-3,7,-13,-7,-27,-4,6,2,11,-13,-3,-12,2,13,16,18,0,-2,-6,-13,2,2,19,32,11,-4,-5,0,10,18,26,41,18,6,-7,-12,5,26,14,36,17,5,3,0
2025-04-22 16:23:53.34,open,1,0,-1,0,-4,8,-14,-7,-29,0,3,4,7,-10,-6,-11,4,13,18,14,1,-3,-7,-12,-2,3,20,33,11,-2,-7,0,10,23,25,43,19,5,-8,-15,3,28,16,36,18,5,2,-1
2025-04-22 16:23:53.35,open,2,2,2,2,-1,10,-10,8,-11,3,5,7,11,-6,1,-10,5,16,21,20,18,-2,-3,-11,2,3,19,35,11,-2,3,-1,14,20,26,42,17,10,-6,-15,7,26,18,35,16,9,4,2
2025-04-22 16:23:53.36,open,1,2,-3,2,0,4,-10,-4,-27,1,4,9,10,-8,-4,-10,3,15,19,19,4,1,-6,-11,1,2,22,34,13,-1,-5,0,11,24,26,44,23,8,-5,-12,8,26,19,38,17,12,2,0
2025-04-22 16:23:53.37,open,0,-1,-6,-5,-3,5,-14,-9,-32,-1,1,7,7,-8,-3,-11,5,10,20,18,-2,1,-6,-9,1,1,22,35,11,0,-3,0,14,22,26,46,22,10,-2,-12,8,27,20,37,16,13,2,0
2025-04-22 16:23:53.39,open,2,4,1,0,0,6,-12,3,-8,-2,7,6,12,-7,-2,-10,5,13,19,22,13,2,-5,-9,1,1,23,35,12,0,0,-2,13,21,28,44,22,11,-4,-8,5,29,22,35,18,13,2,2
2025-04-22 16:23:53.40,open,1,4,-1,3,1,4,-10,-3,-24,0,6,6,10,-10,-1,-8,4,11,19,19,4,1,-7,-9,-2,3,20,39,14,-2,-4,2,13,20,31,46,22,12,-4,-7,8,27,21,39,18,12,3,2
2025-04-22 16:23:53.41,open,-2,-4,-7,-6,-4,0,-13,-11,-33,-4,3,4,6,-9,-5,-9,1,8,17,17,-1,-2,-4,-12,1,3,21,38,14,-4,-3,-1,14,23,26,46,24,8,-2,-8,5,29,20,39,22,11,5,0
2025-04-22 16:23:53.42,open,0,-1,-1,-1,0,3,-9,5,-14,1,4,9,10,-9,3,-8,6,11,20,22,12,3,-5,-11,2,4,20,39,14,-2,0,-2,14,22,28,48,25,10,-5,-11,5,29,21,39,22,13,0,0
2025-04-22 16:23:53.43,open,0,9,-1,7,1,7,-7,1,-18,-2,7,7,12,-6,-2,-8,4,13,21,19,10,3,-4,-8,1,2,23,38,16,2,-1,-2,15,23,32,46,24,12,-1,-10,8,32,21,42,22,12,2,0
2025-04-22 16:23:53.44,open,1,1,1,-1,0,5,-9,-10,-29,-3,5,5,11,-7,-4,-10,4,10,20,20,1,-2,-2,-9,1,3,21,41,15,1,-5,1,13,26,31,49,27,13,-5,-8,7,31,23,40,19,14,4,0
2025-04-22 16:23:53.46,open,-2,0,-3,1,-2,5,-9,0,-14,-4,6,6,13,-6,0,-9,4,11,22,20,15,5,-5,-8,2,2,21,42,15,1,0,0,14,25,33,50,28,12,-5,-9,7,33,24,44,23,13,3,2
2025-04-22 16:23:53.47,open,1,6,-2,4,-1,11,-10,-1,-17,-2,7,6,14,-5,-2,-10,6,11,21,23,11,4,0,-8,2,1,27,38,18,3,-1,-2,15,28,32,51,27,14,-2,-6,8,33,27,40,22,17,3,2
2025-04-22 16:23:53.48,open,1,4,-1,4,-2,10,-13,-10,-32,0,1,8,9,-8,-3,-8,2,11,19,20,4,0,-3,-9,0,4,23,40,16,1,-1,-2,15,28,34,50,28,12,-3,-9,4,33,25,43,22,12,4,0
2025-04-22 16:23:53.49,open,0,0,-3,-1,-1,6,-12,0,-17,-4,5,6,8,-5,1,-10,2,13,18,19,11,0,-2,-9,-3,2,20,37,14,0,-2,1,12,25,31,45,23,12,-6,-8,7,29,22,41,20,14,2,0
2025-04-22 16:23:53.50,open,1,2,1,2,-1,10,-9,1,-20,0,4,5,13,-5,3,-10,5,13,18,22,12,3,0,-9,3,3,19,39,14,1,3,-2,15,25,30,49,25,13,-3,-9,10,27,26,40,20,15,3,2
2025-04-22 16:23:53.52,open,0,9,0,6,0,12,-10,-8,-25,-2,1,9,9,-7,-1,-6,0,10,18,15,5,1,-3,-9,0,3,21,35,17,1,0,0,14,25,31,46,27,10,-3,-10,7,29,21,42,20,13,4,0
2025-04-22 16:23:53.53,open,-3,-14,-17,-7,-11,0,-15,-7,-27,-7,2,4,9,-5,-3,-10,2,7,18,16,4,3,-4,-7,0,2,21,35,16,2,-1,-2,15,22,32,46,25,13,-1,-9,8,28,23,41,19,12,4,0
2025-04-22 16:23:53.54,open,3,13,5,11,4,13,-3,11,-9,0,9,7,15,-3,1,-9,1,11,19,18,19,4,-3,-7,2,2,20,39,12,5,4,-2,15,22,32,46,25,14,-1,-9,10,28,24,41,20,14,5,1
2025-04-22 16:23:53.55,open,3,6,3,3,4,9,-6,-2,-26,1,4,5,13,-6,1,-10,2,9,15,18,5,3,0,-9,1,2,21,37,15,4,-1,0,14,23,31,49,25,16,0,-5,5,28,26,41,21,14,4,0
2025-04-22 16:23:53.56,open,-3,4,-3,3,-1,10,-8,-6,-26,0,4,3,12,-6,-2,-10,1,5,17,16,1,4,-2,-8,0,1,21,35,17,2,-2,0,14,26,33,46,27,14,-3,-6,5,33,26,41,22,18,4,0
2025-04-22 16:23:53.57,open,0,7,0,7,1,14,-4,8,-9,-1,8,7,15,0,7,-8,2,10,16,21,20,6,0,-8,1,3,21,37,17,6,5,0,15,23,33,50,26,18,1,-7,9,29,25,44,21,20,4,2
2025-04-22 16:23:53.58,open,0,6,1,6,0,13,-8,-5,-23,-3,6,6,14,-2,4,-10,0,3,16,16,5,5,1,-9,0,1,19,32,14,7,1,1,11,26,32,45,27,17,2,-4,9,29,23,42,22,19,5,0
2025-04-22 16:23:53.59,open,0,-4,-3,-1,-2,8,-11,-10,-29,-5,-1,5,8,-1,-1,-9,-2,0,12,10,-3,4,-3,-5,-2,1,13,30,11,3,-1,-1,11,23,29,39,22,13,-2,-5,4,28,21,36,18,17,6,-1
2025-04-22 16:23:53.60,open,2,3,2,4,-1,12,-9,5,-8,-4,5,5,8,-1,3,-10,-3,0,9,10,9,5,-3,-8,-5,-1,10,23,8,2,2,0,8,21,25,37,21,12,-3,-6,4,27,19,33,17,13,3,2
2025-04-22 16:23:53.62,open,0,3,0,4,1,13,-8,-2,-24,-1,2,2,12,-6,2,-11,-4,-2,5,9,1,2,-2,-8,-4,1,7,23,9,0,0,-3,10,14,25,36,20,11,-2,-9,7,23,18,34,17,10,6,1
2025-04-22 16:23:53.63,open,-3,-4,-4,-2,-2,5,-8,-9,-33,-4,0,3,11,-5,1,-9,-7,-4,4,8,-3,2,-3,-10,-4,1,10,25,10,3,1,-2,12,18,24,42,20,16,0,-4,7,23,20,39,20,14,4,0
2025-04-22 16:23:53.64,s,0,1,0,0,1,7,-7,5,-11,-5,3,9,10,2,4,-6,-7,1,8,11,13,5,0,-9,-3,0,10,29,12,4,7,-1,13,19,26,45,25,17,3,-4,7,26,21,41,20,19,4,0
2025-04-22 16:23:53.66,s,1,9,4,4,6,13,1,3,-20,-4,5,10,11,6,5,-6,-7,1,9,14,8,10,2,-5,-2,0,12,31,13,11,5,1,12,25,33,45,27,19,3,-1,4,33,26,46,23,27,7,2
2025-04-22 16:23:53.67,s,0,6,2,7,2,21,3,-5,-30,-2,3,11,15,9,11,-7,-4,-1,11,16,6,13,8,0,-2,2,15,39,16,17,7,-2,18,27,37,53,30,25,6,1,7,36,35,47,23,30,8,0
2025-04-22 16:23:53.68,s,0,2,2,2,6,18,9,7,-13,0,7,11,19,15,19,-2,-4,2,12,21,20,18,10,6,-6,3,17,40,17,19,14,1,16,35,45,51,36,25,9,0,12,41,37,51,28,32,8,0
2025-04-22 16:23:53.69,s,2,8,3,10,6,26,18,7,-17,5,11,13,20,15,16,0,-7,4,15,19,15,22,12,10,-4,1,14,38,12,22,15,1,18,36,47,51,30,28,10,6,10,47,41,46,28,32,12,1
2025-04-22 16:23:53.70,s,-2,6,4,3,6,19,16,-5,-28,2,9,14,13,14,12,0,-8,-1,11,12,5,17,13,8,-7,3,12,30,9,17,15,0,17,33,42,44,28,25,10,7,10,44,38,43,22,28,12,1
2025-04-22 16:23:53.71,s,-2,3,-3,7,0,22,14,5,-18,2,6,15,14,11,14,-1,-7,-4,8,15,9,16,12,12,-7,1,8,18,3,14,17,-2,16,25,36,38,22,21,8,5,10,42,34,34,22,26,9,1
2025-04-22 16:23:53.72,s,1,4,7,6,6,19,18,3,-18,0,8,21,13,16,18,4,-6,-1,13,19,13,19,20,21,-5,2,12,24,4,19,19,1,15,30,37,42,21,25,15,11,11,39,36,39,18,29,14,0
2025-04-22 16:23:53.73,s,2,8,8,9,7,22,21,-5,-25,2,11,26,13,17,15,5,-8,6,20,22,8,21,20,27,-5,3,19,35,10,20,19,-2,20,33,41,46,26,29,19,19,12,45,39,44,20,35,19,0
2025-04-22 16:23:53.74,s,-2,-10,-4,1,0,18,24,-1,-22,0,15,30,17,19,28,8,-3,11,30,34,12,26,26,36,-3,3,29,43,11,27,22,-2,24,37,49,52,30,32,22,22,12,56,43,48,23,34,21,0
2025-04-22 16:23:53.75,s,3,17,24,30,16,42,48,19,-4,13,28,47,28,39,51,10,7,25,45,46,35,37,38,47,3,3,48,54,16,38,32,2,26,48,61,54,32,40,28,26,20,61,51,51,24,41,23,2
2025-04-22 16:23:53.76,s,2,10,26,33,22,41,58,14,-21,14,40,93,31,54,59,18,10,34,70,69,27,49,46,58,6,6,70,70,23,44,34,0,32,58,75,61,35,38,31,28,21,75,61,51,25,41,21,0
2025-04-22 16:23:53.77,s,-2,9,23,39,18,42,63,11,-19,17,40,100,37,57,67,21,15,41,76,80,31,52,52,64,8,8,77,79,27,47,36,0,37,63,80,60,33,42,30,31,21,83,61,52,25,37,25,0
2025-04-22 16:23:53.78,s,3,19,40,52,33,56,76,24,10,23,50,114,41,67,71,20,17,49,89,82,54,58,53,61,8,10,80,82,27,49,45,1,39,71,79,61,30,37,33,28,24,88,62,50,20,34,23,2
2025-04-22 16:23:53.79,s,1,18,39,54,31,57,75,15,-25,24,49,119,42,68,66,17,15,47,97,80,31,59,51,62,6,6,88,79,26,50,35,2,41,74,86,59,25,36,30,26,28,95,68,46,15,33,20,1
2025-04-22 16:23:53.81,s,1,9,29,50,28,70,79,10,-29,21,50,125,44,71,74,20,16,51,101,86,32,59,56,64,9,10,95,88,28,54,38,1,43,82,92,61,23,40,29,28,26,104,75,48,12,34,19,1
2025-04-22 16:23:53.82,s,4,25,44,66,43,86,98,25,15,26,63,133,55,93,93,21,20,69,115,102,66,72,60,69,12,10,107,104,36,59,43,3,47,100,111,74,29,44,31,32,31,108,90,60,17,37,19,2
2025-04-22 16:23:53.83,s,2,26,50,78,51,97,108,22,-17,29,67,143,58,107,100,25,21,75,127,108,56,80,65,78,13,10,125,121,47,72,44,3,56,108,125,86,43,55,38,33,36,116,100,72,28,41,21,2
2025-04-22 16:23:53.84,s,1,21,42,71,52,111,113,19,-22,33,70,153,67,127,123,29,25,83,133,115,70,100,86,85,18,12,131,133,60,87,53,4,58,116,133,93,50,65,40,35,37,119,106,78,31,46,22,1
2025-04-22 16:23:53.85,s,1,27,48,72,61,117,124,32,17,44,75,163,72,143,134,29,29,92,135,122,88,106,100,85,16,12,131,134,63,106,65,3,61,113,134,95,53,78,46,39,37,123,103,78,31,48,29,1
2025-04-22 16:23:53.87,s,4,43,67,80,73,125,132,34,-3,49,88,164,76,147,134,31,23,89,138,119,86,117,101,87,14,11,145,129,66,112,78,2,61,110,129,93,53,80,62,46,37,119,100,70,28,57,32,2
2025-04-22 16:23:53.88,s,1,35,53,72,61,118,119,23,-23,51,82,161,76,142,133,30,25,88,131,120,84,115,108,85,13,12,130,129,67,112,75,3,56,112,125,93,56,78,62,41,32,122,98,70,32,56,35,2
2025-04-22 16:23:53.89,s,2,33,57,68,68,119,116,28,25,56,84,166,81,146,131,31,31,90,133,126,97,118,109,86,14,12,130,133,77,118,81,4,56,114,128,98,64,85,67,42,35,123,98,76,35,60,37,2
2025-04-22 16:23:53.90,s,5,42,67,78,68,122,115,27,-2,59,88,167,81,143,124,29,30,96,136,126,98,119,102,80,14,13,134,139,81,116,77,2,61,117,133,100,65,85,64,41,36,125,102,82,37,63,36,1
2025-04-22 16:23:53.91,s,3,31,56,68,65,111,112,20,-22,53,87,166,80,146,122,30,26,95,137,128,99,125,107,86,13,12,138,144,85,121,81,1,65,116,138,99,68,91,68,47,39,122,108,84,38,65,37,-1
2025-04-22 16:23:53.92,s,3,36,58,76,72,125,118,30,37,61,86,173,90,159,131,33,32,97,141,132,116,131,109,86,13,13,135,147,94,131,86,4,61,119,137,99,74,93,69,43,40,125,105,81,42,70,37,2
2025-04-22 16:23:53.94,s,6,48,66,81,81,126,121,28,13,66,91,178,95,164,135,34,31,101,144,132,121,135,115,87,17,12,136,152,97,136,91,1,66,118,141,102,73,96,70,47,42,127,110,86,41,74,38,0
2025-04-22 16:23:53.95,s,4,40,60,76,78,127,120,27,-16,62,85,175,93,162,133,29,29,97,138,130,116,134,112,87,11,13,138,149,95,135,88,4,67,118,136,104,73,97,68,43,41,125,108,87,40,72,36,0
2025-04-22 16:23:53.96,s,2,25,44,67,70,118,112,24,22,61,86,174,97,161,130,28,31,96,136,134,125,133,109,83,11,13,134,150,101,131,85,4,64,119,136,102,77,93,70,41,42,126,105,84,39,70,36,0
2025-04-22 16:23:53.97,s,12,60,76,94,95,131,123,40,30,74,94,180,102,161,125,25,37,101,139,136,133,134,107,81,12,13,134,152,106,136,84,2,67,118,136,103,81,96,71,43,41,123,108,87,43,75,38,2
2025-04-22 16:23:53.98,s,4,43,58,81,81,119,110,21,-9,65,86,174,100,153,123,26,34,94,132,135,123,133,101,75,15,12,134,151,103,132,81,2,67,115,133,102,80,95,64,41,40,124,105,86,44,70,36,0
2025-04-22 16:23:54.00,s,2,37,49,73,81,114,108,22,17,64,83,171,103,153,118,21,35,91,132,132,125,133,98,78,14,11,131,149,104,131,79,5,64,118,133,100,78,94,63,40,39,125,105,84,44,72,35,1
2025-04-22 16:23:54.01,s,5,52,64,89,93,123,118,37,43,72,88,178,109,157,125,21,39,97,133,136,133,133,99,74,16,13,130,151,106,130,80,3,69,116,133,100,75,98,62,39,40,124,104,84,42,72,35,2
2025-04-22 16:23:54.02,s,4,44,59,78,87,118,110,23,-7,68,81,173,101,156,119,22,33,95,128,134,124,134,99,74,16,11,126,151,102,131,78,3,66,117,134,98,77,95,62,34,43,125,101,81,46,70,31,0
2025-04-22 16:23:54.03,s,2,34,44,72,77,112,103,20,9,64,79,171,101,156,121,25,33,91,129,131,129,133,96,76,12,12,130,149,105,130,73,4,66,116,130,97,79,94,57,34,41,126,99,84,42,72,34,1
2025-04-22 16:23:54.04,s,5,56,61,89,93,124,118,40,52,74,85,178,110,156,118,21,37,93,131,134,137,135,96,77,12,10,129,149,106,131,76,5,66,111,129,99,77,93,61,32,45,122,100,84,43,69,32,2
2025-04-22 16:23:54.05,s,2,48,56,84,89,119,112,29,-8,69,80,174,108,159,122,23,33,87,125,134,131,133,99,77,14,12,125,150,110,130,76,5,65,114,127,101,82,97,60,39,43,123,99,80,47,72,32,0
2025-04-22 16:23:54.06,s,3,34,49,72,87,111,104,18,3,60,76,172,105,159,121,23,29,85,122,135,130,134,97,78,10,12,121,149,107,131,78,2,64,110,124,94,78,97,61,38,41,122,97,82,44,70,36,0
2025-04-22 16:23:54.07,s,4,48,55,84,96,119,120,35,49,59,80,173,113,161,130,21,34,78,123,132,136,137,101,79,12,10,119,144,105,131,76,3,59,108,120,92,78,97,58,36,37,119,92,78,40,72,32,2
2025-04-22 16:23:54.08,s,5,49,58,82,102,122,120,32,1,55,75,172,111,162,125,23,26,75,116,132,131,134,101,77,10,11,114,143,106,130,75,3,59,102,116,89,76,94,57,33,37,118,90,73,44,70,32,1
2025-04-22 16:23:54.09,s,4,43,53,83,100,121,115,24,-9,50,65,171,110,162,127,23,26,66,113,129,128,138,99,80,5,9,112,141,106,132,77,2,57,98,116,90,73,98,59,38,35,116,90,74,40,69,34,0
2025-04-22 16:23:54.10,s,3,37,50,81,106,123,122,38,40,44,64,175,119,171,132,25,24,65,111,131,144,142,105,84,7,8,109,144,111,134,80,3,57,100,111,93,80,94,60,36,34,115,86,72,44,70,31,2
2025-04-22 16:23:54.11,s,3,41,52,85,105,127,118,31,-2,40,63,173,118,170,127,24,20,62,112,133,139,142,105,80,9,11,108,147,111,136,80,2,57,100,112,94,80,96,60,35,35,116,86,79,43,74,35,2
2025-04-22 16:23:54.12,s,3,29,40,79,98,121,112,23,-25,34,60,167,116,167,127,25,18,55,108,130,135,141,102,81,6,8,110,145,113,135,80,0,57,97,113,92,81,96,62,33,35,115,87,78,43,72,32,-1
2025-04-22 16:23:54.13,s,3,34,43,81,105,125,118,34,32,38,65,172,119,170,127,21,24,54,108,135,145,141,104,77,7,10,109,146,114,132,79,2,55,97,112,93,78,99,60,35,33,115,87,75,42,72,31,1
2025-04-22 16:23:54.15,s,4,42,49,84,109,123,120,27,2,38,69,177,127,170,129,22,22,55,116,134,148,144,101,81,6,8,112,146,118,135,81,1,58,97,117,93,82,102,60,33,37,115,89,79,45,70,36,2
2025-04-22 16:23:54.16,s,2,37,48,81,109,117,116,24,-23,35,68,172,124,164,126,22,18,52,114,133,141,142,101,79,6,10,112,146,117,136,78,3,54,100,113,94,84,97,62,34,33,115,86,79,46,70,31,0
2025-04-22 16:23:54.17,s,-2,16,28,70,97,114,105,23,13,37,63,175,123,163,126,24,20,50,113,133,144,142,99,77,6,10,111,146,116,137,77,2,55,98,112,95,83,96,63,32,35,116,86,78,48,70,32,0
2025-04-22 16:23:54.18,s,10,53,64,96,118,133,123,41,19,44,71,181,128,168,129,21,21,56,113,136,150,141,99,75,4,11,110,148,116,134,78,2,53,98,117,90,81,99,57,35,35,113,87,79,46,70,32,3
2025-04-22 16:23:54.20,s,1,37,45,83,106,121,112,22,-23,36,68,173,124,166,121,21,15,51,111,135,143,140,98,76,4,9,110,146,118,134,75,1,54,98,112,93,81,101,57,33,33,112,87,76,44,70,34,1
2025-04-22 16:23:54.21,s,1,28,42,73,103,115,111,24,7,34,67,174,123,167,122,20,18,51,111,134,145,140,99,77,3,11,108,148,116,132,76,3,52,95,113,90,82,96,54,31,32,114,84,76,45,69,32,2
2025-04-22 16:23:54.22,s,5,46,57,92,119,125,123,40,31,40,75,179,127,170,124,21,18,54,114,136,153,141,99,75,5,12,109,148,118,134,76,4,50,98,111,90,81,101,57,33,34,113,84,76,47,68,34,0
2025-04-22 16:23:54.23,s,4,38,53,83,114,122,118,24,-22,35,69,174,124,170,123,21,15,50,111,134,143,141,99,78,3,9,109,146,119,135,76,2,50,98,111,93,82,100,60,32,35,112,83,78,46,72,35,0
2025-04-22 16:23:54.24,s,1,19,39,71,105,111,109,20,-7,34,64,167,124,166,119,21,16,47,106,134,144,140,100,75,3,11,106,147,117,132,78,1,53,92,109,93,81,99,60,31,34,109,85,75,47,70,32,0
2025-04-22 16:23:54.25,s,5,43,57,89,116,127,118,38,37,41,71,174,132,167,125,22,22,46,112,134,152,143,99,78,3,10,107,146,118,133,75,3,50,91,109,90,81,100,55,32,33,107,85,73,47,72,31,3
2025-04-22 16:23:54.26,s,2,35,50,82,119,125,116,25,-21,36,65,173,131,167,125,24,17,46,106,136,149,140,98,75,4,12,105,148,119,135,76,3,50,93,111,88,86,97,57,31,32,112,82,75,48,68,32,1
2025-04-22 16:23:54.27,s,0,24,34,74,109,113,108,21,-15,27,61,171,128,167,120,18,15,40,103,134,147,141,100,75,4,10,103,148,121,132,76,2,51,93,108,87,86,99,56,32,32,109,81,76,49,70,31,-1
2025-04-22 16:23:54.28,s,2,36,49,85,122,127,117,33,35,35,62,178,132,168,125,18,20,40,102,137,157,141,96,76,2,10,101,147,121,131,73,2,53,90,108,90,82,99,53,30,31,106,82,74,47,68,28,3
2025-04-22 16:23:54.29,s,4,38,48,87,121,128,115,30,-16,32,57,172,134,169,124,18,14,41,100,132,151,141,97,75,4,9,100,147,121,133,76,2,51,91,105,92,83,99,54,27,31,108,78,78,47,69,28,2
2025-04-22 16:23:54.30,s,1,24,39,75,117,119,111,22,-25,26,53,167,133,166,123,20,14,35,99,133,149,142,96,76,0,10,102,143,125,132,74,3,49,89,106,89,83,100,54,30,31,106,79,76,48,68,34,-1
2025-04-22 16:23:54.33,s,4,30,47,86,126,130,115,32,31,26,57,174,138,172,124,21,16,40,98,138,158,144,97,74,3,9,102,143,125,135,76,4,48,91,108,87,87,99,54,29,31,105,81,76,47,70,32,1
2025-04-22 16:23:54.34,s,4,34,50,86,130,134,118,29,-10,28,56,178,138,173,125,20,15,40,100,136,156,141,101,75,5,9,104,147,125,135,80,2,53,91,108,92,89,101,59,26,34,109,82,75,52,74,30,2
2025-04-22 16:23:54.35,s,2,21,40,78,121,128,114,22,-33,27,54,172,136,172,129,20,14,41,103,136,152,141,105,75,4,10,106,147,123,139,80,3,49,92,110,91,90,99,56,30,31,106,85,75,50,74,30,0
2025-04-22 16:23:54.36,s,3,32,47,84,126,130,120,33,27,30,65,179,139,177,128,23,17,48,109,137,164,146,103,78,3,9,110,147,124,139,79,4,49,93,109,93,88,98,62,31,31,109,82,80,49,70,36,2
2025-04-22 16:23:54.37,s,4,38,52,89,128,131,123,30,-2,34,68,181,135,177,127,22,19,51,113,136,156,142,105,78,8,9,111,146,124,137,80,1,53,93,109,92,85,99,59,34,32,108,82,79,49,70,31,2
2025-04-22 16:23:54.38,s,3,29,48,79,118,124,116,23,-27,32,65,175,129,171,125,23,17,50,112,134,143,143,104,79,6,11,111,145,118,136,79,2,50,95,114,90,85,97,56,31,32,112,86,76,48,69,32,0
2025-04-22 16:23:54.39,s,1,16,34,71,108,117,114,24,15,33,70,173,128,170,134,28,21,57,118,135,144,141,109,80,8,11,115,147,115,134,79,3,51,100,117,90,82,96,56,33,35,113,90,78,44,70,30,0
2025-04-22 16:23:54.41,s,10,49,66,93,119,129,131,39,24,44,80,180,125,169,140,31,25,65,127,134,140,138,112,92,8,10,122,144,107,131,80,3,55,103,120,92,81,92,57,35,34,117,94,78,46,65,32,1
2025-04-22 16:23:54.42,s,5,45,60,93,112,124,130,30,-21,43,84,180,119,167,141,34,24,71,131,134,131,137,118,98,10,11,130,146,108,133,85,2,59,106,125,97,78,90,56,40,36,119,98,81,47,67,28,0
2025-04-22 16:23:54.43,s,2,37,56,81,100,115,127,25,11,47,87,182,108,164,141,36,26,82,134,135,129,132,120,101,10,13,132,147,104,128,86,4,58,108,132,94,77,89,59,43,36,120,102,81,44,67,31,2
2025-04-22 16:23:54.44,s,6,56,72,99,106,125,138,42,37,59,97,187,111,164,147,40,32,91,144,136,128,133,122,106,12,13,133,150,99,123,92,1,62,115,131,100,76,86,59,44,41,120,105,83,43,61,32,2
2025-04-22 16:23:54.45,s,4,43,63,88,94,121,131,29,-18,57,91,185,103,158,148,38,29,93,139,135,118,131,123,106,16,11,138,146,99,127,86,4,59,116,133,100,74,84,57,41,37,123,102,84,44,65,30,1
2025-04-22 16:23:54.46,s,2,33,54,79,80,113,121,24,1,56,88,182,95,154,147,39,31,95,140,134,116,125,119,103,13,15,135,149,95,119,87,3,62,116,135,97,69,85,54,39,40,122,106,84,41,62,28,0
2025-04-22 16:23:54.47,s,5,51,67,95,86,126,138,43,46,61,96,187,96,160,148,38,33,101,143,136,118,123,124,102,19,13,136,149,86,119,86,2,67,116,136,100,67,82,54,39,43,124,104,81,42,58,27,3
2025-04-22 16:23:54.49,s,1,40,61,87,76,119,135,31,-6,57,94,186,88,159,147,38,32,104,146,133,107,125,122,105,18,14,139,147,89,118,86,3,68,119,140,102,68,77,59,38,47,125,105,84,42,60,26,0
2025-04-22 16:23:54.50,s,0,35,56,82,64,115,130,30,-2,54,91,180,76,152,151,38,36,102,147,132,96,122,125,108,18,14,142,144,77,115,87,3,67,122,140,100,62,76,55,44,46,124,109,86,36,54,30,2
2025-04-22 16:23:54.51,s,3,42,62,86,69,112,137,40,48,65,95,187,76,150,151,41,42,109,151,134,100,115,125,108,23,13,141,144,74,105,86,3,72,122,141,102,59,72,56,43,49,123,109,83,33,54,27,3
2025-04-22 16:23:54.52,s,5,45,66,85,65,106,129,32,7,58,94,181,75,138,146,44,38,110,149,134,89,116,122,111,24,12,144,144,73,104,86,2,68,120,141,102,61,72,59,46,48,123,111,87,35,57,30,2
2025-04-22 16:23:54.53,s,2,22,49,74,50,95,117,26,-15,34,78,163,64,123,137,39,33,101,138,122,79,100,113,102,18,12,133,131,65,92,76,3,58,115,129,92,56,67,54,47,40,117,105,78,31,49,29,1
2025-04-22 16:23:54.54,s,0,16,34,68,44,88,112,29,17,25,62,145,59,109,127,33,36,88,130,110,69,86,97,93,17,11,123,116,49,75,60,4,53,106,118,83,45,50,46,40,33,116,94,69,28,36,22,2
2025-04-22 16:23:54.55,s,1,13,34,56,36,73,99,23,-10,16,48,119,46,91,106,28,27,83,117,94,49,64,74,78,14,11,109,99,38,47,45,2,50,93,111,74,37,36,31,31,32,106,90,63,23,32,13,2
2025-04-22 16:23:54.57,s,1,1,21,34,19,50,74,11,-34,8,35,94,37,62,73,18,21,73,103,79,36,35,46,59,10,10,98,86,30,30,20,2,43,86,102,67,34,29,17,23,28,100,85,62,23,29,8,0
2025-04-22 16:23:54.58,s,-2,1,10,25,12,35,55,12,-3,6,27,71,29,40,55,15,20,56,91,66,31,27,34,50,7,9,85,75,24,23,16,1,37,78,93,63,33,26,14,18,24,91,79,60,24,29,6,2
2025-04-22 16:23:54.59,s,1,5,7,19,10,29,46,11,-19,6,18,51,24,31,38,10,15,37,72,52,33,22,30,42,8,9,66,64,18,18,19,1,32,70,81,61,33,21,9,14,20,87,70,59,24,25,4,2
2025-04-22 16:23:54.60,s,3,5,10,10,12,24,41,4,-27,-1,14,27,16,23,26,6,6,26,50,35,14,19,22,37,2,2,53,51,14,16,9,1,28,60,78,60,28,20,8,12,20,77,69,56,23,22,6,0
2025-04-22 16:23:54.61,s,-3,-14,-7,-4,0,12,31,3,-24,-4,9,13,12,17,23,1,5,16,30,30,14,13,17,27,2,4,37,45,9,12,5,-2,25,52,66,59,30,14,3,7,16,71,62,54,24,17,5,0
2025-04-22 16:23:54.62,s,1,13,8,10,10,23,32,14,-4,4,8,13,15,12,23,-2,7,10,24,25,27,13,13,22,0,2,32,39,10,11,4,1,23,49,66,53,30,14,3,6,16,61,60,53,23,20,4,2
2025-04-22 16:23:54.63,s,1,8,4,5,7,11,23,-1,-29,4,4,9,9,5,10,-4,1,8,17,19,6,9,6,11,0,4,26,38,9,8,-3,1,18,44,59,56,26,9,3,-1,13,53,52,52,22,14,4,1
2025-04-22 16:23:54.64,s,-2,-2,3,0,2,9,10,-9,-25,-4,4,4,9,0,3,-6,-1,6,15,12,3,5,3,6,0,2,26,37,5,7,-2,-2,19,36,56,54,24,12,0,0,9,49,47,49,23,14,2,0
2025-04-22 16:23:54.65,s,0,7,4,6,4,13,8,6,-13,-2,5,6,12,-1,3,-8,5,9,13,19,16,6,1,1,0,1,26,34,7,4,3,0,17,36,54,50,27,10,-2,-4,8,41,44,50,22,13,2,1
2025-04-22 16:23:54.66,s,1,0,1,3,0,9,0,-6,-30,-5,2,4,10,-5,-1,-6,0,6,18,17,3,3,0,-3,1,1,27,38,5,6,-3,1,16,36,54,52,29,10,1,-6,10,37,46,50,23,19,3,0
2025-04-22 16:23:54.68,s,1,-5,-3,0,-3,7,-6,-14,-31,-10,0,5,8,-8,-4,-8,-1,10,17,17,3,0,-1,-5,-2,3,31,41,7,6,-4,-1,19,33,57,57,29,17,0,-4,11,41,45,51,24,22,5,-1
2025-04-22 16:23:54.69,s,0,3,0,-1,1,3,-4,3,-13,-7,4,4,8,-7,-3,-10,5,10,23,23,15,1,-3,-7,1,3,30,46,11,2,0,-1,18,37,58,58,32,16,1,-5,13,41,46,54,27,19,6,1
2025-04-22 16:23:54.70,s,0,3,-1,4,0,8,-5,-5,-27,-4,3,7,8,-9,-4,-9,4,13,23,26,10,-1,-1,-9,2,3,37,49,12,4,-2,-2,22,37,61,62,34,13,3,-4,10,48,49,55,30,24,5,0
2025-04-22 16:23:54.71,s,-1,-3,-5,-4,-1,3,-10,-13,-31,-8,4,2,9,-9,-5,-10,2,11,25,24,0,1,-3,-6,-2,3,36,52,12,5,-5,1,17,40,60,63,35,16,-1,-6,11,46,49,57,30,24,5,2
2025-04-22 16:23:54.72,s,0,2,3,5,-1,9,-8,3,-17,-4,2,6,7,-5,-7,-9,1,14,25,26,14,0,-5,-9,-1,3,37,48,11,4,-2,1,18,36,60,61,33,19,-2,-5,8,44,47,58,28,20,7,2
2025-04-22 16:23:54.73,s,2,6,2,6,2,5,-6,-1,-21,-6,5,5,6,-8,-8,-9,1,11,24,25,6,-4,-5,-10,-3,3,31,47,10,-2,-1,-2,18,30,51,57,30,17,-2,-5,8,37,42,50,28,19,3,2
2025-04-22 16:23:54.75,s,1,-2,0,0,-1,3,-9,-9,-32,-10,4,1,6,-14,-7,-11,-1,10,16,25,-4,-4,-8,-13,-3,3,26,44,9,-3,-7,0,16,27,44,54,26,14,-4,-4,10,29,36,48,22,20,4,0
2025-04-22 16:23:54.76,s,-2,-2,-6,1,-4,4,-14,-1,-20,-6,2,5,8,-12,-4,-11,4,13,18,28,13,-7,-3,-11,2,2,28,45,8,0,-5,1,14,28,41,54,28,16,-3,-6,8,29,35,48,25,17,5,2
2025-04-22 16:23:54.77,s,1,5,0,5,2,5,-8,0,-21,-5,4,7,7,-9,-4,-8,1,16,21,31,11,-5,-5,-12,3,2,31,48,12,-1,-1,-2,17,27,44,55,30,14,-4,-9,10,33,34,50,27,18,7,2
2025-04-22 16:23:54.78,open,-3,-1,-6,0,-3,0,-10,-9,-31,-6,6,4,7,-12,-5,-9,2,15,20,28,1,-6,-3,-11,2,2,30,48,12,-2,-3,-2,17,30,39,58,30,12,0,-9,11,35,31,50,25,17,4,3
2025-04-22 16:23:54.79,open,-2,-4,-3,-4,0,2,-9,-2,-18,-5,6,7,6,-7,-3,-7,5,16,20,31,9,-5,-2,-10,2,4,27,47,11,-2,-2,0,15,30,39,55,28,11,-5,-9,9,34,31,46,23,16,4,0
2025-04-22 16:23:54.80,open,1,1,-3,-1,1,2,-8,0,-24,-2,4,9,7,-6,-3,-7,6,18,26,30,12,1,-4,-9,1,2,30,47,12,0,-1,0,16,33,41,56,30,11,-1,-9,9,35,34,50,26,18,5,0
2025-04-22 16:23:54.81,open,0,13,7,4,5,7,-6,-7,-26,-4,7,6,7,-7,-6,-6,5,15,27,28,6,-2,-5,-11,3,4,31,53,16,0,-2,-1,18,35,46,60,32,16,-1,-7,10,39,37,51,28,19,6,0
2025-04-22 16:23:54.82,open,-4,-15,-12,-9,-5,-3,-15,-11,-27,-8,6,4,5,-9,-6,-9,6,15,27,33,6,-5,-3,-12,2,5,37,53,18,2,-4,1,17,36,53,61,34,19,0,-7,11,40,42,55,27,26,6,0
2025-04-22 16:23:54.84,open,2,7,7,6,4,10,-8,8,-14,3,8,11,12,-8,-1,-6,8,18,29,37,19,2,-3,-9,3,2,39,56,20,3,1,-2,22,37,57,65,36,22,0,-4,15,43,46,57,30,29,7,2
2025-04-22 16:23:54.85,open,1,3,1,1,-1,8,-12,-7,-30,0,7,6,10,-9,-4,-7,6,17,31,36,8,0,-4,-8,3,4,40,57,19,3,-2,0,21,38,57,66,37,20,2,-5,10,49,47,56,32,29,7,0
2025-04-22 16:23:54.86,open,0,3,-4,0,-1,6,-13,-7,-30,-1,4,7,5,-7,-6,-7,2,18,27,31,5,-2,-6,-10,0,5,39,55,19,2,-4,0,19,41,58,63,37,19,-1,-4,12,44,50,58,32,26,8,2
2025-04-22 16:23:54.87,open,1,6,4,3,4,10,-9,7,-14,1,7,11,8,-6,-1,-7,4,19,27,30,22,-1,-5,-10,-1,5,34,51,18,0,3,0,18,37,52,59,35,15,1,-6,12,41,44,55,28,21,8,1
2025-04-22 16:23:54.88,open,1,3,-1,3,2,5,-8,-7,-24,-3,6,4,9,-10,-4,-8,4,13,24,27,5,-1,-4,-12,2,4,29,48,15,-2,-1,1,16,35,47,58,34,16,-2,-7,12,40,39,52,27,18,8,0
2025-04-22 16:23:54.90,open,0,-4,-3,1,-3,7,-14,-9,-33,-2,3,5,8,-10,-4,-8,0,13,19,26,3,-5,-3,-11,1,3,30,44,14,-2,-5,1,16,30,46,55,29,17,-2,-7,9,35,40,49,24,21,4,2
2025-04-22 16:23:54.91,open,1,1,-3,-2,1,3,-9,2,-10,-4,7,4,8,-10,0,-10,2,13,20,28,15,-1,-4,-13,2,3,28,45,11,0,-2,1,16,33,43,58,33,16,-3,-8,9,39,36,52,27,18,8,1
2025-04-22 16:23:54.92,open,1,1,2,1,4,5,-7,-2,-24,1,7,7,9,-10,-2,-6,1,13,20,28,7,1,-4,-9,-1,3,29,47,16,-2,0,1,17,34,47,57,31,17,-3,-9,11,40,40,50,25,22,5,0
2025-04-22 16:23:54.93,open,-2,-1,-7,0,-4,7,-13,-10,-31,-2,3,7,5,-9,-5,-8,-1,14,20,24,5,-3,-4,-12,3,3,29,48,16,-1,-2,-1,19,36,47,59,33,16,0,-8,12,39,42,52,27,25,6,2
2025-04-22 16:23:54.94,open,0,2,0,1,2,6,-7,6,-15,-2,7,7,9,-5,-1,-8,4,18,23,32,17,0,-4,-8,2,4,30,51,15,2,0,1,19,34,52,59,34,16,0,-9,13,42,41,56,28,20,8,3
2025-04-22 16:23:54.95,open,0,3,4,2,4,10,-9,-2,-20,2,6,10,9,-7,1,-6,2,14,27,28,12,1,-2,-8,0,2,32,51,19,3,-2,1,18,36,52,57,34,17,-1,-7,12,44,43,55,29,21,6,2
2025-04-22 16:23:54.96,open,0,5,-2,3,0,6,-7,-9,-31,-4,8,5,11,-7,-5,-9,2,15,25,24,6,0,-4,-8,0,3,33,48,15,3,-3,1,17,37,52,57,35,18,-2,-5,13,41,44,54,26,23,7,2
2025-04-22 16:23:54.97,open,0,1,-4,3,-2,8,-9,2,-19,0,5,8,7,-5,1,-8,4,14,22,28,15,-2,-3,-11,2,3,31,48,13,3,0,2,18,36,52,58,32,19,-3,-6,10,43,42,52,29,20,5,3
2025-04-22 16:23:54.99,open,2,8,3,7,2,10,-9,0,-22,2,5,9,7,-5,-2,-6,0,15,23,25,13,1,-3,-8,-2,4,31,48,17,0,1,0,21,34,47,60,32,19,1,-8,13,43,45,52,30,24,5,3
2025-04-22 16:23:55.00,open,0,0,0,2,-1,9,-10,-9,-33,0,6,5,9,-8,-4,-4,-1,15,21,25,4,-2,-2,-9,-2,4,30,47,15,-1,0,0,19,34,49,57,33,18,0,-5,14,41,41,51,29,24,4,2
2025-04-22 16:23:55.01,open,-2,0,-6,2,-2,6,-12,0,-19,-3,7,5,9,-8,-2,-8,0,13,23,24,11,0,-5,-9,-3,3,29,45,12,1,-1,-1,18,33,50,55,35,15,1,-7,11,41,40,55,28,22,8,3
2025-04-22 16:23:55.02,open,1,3,0,0,4,7,-7,1,-19,2,9,6,12,-7,3,-5,1,15,25,26,17,1,0,-10,1,1,31,47,17,3,3,1,17,38,51,57,33,18,0,-7,14,41,45,55,28,25,8,1
2025-04-22 16:23:55.03,open,2,5,1,7,1,10,-8,-6,-26,-2,7,9,7,-5,-3,-6,-1,13,21,26,6,-2,-1,-9,0,3,30,48,18,2,-4,1,18,37,50,57,35,18,-1,-5,11,41,44,52,30,25,6,0
2025-04-22 16:23:55.04,open,-4,-12,-15,-5,-8,3,-14,-8,-28,-4,3,6,7,-5,0,-6,-2,11,22,23,6,1,-3,-8,0,2,31,47,18,4,-1,1,17,36,50,57,37,17,2,-7,12,40,44,55,30,24,6,2
2025-04-22 16:23:55.05,open,2,9,10,7,8,9,-1,11,-12,4,8,12,10,-6,3,-8,0,13,21,30,18,4,1,-9,2,3,29,48,17,3,1,0,16,35,48,62,37,18,-1,-5,11,41,44,54,28,25,9,4
2025-04-22 16:23:55.06,open,0,8,0,7,1,10,-8,-5,-26,-2,8,9,9,-4,-3,-7,-2,13,25,24,9,3,0,-10,2,4,32,51,17,8,3,1,16,35,54,59,38,20,3,-3,10,44,45,58,32,28,10,2
2025-04-22 16:23:55.08,open,-1,4,-1,4,-1,10,-10,-7,-25,-1,4,7,7,-2,-2,-6,-3,10,19,23,5,2,0,-8,-4,4,28,48,18,4,0,-2,18,33,50,57,35,22,1,-3,9,42,42,55,30,28,8,1
2025-04-22 16:23:55.09,open,1,8,5,6,6,8,-5,6,-9,-2,6,6,11,-3,2,-6,1,6,16,19,16,5,-2,-8,-2,1,21,37,11,5,4,0,15,28,43,52,30,21,3,-5,10,31,34,49,26,27,8,3
2025-04-22 16:23:55.10,open,1,8,2,2,5,8,-5,-6,-23,-5,7,5,6,-2,-1,-4,-8,1,8,11,1,1,-2,-9,-5,0,13,24,7,2,-2,1,9,19,26,44,24,18,0,-6,7,24,25,43,23,19,8,2
2025-04-22 16:23:55.11,open,0,0,-4,-2,1,5,-6,-8,-32,-4,1,3,6,-6,1,-10,-6,-5,2,5,-4,-3,-2,-11,-7,1,4,12,6,-3,-2,-2,10,15,20,37,16,14,-4,-7,1,21,19,32,18,12,5,1
2025-04-22 16:23:55.12,open,1,-2,-1,-1,-1,7,-10,0,-11,-7,0,3,5,-3,0,-9,-8,-10,-4,3,1,1,-5,-17,-4,1,-3,8,0,-4,0,-3,8,10,16,26,12,9,-7,-16,3,16,11,31,13,9,4,2
2025-04-22 16:23:55.13,open,0,8,0,7,1,15,-4,0,-26,-2,3,1,11,-5,1,-11,-9,-14,-3,-1,-5,1,-6,-13,-10,1,-3,7,3,-2,-3,-4,6,8,15,26,9,10,-5,-14,3,13,11,30,12,9,4,2
2025-04-22 16:23:55.14,open,0,-3,-1,-1,-3,11,-7,-11,-31,-7,0,3,5,0,-1,-8,-10,-13,-3,-2,-11,2,-3,-9,-8,-2,1,8,1,2,-2,-2,7,13,16,27,12,10,-4,-14,3,18,14,32,16,6,2,0
2025-04-22 16:23:55.15,open,1,3,5,2,4,11,-1,3,-13,-4,7,4,11,1,4,-6,-9,-9,1,4,3,6,0,-5,-10,2,2,11,5,2,4,-2,9,13,20,32,14,9,0,-10,4,19,17,30,18,9,6,0
2025-04-22 16:23:55.16,open,2,9,8,8,1,15,-2,1,-23,1,6,5,11,-1,6,-6,-9,-10,4,4,2,4,0,-7,-10,1,7,16,8,8,3,1,11,16,29,38,19,19,2,-2,8,24,28,40,19,22,6,1
2025-04-22 16:23:55.17,open,-2,7,2,8,2,13,-4,-5,-32,0,5,9,9,-1,5,-4,-10,-9,6,10,-1,3,3,-4,-8,1,11,26,13,8,3,1,14,25,37,47,32,19,6,-1,7,34,35,49,27,28,7,2
2025-04-22 16:23:55.20,s,1,0,3,5,-1,13,-4,5,-19,1,5,11,8,0,7,-4,-9,-8,11,16,9,6,3,-3,-8,1,15,33,14,11,7,-1,18,30,47,53,32,24,8,6,10,45,48,50,28,35,10,3
2025-04-22 16:23:55.21,s,1,8,2,9,0,13,-2,1,-17,-3,11,9,9,-1,7,-3,-11,-6,10,19,7,5,5,-1,-6,1,18,33,11,15,7,0,21,33,55,57,33,27,12,11,17,50,54,56,30,38,14,2
2025-04-22 16:23:55.22,s,1,1,3,4,3,10,6,-6,-29,-3,9,10,9,2,6,-1,-10,-5,12,12,-1,6,8,5,-5,2,16,33,12,12,4,0,18,38,56,52,30,26,11,12,12,58,54,52,25,36,11,2
2025-04-22 16:23:55.23,s,0,2,2,4,2,14,11,5,-17,-2,12,13,12,8,18,2,-6,2,18,18,5,13,12,13,-4,1,23,29,11,16,11,2,21,36,57,51,27,22,12,14,14,60,54,53,25,30,10,2
2025-04-22 16:23:55.24,s,1,4,7,7,7,18,19,8,-18,3,12,19,12,10,19,3,-3,6,21,18,10,11,17,18,-4,3,18,24,7,13,13,1,20,38,48,42,18,19,11,11,15,55,45,46,18,22,9,2
2025-04-22 16:23:55.25,s,1,6,9,11,8,22,25,3,-29,2,12,18,12,14,21,5,-7,1,17,14,-5,16,16,23,-6,0,17,14,4,14,13,1,17,29,38,29,10,17,8,9,11,48,38,33,13,14,10,2
2025-04-22 16:23:55.26,s,-3,-10,-1,0,1,21,23,-5,-23,3,10,21,9,19,27,6,-7,7,19,14,-4,17,18,27,-5,2,15,10,1,14,12,0,17,29,23,18,6,14,9,6,12,39,25,22,4,11,10,0
2025-04-22 16:23:55.27,s,3,14,18,20,16,34,42,11,-5,8,18,32,19,28,35,7,-2,13,26,23,14,27,24,34,-4,0,18,15,4,19,22,-1,22,28,23,14,5,17,12,11,12,41,24,17,5,9,8,2
2025-04-22 16:23:55.28,s,1,10,16,23,15,38,54,11,-21,11,23,44,25,42,48,10,9,22,39,33,11,40,37,44,2,4,31,26,9,31,27,0,29,42,34,17,11,25,20,18,17,49,31,20,4,22,15,0
2025-04-22 16:23:55.29,s,1,3,21,24,16,39,62,13,-18,13,36,63,30,56,60,16,16,37,61,47,20,55,45,60,7,4,55,42,18,46,34,3,32,53,52,31,14,37,30,33,23,63,45,26,10,35,23,1
2025-04-22 16:23:55.30,s,3,22,39,54,33,57,81,29,13,27,54,108,45,74,77,25,26,63,95,85,61,67,61,71,14,6,91,79,32,60,46,3,41,82,84,60,30,46,38,38,29,89,68,49,22,42,30,3
2025-04-22 16:23:55.31,s,2,22,40,57,33,62,79,20,-20,35,63,125,48,77,77,26,27,77,117,92,48,71,61,71,17,12,109,101,41,64,46,2,51,93,104,77,40,51,48,40,31,103,82,62,28,44,30,2
2025-04-22 16:23:55.32,s,0,14,34,51,33,70,90,16,-21,31,63,130,48,93,88,26,26,86,122,97,46,77,65,74,16,9,118,106,44,71,43,3,54,100,114,78,40,57,45,42,32,109,91,62,26,42,30,2
2025-04-22 16:23:55.34,s,3,24,47,55,43,82,96,24,17,32,64,119,54,97,96,26,28,77,115,89,67,80,64,70,14,8,103,88,38,72,49,1,51,91,94,64,28,55,43,35,31,93,74,41,17,41,24,2
2025-04-22 16:23:55.35,s,2,24,47,53,44,89,99,19,-15,35,56,114,52,104,95,26,24,74,105,82,44,79,68,71,14,7,95,79,33,71,44,2,50,89,85,53,23,52,39,31,30,94,65,29,12,36,22,1
2025-04-22 16:23:55.36,s,0,18,37,49,37,95,98,14,-22,31,58,113,52,116,101,26,22,75,105,87,45,90,75,75,16,10,101,89,41,83,47,3,50,98,98,59,32,61,39,35,31,105,75,39,18,40,23,0
2025-04-22 16:23:55.38,s,3,28,46,59,50,114,114,27,19,41,61,128,68,142,125,33,28,82,115,100,86,117,94,87,16,11,111,106,59,110,73,2,58,105,110,77,51,80,61,48,34,116,86,57,30,57,34,3
2025-04-22 16:23:55.39,s,4,39,55,79,71,132,135,31,3,52,76,150,88,172,147,39,30,95,128,121,109,142,123,98,17,10,126,134,94,144,100,1,64,111,128,96,73,97,87,55,40,123,98,75,43,73,48,2
2025-04-22 16:23:55.40,s,4,42,63,82,89,130,137,26,-15,61,94,170,111,178,158,46,32,101,138,135,131,149,145,109,14,12,138,150,111,157,119,1,63,115,136,103,83,108,98,57,38,123,103,87,49,80,54,1
2025-04-22 16:23:55.41,s,4,45,72,82,110,131,136,34,47,79,112,185,123,184,149,42,34,110,154,144,153,154,136,103,14,14,147,156,125,159,115,3,59,121,138,105,93,109,95,57,35,127,107,89,52,83,53,4
2025-04-22 16:23:55.42,s,6,72,85,90,116,128,128,29,13,89,116,187,124,171,137,39,40,110,156,143,147,149,123,90,17,12,149,158,123,156,103,1,62,117,137,108,92,107,84,52,33,127,105,88,55,83,48,3
2025-04-22 16:23:55.43,s,3,49,63,79,102,119,110,16,-13,69,103,177,116,168,124,33,31,95,146,139,139,147,112,82,9,11,140,153,120,149,93,2,58,111,133,105,86,108,77,46,33,122,102,88,50,82,43,1
2025-04-22 16:23:55.44,s,4,43,61,80,112,120,115,30,34,58,92,175,125,168,124,31,32,86,136,142,150,147,108,80,10,11,133,152,121,146,87,2,55,109,128,99,89,106,71,43,35,120,99,82,54,76,42,3
2025-04-22 16:23:55.46,s,4,33,50,78,101,115,108,23,-5,33,70,167,118,159,111,26,24,62,123,134,142,141,95,76,8,11,119,146,116,140,78,3,50,104,121,97,85,104,67,39,32,114,97,80,48,78,38,2
2025-04-22 16:23:55.47,s,1,28,37,66,87,102,97,17,-35,19,47,149,102,137,91,17,13,42,97,126,124,125,68,62,6,10,104,137,102,121,59,3,50,97,111,90,77,94,50,27,30,112,89,74,41,70,28,0
2025-04-22 16:23:55.48,s,0,6,26,61,88,106,92,17,3,20,48,151,109,146,97,16,15,41,97,125,136,128,70,62,3,8,107,137,107,122,56,3,49,97,113,91,78,93,46,18,32,114,89,75,41,68,24,0
2025-04-22 16:23:55.49,s,8,45,61,90,124,130,118,35,16,35,61,169,134,166,114,17,21,51,110,136,158,144,84,67,8,9,115,149,122,139,69,5,54,98,120,97,87,104,53,25,33,119,95,84,48,76,30,3
2025-04-22 16:23:55.50,s,3,30,49,78,122,126,112,22,-30,30,61,170,138,171,118,17,17,51,110,138,159,146,92,66,7,10,115,152,131,145,78,2,54,101,118,94,94,102,59,22,33,116,96,87,54,77,34,1
2025-04-22 16:23:55.51,s,2,20,40,71,116,120,107,22,-1,31,57,169,132,171,113,16,17,49,105,138,158,147,88,68,3,9,112,151,129,142,73,4,50,99,118,94,91,106,56,23,31,117,90,82,50,78,34,1
2025-04-22 16:23:55.52,s,5,40,56,86,130,133,118,37,25,36,60,171,141,170,118,20,22,45,106,137,164,147,87,66,7,9,106,149,129,140,72,1,53,92,114,93,89,104,53,24,29,114,87,79,51,73,29,2
2025-04-22 16:23:55.53,s,2,25,42,72,118,121,108,23,-32,29,49,161,133,162,108,15,13,39,91,131,153,140,80,66,1,10,95,147,125,130,65,2,50,90,104,93,86,101,47,18,31,111,83,78,46,74,26,0
2025-04-22 16:23:55.54,s,0,16,27,67,106,118,100,22,-17,22,39,155,123,158,105,14,14,30,83,128,147,136,70,67,1,7,88,141,116,126,55,0,49,85,100,89,80,96,39,12,31,108,76,75,44,66,20,0
2025-04-22 16:23:55.56,s,3,33,42,75,121,126,114,37,29,28,46,159,133,161,113,12,18,34,81,134,155,135,75,64,3,8,84,143,115,128,56,3,49,85,102,89,80,97,39,11,33,107,81,73,43,62,21,2
2025-04-22 16:23:55.57,s,3,27,40,76,121,126,114,28,-24,26,43,166,132,169,118,16,14,32,85,135,152,141,84,68,4,8,91,146,122,130,64,3,52,91,104,92,85,97,44,15,33,113,81,80,47,70,21,0
2025-04-22 16:23:55.58,s,1,16,32,69,118,123,112,24,-23,24,45,167,132,174,122,16,12,34,89,134,157,146,89,72,1,8,96,149,125,135,69,4,50,90,108,91,87,99,46,21,32,111,85,78,49,73,24,0
2025-04-22 16:23:55.59,s,3,34,42,86,128,134,122,39,30,32,53,177,144,180,134,18,20,40,95,140,166,153,100,78,2,8,98,151,132,142,78,1,53,91,111,92,92,105,53,25,33,113,83,83,50,72,31,3
2025-04-22 16:23:55.60,s,5,35,45,87,132,138,126,31,-11,33,52,182,144,182,135,20,13,39,97,139,167,153,102,78,5,10,95,154,131,144,83,0,51,90,110,94,92,103,55,24,32,113,84,80,54,76,31,2
2025-04-22 16:23:55.61,s,0,27,34,80,121,131,120,27,-24,30,45,178,139,179,137,20,14,35,92,136,160,152,103,75,3,9,93,150,127,140,80,1,54,89,102,93,90,100,52,23,29,109,78,80,50,74,28,2
2025-04-22 16:23:55.62,s,2,29,42,82,132,137,126,35,30,32,49,179,140,183,138,21,16,35,91,137,166,152,101,79,1,8,90,147,124,139,76,2,48,86,99,87,88,100,52,23,31,106,74,79,47,72,31,3
2025-04-22 16:23:55.63,s,4,37,44,90,129,142,128,38,-11,33,48,175,142,178,135,20,14,31,83,138,160,146,99,79,1,8,87,144,122,138,78,2,47,84,95,90,84,97,48,24,29,105,73,77,46,72,29,0
2025-04-22 16:23:55.65,s,0,24,31,77,121,130,119,23,-32,24,46,171,138,172,133,21,9,27,81,138,152,147,97,76,2,8,84,146,123,133,76,2,46,84,95,89,85,97,48,25,28,104,73,72,47,68,25,2
2025-04-22 16:23:55.66,s,1,22,33,74,125,127,121,34,19,27,46,175,139,175,134,16,13,31,81,138,163,145,94,74,1,8,84,146,122,134,72,1,47,83,96,89,84,94,47,19,30,104,72,74,47,68,23,1
2025-04-22 16:23:55.67,s,3,28,36,79,128,133,120,31,-7,26,49,178,142,178,132,18,10,34,87,138,164,148,96,78,2,5,87,146,127,135,75,3,47,86,100,87,88,98,45,22,28,107,75,78,47,71,26,2
2025-04-22 16:23:55.68,s,3,30,42,82,132,133,120,26,-33,27,49,181,141,175,134,18,9,31,89,138,163,149,97,73,1,8,90,151,129,139,77,1,48,84,98,90,90,97,52,22,26,105,74,76,51,71,26,0
2025-04-22 16:23:55.69,s,0,9,26,74,119,128,113,26,5,26,52,180,143,177,133,16,13,30,93,139,167,150,99,72,2,8,92,149,132,142,76,1,47,82,102,92,91,101,51,25,28,103,78,80,49,75,30,0
2025-04-22 16:23:55.70,s,9,44,57,98,139,145,128,42,11,35,56,188,149,180,133,16,14,31,95,142,169,149,100,74,0,6,91,150,130,139,75,3,47,81,102,92,90,100,54,23,30,102,77,80,50,74,30,4
2025-04-22 16:23:55.71,s,3,29,42,88,130,134,117,26,-35,28,52,179,144,171,125,15,6,27,89,139,165,144,92,69,0,8,90,149,130,137,70,2,43,78,101,90,90,99,48,20,25,101,74,80,49,73,28,-1
2025-04-22 16:23:55.72,s,2,21,34,76,127,122,111,24,-9,18,47,178,140,168,118,14,7,23,84,139,165,139,85,65,-1,6,83,150,127,131,64,0,44,81,97,88,89,96,42,19,25,99,74,76,47,70,22,2
2025-04-22 16:23:55.74,s,3,38,45,94,135,136,118,39,17,23,51,182,141,171,115,15,8,22,83,142,165,140,80,66,-2,5,81,145,126,125,58,3,43,78,94,91,84,96,39,17,27,97,73,76,45,66,19,2
2025-04-22 16:23:55.75,s,3,24,40,83,127,126,106,23,-36,18,46,178,139,166,111,10,4,21,80,139,159,137,74,62,-4,8,80,149,129,123,54,2,42,78,96,89,88,97,38,17,26,99,74,75,47,68,20,-1
2025-04-22 16:23:55.76,s,2,12,32,74,125,119,103,19,-20,15,44,178,136,165,107,12,2,19,84,136,161,139,74,62,-3,8,80,162,126,126,54,1,43,78,95,90,88,94,37,16,24,97,73,76,50,64,21,1
2025-04-22 16:23:55.77,s,3,32,41,89,130,129,111,34,22,23,55,180,146,167,112,11,9,25,86,142,170,139,76,64,-2,6,86,146,131,128,57,3,41,79,102,90,86,96,40,16,29,100,75,79,49,65,20,3
2025-04-22 16:23:55.78,s,2,29,43,88,132,129,110,26,-31,23,53,183,141,167,108,12,5,22,91,139,166,140,75,60,-3,8,86,151,131,129,57,1,45,80,102,90,89,99,39,16,27,103,78,76,52,68,21,0
2025-04-22 16:23:55.79,s,1,13,28,77,120,119,96,16,-26,19,52,179,141,161,105,9,6,24,89,140,163,140,74,61,-3,6,92,147,135,127,54,2,41,83,102,89,89,97,38,15,26,101,78,76,53,67,20,0
2025-04-22 16:23:55.80,s,3,29,44,87,135,126,104,29,25,25,59,183,146,165,104,12,9,32,96,140,169,140,72,62,-4,9,92,147,132,124,58,1,45,82,101,92,89,96,40,16,28,99,78,78,49,65,19,2
2025-04-22 16:23:55.82,s,3,38,46,91,127,128,106,26,-19,30,56,177,140,161,105,15,8,32,96,135,158,135,74,62,2,8,91,146,122,123,57,1,47,82,100,90,83,93,39,14,29,100,78,76,49,62,19,0
2025-04-22 16:23:55.83,s,3,25,41,80,113,119,103,21,-25,25,55,170,131,156,109,16,12,34,97,135,140,133,77,68,3,9,95,141,111,118,56,2,48,86,101,85,74,88,38,17,25,104,77,70,42,59,16,-1
2025-04-22 16:23:55.84,s,4,34,43,84,105,119,111,32,30,37,60,167,119,152,116,21,21,46,103,131,131,124,86,75,6,9,99,134,95,110,62,3,48,92,104,83,67,77,38,20,33,107,81,66,34,54,18,2
2025-04-22 16:23:55.85,s,4,38,52,80,92,114,119,29,-2,40,64,170,96,146,125,28,21,56,106,123,109,116,101,87,10,10,101,129,79,102,70,1,55,95,105,84,54,73,44,29,33,112,82,60,30,51,19,2
2025-04-22 16:23:55.86,s,2,32,45,73,68,106,118,21,-20,39,67,166,78,144,132,33,22,64,115,119,92,116,109,95,13,9,112,125,68,102,77,2,58,102,111,84,50,69,49,35,36,114,89,62,27,44,22,0
2025-04-22 16:23:55.87,s,3,38,52,78,70,111,126,36,33,48,78,174,77,151,145,40,27,79,125,123,95,122,121,109,13,11,116,131,68,110,84,3,59,106,117,87,52,73,53,44,36,117,95,68,27,53,26,2
2025-04-22 16:23:55.89,s,4,37,59,81,70,113,129,33,9,54,84,179,76,152,149,45,31,95,136,127,96,124,126,114,17,11,128,135,70,115,90,4,63,113,127,91,56,75,62,47,40,123,99,74,32,54,31,3
2025-04-22 16:23:55.90,s,4,40,59,80,63,110,124,26,-15,51,84,172,69,144,145,41,30,93,136,122,85,118,121,111,14,11,132,131,65,108,85,4,61,111,130,89,54,71,59,46,39,123,100,73,32,50,29,0
2025-04-22 16:23:55.91,s,0,17,40,68,53,100,124,29,15,46,74,166,67,137,147,39,33,88,135,118,80,113,120,111,16,10,126,126,60,100,79,3,59,111,124,84,49,67,53,47,35,120,99,67,27,46,25,2
2025-04-22 16:23:55.92,s,6,35,60,82,62,110,130,40,22,39,69,155,68,131,139,37,31,85,125,108,69,103,110,107,16,11,114,113,43,87,73,4,57,102,118,74,37,53,46,42,35,117,93,60,23,34,23,3
2025-04-22 16:23:55.94,s,2,19,37,67,46,94,116,25,-30,22,49,132,54,118,133,33,23,73,113,98,47,85,104,98,12,10,108,98,31,70,60,3,50,100,109,68,24,35,33,35,33,109,90,51,13,22,12,0
2025-04-22 16:23:55.95,s,-2,8,23,54,31,80,103,20,-18,5,41,113,45,97,121,29,21,61,104,82,35,64,86,87,9,10,95,83,21,44,48,2,45,90,97,58,16,17,21,28,28,105,80,45,3,9,4,3
2025-04-22 16:23:55.96,s,1,16,30,55,33,77,102,32,7,5,38,99,41,82,109,24,21,53,92,72,49,45,68,73,9,10,85,69,17,29,35,2,39,78,87,46,8,11,14,23,29,92,74,38,0,6,5,2
2025-04-22 16:23:55.97,s,1,8,18,37,23,59,87,19,-33,4,26,77,35,64,86,21,14,40,77,56,20,28,50,66,5,5,74,54,13,22,22,3,34,71,73,43,9,8,11,19,25,84,63,35,1,6,2,2
2025-04-22 16:23:55.98,s,1,-4,13,23,16,43,71,14,-38,2,19,66,27,47,69,17,10,37,72,48,14,22,41,59,3,8,66,51,13,18,16,1,30,67,71,46,10,6,11,16,21,83,66,40,8,5,4,2
2025-04-22 16:23:55.99,s,1,7,13,22,17,35,65,22,0,2,21,52,26,33,61,15,14,31,65,43,36,23,34,51,3,6,57,49,11,18,19,2,31,57,70,45,13,11,8,16,21,75,65,43,11,11,3,3
2025-04-22 16:23:56.00,s,1,8,10,17,13,31,49,16,-26,4,12,35,19,26,37,9,7,19,44,27,16,19,26,44,2,5,38,40,9,12,13,0,25,51,57,47,16,8,8,11,17,70,53,43,13,13,4,1
2025-04-22 16:23:56.01,s,-2,-3,-3,5,4,22,36,6,-39,0,4,19,14,15,28,2,3,6,26,21,3,13,19,35,-4,4,26,34,9,11,6,0,19,42,53,49,18,12,4,12,12,59,50,40,15,15,0,0
2025-04-22 16:23:56.02,s,0,3,2,1,8,17,32,9,-10,-3,5,7,16,10,25,-2,1,2,15,20,21,11,12,26,-3,0,19,28,6,6,8,1,16,33,48,45,21,9,5,2,12,41,43,43,15,16,3,0
2025-04-22 16:23:56.03,s,1,8,3,5,9,15,21,-2,-22,-4,4,3,9,3,6,-4,-4,-6,9,9,4,6,4,12,-5,-1,10,19,5,2,-3,1,13,29,44,39,19,6,-1,0,9,34,37,38,15,13,0,2
2025-04-22 16:23:56.05,s,1,5,2,0,5,11,3,-9,-35,-6,-2,-2,9,-8,-1,-10,-4,-9,2,4,-7,-4,-2,-3,-6,2,5,17,3,-5,-5,-2,13,22,37,41,14,5,-3,-5,5,26,31,37,16,9,0,0
2025-04-22 16:23:56.06,s,0,-3,-3,-4,1,5,-4,0,-20,-11,-4,-5,7,-13,-4,-10,-3,-6,1,6,1,-7,-5,-8,-4,1,6,13,2,-5,-8,-1,10,18,30,38,10,3,-5,-12,5,26,22,32,16,8,-1,0
2025-04-22 16:23:56.07,s,2,3,1,3,-1,9,-8,-3,-23,-13,-1,-5,6,-16,-9,-10,-3,-2,3,5,0,-11,-7,-12,-5,1,7,14,2,-8,-9,-2,7,15,26,34,11,3,-9,-8,4,22,21,32,12,10,-1,0
2025-04-22 16:23:56.08,s,0,-7,-3,-5,-1,2,-10,-12,-37,-14,-4,-5,6,-17,-10,-12,-5,0,5,4,-8,-7,-12,-10,-5,0,11,19,2,-7,-9,-2,9,15,23,38,12,4,-7,-10,4,23,17,34,15,9,2,0
2025-04-22 16:23:56.09,s,0,-5,-4,-4,-3,7,-10,-1,-21,-10,-3,1,6,-16,-6,-12,0,1,8,12,2,-8,-8,-13,-2,2,10,24,5,-8,-9,-3,9,15,24,36,13,5,-5,-9,4,23,17,30,17,9,0,2
2025-04-22 16:23:56.10,s,0,-6,-4,-4,0,7,-12,-1,-21,-9,4,2,6,-10,-7,-10,3,7,15,19,12,-6,-5,-10,-2,2,15,31,6,-4,-6,0,7,20,24,38,19,6,-5,-5,4,26,18,32,17,12,2,0
2025-04-22 16:23:56.11,s,0,0,2,2,-1,8,-10,-7,-33,-7,0,-1,8,-16,-7,-9,4,6,15,16,1,-6,-7,-9,-3,3,16,30,8,-5,-7,-3,11,17,23,42,18,5,-2,-7,5,23,18,33,15,15,5,1
2025-04-22 16:23:56.13,s,-2,-12,-7,-7,-4,1,-15,-10,-29,-10,-2,2,4,-14,-7,-12,2,5,11,11,0,-8,-11,-11,-4,1,14,26,6,-5,-8,-3,8,13,18,36,15,2,-3,-8,3,19,13,28,13,12,4,1
2025-04-22 16:23:56.14,s,1,7,4,2,4,8,-8,4,-10,-7,0,4,6,-15,-5,-12,1,3,8,15,8,-7,-8,-11,-3,-2,8,17,5,-10,-8,-1,6,11,13,31,11,3,-4,-8,2,16,6,24,14,8,2,1
2025-04-22 16:23:56.15,s,0,2,-3,0,-3,7,-16,-10,-29,-10,-2,-3,6,-17,-10,-14,-3,0,6,6,-9,-8,-10,-18,-3,0,3,10,3,-12,-13,0,1,8,9,21,8,-2,-10,-10,-3,13,2,19,10,3,0,2
2025-04-22 16:23:56.16,s,-2,-4,-4,-6,-3,1,-17,-10,-31,-14,-3,-4,4,-20,-11,-11,-3,-3,2,7,-15,-12,-13,-19,-3,1,2,13,-1,-14,-12,-2,3,7,7,22,6,-5,-8,-14,0,11,4,19,9,2,2,1
2025-04-22 16:23:56.17,s,1,5,0,4,1,6,-12,8,-11,-10,3,2,7,-16,-10,-12,1,3,5,16,6,-9,-14,-18,-4,1,4,20,2,-12,-9,0,5,11,9,31,10,-1,-8,-13,-1,19,6,25,12,6,-1,2
2025-04-22 16:23:56.18,s,1,1,-3,2,-2,5,-15,-6,-30,-12,1,-1,4,-17,-8,-12,-2,6,8,14,-6,-7,-13,-13,-3,0,10,22,1,-9,-11,-2,8,14,14,33,10,0,-8,-12,2,20,8,27,14,8,2,2
2025-04-22 16:23:56.19,s,0,-6,-4,-6,-4,1,-15,-13,-38,-8,-1,0,6,-16,-10,-10,1,2,12,14,-10,-6,-11,-11,-4,-2,11,24,6,-11,-9,-3,9,12,18,35,10,3,-7,-9,1,24,10,25,15,6,4,0
2025-04-22 16:23:56.20,s,0,-3,-3,-2,-1,5,-12,4,-14,-9,3,2,8,-15,-3,-12,4,7,13,20,7,-4,-7,-13,0,2,12,24,9,-9,-5,0,6,18,20,35,13,4,-7,-7,2,23,13,30,15,8,2,2
2025-04-22 16:23:56.21,s,1,4,4,3,0,9,-11,-2,-29,-5,2,6,7,-12,-5,-8,2,5,13,17,0,-4,-8,-12,0,2,14,31,6,-6,-6,0,9,19,20,39,16,5,-2,-7,5,23,15,31,14,11,3,0
2025-04-22 16:23:56.23,s,-1,-5,-4,-5,-3,2,-17,-10,-39,-8,-2,2,3,-14,-10,-11,0,2,10,10,-9,-6,-12,-10,-4,0,14,24,4,-7,-11,-2,6,12,17,35,11,5,-5,-7,2,19,10,26,14,7,5,0
2025-04-22 16:23:56.24,s,-2,-2,-4,-2,-5,5,-17,-1,-18,-9,-1,-1,5,-15,-7,-12,-1,0,7,12,4,-8,-13,-13,-5,1,6,19,2,-8,-8,-4,5,10,14,28,10,0,-5,-12,2,17,7,24,11,5,2,1
2025-04-22 16:23:56.25,s,1,4,1,-2,-1,5,-13,-1,-26,-11,1,-1,2,-15,-11,-14,-3,-1,5,7,-5,-8,-15,-15,-8,1,7,14,-1,-9,-9,-2,1,9,13,25,10,2,-8,-10,-3,16,5,23,12,5,2,1
2025-04-22 16:23:56.26,s,0,-2,-6,0,-6,4,-20,-11,-39,-11,-4,0,0,-17,-13,-12,-9,-3,4,4,-13,-12,-15,-20,-5,1,4,14,1,-14,-12,-3,5,6,9,30,8,-2,-9,-13,-1,15,7,22,12,5,0,0
2025-04-22 16:23:56.27,s,0,-3,-4,-2,-4,0,-15,1,-23,-12,0,-3,4,-17,-9,-10,-6,-1,4,9,-1,-10,-14,-16,-7,0,6,15,0,-14,-8,-2,5,6,13,26,8,0,-7,-14,1,15,4,24,11,5,2,1
2025-04-22 16:23:56.28,s,2,2,4,0,1,5,-9,1,-26,-7,0,2,5,-17,-5,-10,-3,-1,7,12,-3,-10,-9,-16,-4,1,7,17,2,-9,-9,0,1,13,13,29,11,-2,-7,-13,3,18,7,26,11,6,2,0
2025-04-22 16:23:56.29,s,0,1,-4,0,-3,5,-11,-8,-35,-11,1,0,6,-15,-10,-12,-3,2,8,9,-7,-6,-10,-14,-3,2,8,22,3,-10,-7,0,6,14,14,33,12,1,-8,-10,2,19,12,25,11,9,2,0
2025-04-22 16:23:56.30,s,-2,-5,-6,-4,-6,1,-10,-3,-24,-10,1,0,6,-13,-4,-14,0,-1,9,11,-2,-6,-8,-14,-4,2,6,20,2,-7,-7,-2,6,12,15,31,9,2,-5,-12,1,20,9,25,11,4,4,1
2025-04-22 16:23:56.32,open,1,-4,-6,0,-4,9,-10,2,-21,-7,0,6,6,-9,-3,-8,-2,4,8,14,7,-4,-8,-13,-2,1,10,18,4,-8,-7,1,6,12,13,32,11,2,-7,-8,1,22,9,25,13,6,2,0
2025-04-22 16:23:56.33,open,1,0,2,-1,0,5,-10,-5,-34,-6,0,2,5,-16,-5,-12,-4,-1,5,8,-8,-7,-10,-13,-7,2,5,14,3,-10,-7,-3,2,11,10,29,9,0,-4,-11,1,17,5,23,10,3,4,2
2025-04-22 16:23:56.34,open,-3,-13,-16,-10,-11,1,-21,-13,-31,-13,-3,-2,-1,-17,-12,-11,-7,-8,4,6,-11,-9,-13,-15,-7,0,6,10,-1,-11,-10,-2,3,7,9,23,4,0,-4,-12,0,13,4,20,9,8,2,1
2025-04-22 16:23:56.35,open,2,4,6,2,2,7,-9,8,-14,-11,3,-1,7,-15,-7,-12,-5,-5,7,7,1,-7,-11,-16,-8,2,3,10,2,-10,-7,-2,2,3,10,25,6,0,-8,-9,-2,14,6,19,8,6,0,2
2025-04-22 16:23:56.36,open,1,-3,0,0,-3,5,-16,-7,-35,-8,-3,-1,4,-18,-7,-14,-6,-7,2,7,-12,-6,-10,-17,-5,1,4,14,1,-12,-12,0,-1,8,9,23,10,2,-8,-9,0,12,9,22,9,10,2,0
2025-04-22 16:23:56.37,open,-2,-3,-5,-6,-4,0,-14,-11,-32,-14,-1,-2,4,-18,-7,-13,-8,-5,3,7,-12,-6,-11,-16,-5,1,6,18,2,-8,-9,-3,4,7,14,29,8,6,-5,-8,2,16,11,25,13,5,5,1
2025-04-22 16:23:56.38,open,2,7,5,2,3,8,-7,9,-10,-7,4,3,8,-13,-1,-12,-1,2,8,15,9,-4,-7,-12,-4,1,10,22,5,-6,-4,0,3,14,16,33,16,4,-3,-10,0,24,11,29,17,9,5,2
2025-04-22 16:23:56.40,open,1,1,2,0,1,7,-8,-2,-30,-5,3,2,7,-14,-3,-10,0,-1,11,14,-3,-2,-10,-9,-5,0,11,28,10,-5,-4,0,7,18,19,38,18,7,-1,-5,7,24,16,34,18,12,6,2
2025-04-22 16:23:56.41,open,-2,-3,-3,-6,-2,4,-12,-10,-33,-10,1,1,4,-10,-5,-8,-2,-1,11,13,-6,-2,-9,-9,-4,0,11,29,10,-6,-5,-2,10,15,19,41,17,8,-3,-6,5,24,18,35,17,14,4,0
2025-04-22 16:23:56.43,open,1,-5,-2,-2,-1,6,-9,6,-16,-5,2,2,8,-12,-1,-10,1,1,12,16,8,-2,-6,-12,-3,2,12,27,5,-3,-1,-1,8,15,19,38,14,10,-2,-7,4,24,17,31,15,12,4,2
2025-04-22 16:23:56.44,open,0,7,1,4,0,13,-10,-3,-24,-7,4,5,4,-9,-4,-10,-1,-1,10,14,-1,-2,-6,-9,-5,0,11,22,5,-8,-2,-3,9,13,18,35,12,6,-3,-8,5,22,11,28,17,8,5,1
2025-04-22 16:23:56.45,open,-2,-5,-3,-4,-7,6,-15,-10,-39,-8,-3,3,4,-16,-5,-9,-6,-5,4,8,-12,-3,-10,-11,-6,-1,7,17,1,-5,-10,1,4,12,15,30,10,5,-4,-8,-1,21,10,28,14,6,5,0
2025-04-22 16:23:56.46,open,0,-4,-3,-4,-2,3,-12,2,-16,-11,1,-2,6,-15,-2,-11,-6,-3,3,11,1,-6,-6,-14,-5,1,5,17,1,-5,-5,0,3,10,14,29,10,5,-3,-7,2,17,10,26,11,11,3,0
2025-04-22 16:23:56.47,open,0,6,4,2,1,8,-8,1,-25,-10,3,-1,6,-15,-4,-12,-4,-6,5,9,-7,-3,-10,-11,-6,1,4,18,1,-5,-5,-3,6,8,15,31,11,3,-2,-10,2,18,10,28,13,9,6,0
2025-04-22 16:23:56.48,open,0,-3,1,0,-2,6,-10,-7,-35,-10,-3,3,3,-15,-5,-10,-4,-5,4,11,-9,-4,-7,-13,-6,1,8,20,3,-4,-5,-3,5,12,15,35,13,3,-1,-9,1,24,12,30,17,10,6,2
2025-04-22 16:23:56.49,open,-1,-2,-4,1,-4,9,-12,2,-22,-5,0,5,7,-13,0,-9,-1,-2,9,17,6,-2,-6,-11,-4,1,11,23,7,-2,-3,1,6,15,21,36,16,9,-3,-5,2,24,14,33,19,13,4,2
2025-04-22 16:23:56.50,open,1,8,4,3,-1,13,-8,1,-23,-4,1,7,7,-9,-1,-8,0,-1,12,16,1,1,-5,-8,-3,0,13,25,6,-1,-3,0,7,18,22,39,19,8,0,-6,3,28,17,36,20,13,7,2
2025-04-22 16:23:56.51,open,-3,3,-3,2,-2,11,-12,-8,-33,-8,3,4,6,-9,-4,-8,-4,1,9,14,-2,-3,-4,-10,-3,1,13,25,6,-4,-3,-2,10,18,22,38,16,9,-1,-4,3,26,17,34,18,12,6,2
2025-04-22 16:23:56.52,open,1,-2,-2,2,-3,11,-9,4,-22,-6,0,5,5,-9,-2,-8,-5,-1,9,11,0,0,-4,-12,-4,1,8,22,6,-5,-2,-2,8,14,18,35,17,6,-1,-7,1,25,13,33,16,12,5,2
2025-04-22 16:23:56.53,open,-3,2,-1,4,-1,13,-8,2,-17,-6,5,6,7,-6,-2,-8,-4,0,7,14,6,0,-4,-9,-4,0,12,19,4,-4,1,-2,8,12,20,35,12,8,-2,-6,1,24,14,30,18,10,6,0
2025-04-22 16:23:56.55,open,2,0,1,-2,0,6,-8,-8,-31,-10,2,0,6,-13,-4,-12,-7,-8,3,6,-9,-4,-6,-10,-5,1,7,15,2,-5,-4,-3,6,10,15,28,13,4,-3,-9,2,19,12,28,15,10,4,0
2025-04-22 16:23:56.56,open,-3,-13,-14,-7,-10,5,-16,-9,-31,-11,-4,-2,4,-15,-4,-9,-9,-11,2,3,-9,-5,-11,-12,-9,1,3,10,5,-7,-4,0,1,12,14,27,11,4,-5,-7,0,18,11,26,14,8,5,0
2025-04-22 16:23:56.57,open,2,5,5,6,0,14,-8,6,-12,-8,3,1,9,-10,1,-10,-5,-8,5,9,3,-1,-5,-9,-10,2,4,10,4,-5,-2,-2,5,9,14,29,10,6,-4,-9,2,17,12,29,13,12,4,0
2025-04-22 16:23:56.58,open,0,3,1,2,1,10,-9,-5,-32,-6,-1,4,4,-8,-4,-7,-10,-5,4,6,-7,1,-4,-10,-5,0,4,18,3,-1,-3,-1,4,12,16,30,12,6,-3,-7,0,23,12,30,17,11,2,2
2025-04-22 16:23:56.59,open,-3,0,-4,1,-3,10,-9,-4,-33,-7,0,-1,8,-9,-3,-8,-10,-5,4,6,-4,0,-5,-9,-7,2,8,20,7,-4,-2,0,4,15,18,37,16,10,-2,-8,3,21,16,32,15,14,6,0
2025-04-22 16:23:56.60,s,2,5,6,3,5,11,-1,9,-13,-4,5,3,12,-5,1,-7,-7,-2,10,12,11,4,-2,-5,-7,2,10,20,9,0,0,0,6,14,20,38,16,12,0,-6,4,23,17,35,17,13,4,3
2025-04-22 16:23:56.62,s,1,6,1,4,3,12,-1,-3,-25,-7,4,2,10,-5,-1,-7,-8,-5,9,8,-3,4,-4,-6,-7,-1,10,18,10,0,-4,0,7,13,20,37,14,12,1,-7,5,24,18,35,17,14,5,1
2025-04-22 16:23:56.63,s,0,-4,-3,-5,0,8,-6,-11,-32,-11,2,1,5,-5,-3,-10,-10,-7,4,4,-5,1,-3,-8,-10,0,6,18,6,0,-5,-1,5,17,20,36,16,9,0,-7,2,23,18,31,19,13,5,0
2025-04-22 16:23:56.64,s,1,-4,0,0,-2,14,-6,7,-17,-4,0,5,9,-4,2,-7,-9,-5,2,9,7,3,0,-4,-6,1,6,14,7,2,0,0,7,14,19,35,16,12,-1,-5,0,25,14,35,18,13,6,0
2025-04-22 16:23:56.65,s,0,6,3,7,1,15,-2,1,-26,-8,4,3,7,-2,-1,-8,-10,-10,-1,6,-1,6,-2,-3,-8,1,3,14,4,2,1,-3,8,11,21,32,13,15,3,-2,4,21,17,32,16,18,4,2
2025-04-22 16:23:56.66,s,0,-2,2,0,1,12,-1,-9,-34,-10,1,2,8,-5,1,-7,-12,-15,-5,1,-7,3,0,-5,-9,1,-1,13,5,1,2,-2,7,13,18,31,16,11,2,-4,2,23,14,33,15,19,5,1
2025-04-22 16:23:56.67,s,1,-2,-1,3,2,11,2,6,-18,-5,3,3,9,0,5,-6,-14,-16,0,3,6,5,2,-2,-11,-2,0,9,5,6,5,0,5,17,20,30,14,11,5,-5,4,24,17,31,15,19,6,1
2025-04-22 16:23:56.68,s,2,4,1,7,1,21,4,2,-26,-3,2,10,10,4,7,-3,-12,-11,0,6,3,6,5,2,-7,0,3,13,6,7,6,0,10,15,25,31,13,12,7,-2,5,28,21,35,16,21,7,0
2025-04-22 16:23:56.69,s,1,0,4,4,1,21,8,-5,-31,-3,4,10,9,8,11,0,-14,-10,4,9,-2,9,8,6,-8,1,4,18,8,10,9,-2,14,20,28,34,17,19,8,6,7,31,26,34,19,22,9,0
2025-04-22 16:23:56.70,s,0,-1,0,4,2,19,15,7,-15,-4,8,12,9,10,14,4,-10,-5,8,15,11,13,12,18,-9,0,8,17,6,16,14,1,11,27,28,39,18,20,12,8,11,36,28,37,20,26,13,0
2025-04-22 16:23:56.71,s,0,9,4,11,5,27,21,8,-19,0,6,18,12,15,18,5,-6,-6,16,14,9,14,18,23,-7,2,12,19,4,19,16,0,13,28,30,37,19,20,13,14,8,43,29,35,19,26,15,3
2025-04-22 16:23:56.72,s,0,0,5,6,4,24,26,1,-32,-4,9,16,14,14,20,5,-6,-2,17,17,0,14,21,27,-7,1,11,22,7,16,14,1,14,29,30,34,17,22,15,17,10,42,29,32,14,30,13,0
2025-04-22 16:23:56.73,s,1,-3,3,5,6,24,28,5,-18,1,9,18,17,17,28,5,-3,2,21,19,7,22,22,30,-4,2,16,18,2,22,20,0,15,31,29,28,16,22,20,17,11,43,26,33,16,32,16,1
2025-04-22 16:23:56.74,s,0,2,8,11,10,31,37,10,-18,6,15,28,21,24,35,7,1,14,26,25,21,28,27,38,-3,3,20,25,6,26,27,0,23,33,29,30,17,28,22,20,11,48,28,28,18,35,19,0
2025-04-22 16:23:56.76,s,2,4,11,16,11,37,41,9,-32,5,17,34,23,31,37,12,6,18,35,32,13,35,36,48,1,3,34,35,12,38,26,1,23,41,37,33,18,37,25,27,15,53,34,32,17,40,23,0
2025-04-22 16:23:56.77,s,0,-5,7,15,8,39,49,8,-22,6,24,45,28,47,51,17,12,27,51,41,28,48,45,59,2,5,43,46,19,44,35,1,26,49,44,38,21,43,32,34,17,57,39,34,18,42,27,1
2025-04-22 16:23:56.78,s,3,22,34,46,28,53,66,26,1,20,41,87,38,62,60,22,20,41,71,69,48,61,52,69,7,5,66,61,26,56,44,3,32,59,54,48,29,53,40,41,19,66,45,38,21,47,27,2
2025-04-22 16:23:56.79,s,1,18,32,48,30,56,69,17,-27,18,45,107,45,68,65,24,22,50,88,88,38,67,57,69,12,8,83,85,39,62,45,0,41,71,78,66,41,61,46,41,20,76,61,48,28,48,28,0
2025-04-22 16:23:56.80,s,2,9,29,50,31,63,74,14,-23,16,48,118,48,81,71,27,20,62,107,98,55,71,65,72,10,10,96,107,52,74,45,3,43,87,95,78,49,75,47,39,26,99,74,59,31,53,28,2
2025-04-22 16:23:56.82,s,5,35,52,78,63,103,112,35,12,34,69,154,75,119,109,36,29,81,126,121,93,99,85,82,18,11,117,134,75,108,63,4,53,105,118,90,66,84,61,45,28,109,90,73,42,65,37,2
2025-04-22 16:23:56.83,s,3,25,45,72,74,111,125,29,-29,35,73,164,94,148,127,39,25,92,131,127,108,125,110,92,13,12,130,145,98,130,86,2,57,113,126,100,81,97,75,52,34,118,100,82,48,77,44,2
2025-04-22 16:23:56.84,s,1,17,44,64,75,111,123,23,-29,34,73,163,99,158,138,48,25,86,130,128,110,133,130,103,17,12,128,145,101,140,108,3,58,111,129,100,80,103,88,55,35,120,98,84,49,78,50,2
2025-04-22 16:23:56.85,s,1,27,48,74,77,114,116,30,13,40,80,169,97,152,121,40,26,91,133,130,119,126,113,91,14,11,130,142,94,134,92,2,55,113,127,99,77,97,77,52,34,118,99,81,45,77,43,3
2025-04-22 16:23:56.86,s,4,33,59,79,88,112,115,27,-21,39,85,166,106,148,116,37,25,91,135,133,120,126,112,86,14,12,128,146,99,135,91,2,57,110,124,102,80,100,78,52,35,119,94,83,48,77,45,3
2025-04-22 16:23:56.87,s,2,26,56,72,101,109,112,15,-29,42,93,172,119,160,119,38,25,94,138,139,136,140,120,87,15,12,134,152,118,147,99,3,55,111,130,101,87,109,87,56,32,120,98,84,51,83,51,0
2025-04-22 16:23:56.89,s,1,35,60,81,119,123,111,25,13,52,101,183,141,179,120,41,30,97,148,145,167,150,122,85,16,12,138,161,134,158,104,4,55,119,134,105,101,109,91,55,34,127,101,84,60,81,54,2
2025-04-22 16:23:56.90,s,4,44,69,87,133,131,115,22,-15,57,104,183,153,182,121,38,30,103,145,144,173,154,125,82,17,12,143,163,141,162,107,4,58,123,136,104,107,110,94,52,37,128,103,83,63,84,53,1
2025-04-22 16:23:56.91,s,2,37,62,81,133,122,108,16,-35,46,100,180,151,175,115,35,27,94,144,144,170,148,117,77,14,13,140,160,138,158,100,2,59,116,136,102,104,106,87,47,37,125,101,84,60,83,46,2
2025-04-22 16:23:56.92,s,2,38,59,87,135,128,106,22,11,42,97,185,152,176,115,30,29,89,141,144,177,148,114,73,16,11,135,158,137,153,94,4,55,115,132,101,101,110,79,41,35,124,100,83,59,82,41,3
2025-04-22 16:23:56.93,s,6,43,69,92,145,131,112,23,-15,44,100,187,156,179,113,32,23,88,138,143,181,150,114,76,10,13,133,161,142,151,101,3,53,114,132,101,102,113,81,46,37,123,98,84,63,82,45,2
2025-04-22 16:23:56.94,s,2,32,60,84,141,123,103,12,-39,38,96,185,157,175,105,30,21,80,138,143,176,152,112,77,11,10,132,158,144,154,99,3,52,109,129,101,104,113,85,49,31,122,96,86,61,83,47,0
2025-04-22 16:23:56.95,s,3,34,56,87,145,119,99,18,5,36,91,188,153,171,100,26,22,74,131,144,182,147,102,69,10,11,125,157,142,146,92,3,48,103,122,100,100,111,77,43,28,116,93,81,58,81,42,2
2025-04-22 16:23:56.97,s,4,32,57,90,146,122,99,26,-12,35,83,188,158,166,99,24,18,66,125,146,179,145,97,68,10,12,119,156,139,144,81,3,46,99,118,97,98,108,70,39,28,113,89,78,57,78,41,0
2025-04-22 16:23:56.98,s,3,35,52,86,145,118,98,15,-40,28,81,187,151,168,95,24,14,63,125,143,179,146,94,67,6,10,122,154,143,146,85,3,48,100,120,97,100,108,75,39,31,112,93,83,56,82,41,1
2025-04-22 16:23:57.00,s,0,22,42,83,135,115,90,14,-15,29,77,187,155,166,98,25,14,60,123,145,180,145,93,66,6,9,120,154,143,145,84,2,48,97,119,100,101,107,73,35,27,112,89,80,58,78,40,0
2025-04-22 16:23:57.01,s,6,45,63,100,150,130,101,30,5,35,79,192,158,167,99,20,16,53,120,145,184,142,91,61,8,10,117,154,142,144,80,2,46,95,118,95,98,109,68,35,29,108,90,79,57,80,37,2
2025-04-22 16:23:57.02,s,3,32,52,85,144,121,97,16,-35,30,75,189,156,164,98,22,13,45,120,143,176,147,88,62,3,11,113,158,142,145,83,1,48,92,117,95,101,109,68,34,26,110,87,80,57,81,39,0
2025-04-22 16:23:57.03,s,1,24,42,82,138,114,94,11,-19,25,74,183,153,163,98,18,10,43,115,145,177,146,89,63,3,11,115,157,141,146,84,1,47,91,114,97,100,106,72,33,25,108,86,82,59,79,39,2
2025-04-22 16:23:57.04,s,4,45,57,99,149,130,102,31,13,33,71,190,157,165,97,18,16,40,114,144,183,145,83,61,3,10,108,155,139,140,78,0,43,86,111,94,97,108,64,32,26,100,85,76,54,77,36,3
2025-04-22 16:23:57.05,s,3,29,47,86,144,117,96,18,-37,28,63,183,152,159,93,16,9,33,104,143,171,139,80,58,0,10,100,151,136,138,70,3,40,85,105,93,94,101,62,27,28,98,81,78,51,76,34,-1
2025-04-22 16:23:57.06,s,1,17,37,78,132,111,91,11,-29,20,60,178,145,159,90,17,6,32,100,140,169,140,75,60,0,6,98,148,130,132,70,1,43,81,101,92,90,98,58,25,26,95,76,73,48,75,35,0
2025-04-22 16:23:57.07,s,2,32,47,84,143,119,100,24,16,29,65,183,149,164,93,16,9,32,103,143,176,138,80,58,0,9,94,147,132,133,72,2,42,82,100,90,88,105,59,25,26,93,76,73,49,75,35,2
2025-04-22 16:23:57.09,s,5,40,55,90,146,122,103,23,-26,26,67,183,149,164,94,17,7,37,102,144,173,139,81,58,2,9,98,149,133,137,73,2,39,82,102,92,96,104,61,32,23,97,76,76,49,78,38,2
2025-04-22 16:23:57.10,s,2,21,40,76,132,115,95,11,-26,28,64,180,144,161,97,17,9,34,103,140,166,141,82,61,2,8,100,149,132,139,75,-1,42,79,103,91,91,105,63,33,23,97,75,75,52,74,39,-1
2025-04-22 16:23:57.11,s,4,37,53,88,141,125,102,26,24,39,70,187,150,169,101,18,12,44,110,142,173,145,88,62,4,10,102,150,134,139,79,1,45,83,106,95,93,105,66,32,27,95,79,79,50,78,37,1
2025-04-22 16:23:57.12,s,5,42,57,87,144,126,109,22,-17,42,79,183,153,169,107,20,13,45,113,140,174,146,89,64,2,8,110,153,138,146,81,3,40,85,110,92,97,106,68,33,25,96,81,80,54,80,41,0
2025-04-22 16:23:57.13,s,2,35,50,81,137,119,102,17,-26,41,75,180,150,166,103,18,10,44,115,143,169,144,90,60,2,10,108,154,138,140,81,0,42,84,110,93,97,105,67,36,23,97,80,78,52,78,39,-1
2025-04-22 16:23:57.15,s,2,40,55,88,141,125,105,25,29,38,75,186,152,167,105,18,15,41,112,143,175,141,87,60,3,10,103,152,133,139,78,1,42,78,104,94,92,105,64,32,26,91,75,77,52,75,38,1
2025-04-22 16:23:57.16,s,5,42,52,90,133,126,99,23,-10,36,73,182,147,160,94,16,11,37,106,140,163,140,80,62,1,10,98,146,127,134,69,3,40,77,102,90,88,100,58,31,21,91,75,71,50,74,34,2
2025-04-22 16:23:57.17,s,0,33,46,81,131,119,95,14,-34,32,63,179,139,160,93,15,6,33,100,138,159,135,80,59,1,9,93,146,125,134,73,0,41,76,97,86,87,99,59,28,21,88,70,73,50,73,34,0
2025-04-22 16:23:57.18,s,1,37,47,87,131,125,99,24,19,38,68,182,144,161,100,19,10,33,106,138,166,140,81,60,-4,9,94,147,127,134,76,1,38,78,100,90,90,101,61,34,20,89,73,73,48,76,35,2
2025-04-22 16:23:57.19,s,4,37,53,87,138,125,107,26,-1,38,73,182,149,167,100,21,8,38,106,140,169,139,85,61,0,10,96,150,131,136,77,2,40,78,98,91,93,102,64,33,23,88,74,76,52,74,39,0
2025-04-22 16:23:57.20,s,4,40,56,88,140,123,104,16,-30,36,70,182,145,164,98,18,6,35,104,142,166,141,86,63,0,8,99,149,133,140,76,2,37,75,98,91,91,104,64,35,21,87,73,76,51,75,37,0
2025-04-22 16:23:57.21,s,1,27,39,80,129,115,98,15,6,37,72,183,145,168,100,19,7,34,109,140,171,142,90,60,-2,10,102,151,137,144,78,2,35,78,102,92,96,104,68,33,23,87,77,76,53,77,40,0
2025-04-22 16:23:57.22,s,9,58,66,102,149,138,114,32,17,48,79,189,155,170,108,20,10,39,109,144,176,147,93,64,-2,8,102,152,141,143,84,3,38,76,103,93,97,107,70,38,23,85,77,77,55,76,42,3
2025-04-22 16:23:57.23,s,1,46,53,88,141,125,107,16,-26,38,75,186,147,171,103,21,5,36,108,142,172,144,93,61,1,7,102,150,137,143,81,0,39,73,101,92,97,102,72,35,23,86,74,78,52,81,42,-1
2025-04-22 16:23:57.24,s,2,29,44,80,128,123,99,16,-3,38,68,180,147,167,105,20,8,33,103,143,169,145,91,64,-2,8,99,150,134,144,80,1,35,74,98,90,98,104,71,36,17,84,73,74,54,80,41,0
2025-04-22 16:23:57.26,s,8,50,62,96,148,134,114,33,27,41,73,188,151,168,107,21,9,33,104,142,174,142,91,61,1,8,94,150,134,140,79,1,35,72,96,91,94,102,70,35,21,79,70,74,52,77,40,3
2025-04-22 16:23:57.27,s,2,35,47,86,132,125,100,16,-29,34,61,181,142,166,97,18,2,29,93,142,166,138,85,61,-4,9,87,149,134,137,73,2,33,71,93,90,94,101,67,33,21,77,67,74,52,76,39,0
2025-04-22 16:23:57.28,s,1,26,35,78,125,119,95,16,-16,33,59,178,143,160,101,17,6,28,93,139,163,140,85,59,-2,9,89,146,129,138,75,2,33,68,93,88,90,105,66,32,20,75,67,73,49,77,38,0
2025-04-22 16:23:57.29,s,4,44,55,90,140,127,107,26,36,40,71,186,145,169,100,18,10,37,100,144,172,142,87,60,1,8,92,149,134,138,76,2,34,73,95,90,94,103,69,37,19,81,68,73,51,76,39,3
2025-04-22 16:23:57.30,s,4,54,59,95,138,130,107,24,-16,42,76,181,147,162,98,19,13,38,107,139,163,142,87,62,2,8,99,147,130,138,80,1,40,74,97,92,92,102,66,38,20,84,69,73,52,75,39,0
2025-04-22 16:23:57.32,s,2,30,47,79,120,118,99,16,-14,43,73,175,137,161,101,23,13,45,109,139,152,138,90,67,4,9,106,143,125,136,77,3,40,78,100,90,84,104,68,42,26,89,71,73,47,76,40,-1
2025-04-22 16:23:57.33,s,5,49,61,88,122,123,108,27,46,54,80,180,129,163,104,24,22,61,120,138,149,135,91,69,6,12,108,144,114,131,79,3,43,89,105,90,82,98,69,42,27,95,77,71,44,73,40,2
2025-04-22 16:23:57.34,s,5,47,61,86,102,115,110,24,-2,57,81,177,113,146,111,32,22,65,120,134,125,123,99,75,9,11,111,141,102,122,79,0,49,90,109,93,73,95,67,44,30,100,80,70,41,70,38,3
2025-04-22 16:23:57.35,s,2,37,54,76,79,105,106,17,-10,49,78,168,93,134,115,34,21,65,121,127,102,116,99,84,8,11,112,131,84,113,78,2,49,93,105,87,65,84,65,45,28,103,81,66,37,61,38,0
2025-04-22 16:23:57.36,s,3,41,53,80,70,104,110,29,41,50,79,169,79,130,115,37,25,74,122,123,95,106,98,89,11,10,111,124,74,102,73,1,51,94,105,86,57,81,59,50,29,107,82,64,33,57,32,2
2025-04-22 16:23:57.37,s,4,44,59,78,66,97,116,26,6,46,72,167,70,125,119,38,25,74,123,121,86,104,103,92,11,9,116,123,66,100,73,3,48,99,111,85,59,76,59,47,31,111,86,64,34,57,34,3
2025-04-22 16:23:57.38,s,0,30,44,73,58,92,113,22,-23,41,73,162,68,122,123,39,21,79,122,123,81,105,108,98,12,11,119,126,69,102,76,4,50,99,114,87,56,77,60,45,33,109,91,68,33,60,30,2
2025-04-22 16:23:57.39,s,3,24,43,71,52,92,109,26,31,32,65,154,61,113,123,37,25,74,118,117,77,91,101,91,13,10,114,117,57,88,67,3,46,97,111,78,51,64,52,40,30,109,86,65,30,46,29,3
2025-04-22 16:23:57.40,s,3,22,46,72,53,86,114,35,-4,25,53,141,56,99,115,31,21,69,111,102,63,73,86,86,12,9,106,102,41,62,55,2,47,90,104,74,36,43,36,36,29,105,85,57,20,34,16,2
2025-04-22 16:23:57.41,s,2,10,29,55,36,63,92,18,-35,9,40,119,40,75,93,26,15,57,101,90,37,49,66,75,9,9,98,90,26,33,37,1,41,81,96,66,24,18,20,25,29,96,77,51,16,13,10,2
2025-04-22 16:23:57.42,s,-3,-5,9,36,15,41,72,13,-21,1,29,92,29,50,75,20,13,40,80,73,29,24,48,64,5,9,77,72,14,18,23,2,32,69,77,54,17,10,12,20,19,85,66,41,10,12,5,0
2025-04-22 16:23:57.43,s,3,9,21,32,20,33,64,22,-3,1,24,59,25,30,55,13,10,30,59,49,26,18,33,52,1,4,54,46,10,15,16,1,26,49,55,38,9,9,8,15,17,65,47,30,9,6,2,1
2025-04-22 16:23:57.45,s,1,2,8,15,12,21,47,9,-30,-5,12,32,16,19,28,4,1,15,30,30,5,11,26,38,1,3,30,28,1,9,5,1,21,34,41,29,9,6,2,7,15,52,38,29,7,6,-1,0
2025-04-22 16:23:57.46,s,1,-4,1,4,6,13,36,5,-33,-6,1,20,8,11,23,1,-6,1,19,20,-3,7,17,34,-4,1,19,23,0,7,-2,0,17,34,41,36,9,6,-1,1,13,52,39,34,9,6,-2,1
2025-04-22 16:23:57.47,s,2,8,6,11,8,19,32,14,-9,-3,1,15,10,6,26,-4,-4,-2,12,24,15,4,11,26,-5,-1,14,25,0,5,3,1,17,29,45,44,12,5,-4,-3,10,51,41,41,14,6,-3,2
2025-04-22 16:23:57.48,s,1,2,3,3,2,13,20,-3,-30,-7,2,6,8,1,15,-7,-7,-5,8,18,0,0,8,15,-6,1,12,32,3,0,-3,1,14,33,46,46,17,3,-9,-9,9,45,39,43,16,4,-5,0
2025-04-22 16:23:57.49,s,0,1,-5,1,1,10,12,-9,-38,-5,-2,3,7,-1,7,-7,-3,-6,9,17,-4,-4,5,8,-6,2,12,36,5,-2,-6,1,13,30,47,46,16,3,-9,-10,9,35,39,43,15,6,-4,0
2025-04-22 16:23:57.50,s,0,-5,-3,-1,-2,8,5,-1,-15,-4,-1,3,6,-3,5,-7,0,-1,11,19,8,-2,2,5,-3,0,15,33,3,-1,-2,-3,16,25,39,47,16,3,-9,-12,8,28,33,40,16,4,-6,0
2025-04-22 16:23:57.51,s,1,8,4,4,2,9,0,-9,-23,-10,1,-2,6,-8,-3,-11,-1,5,8,14,1,-8,-4,-5,-5,2,13,30,5,-6,-8,0,9,19,32,41,12,1,-11,-13,3,25,22,33,11,4,-6,0
2025-04-22 16:23:57.52,s,1,-4,-3,-2,-1,0,-5,-16,-32,-13,-1,-5,4,-15,-10,-12,0,2,10,13,-8,-10,-5,-10,-4,2,12,27,6,-10,-10,-1,10,18,21,36,13,-4,-11,-20,4,21,15,28,15,1,-5,-1
2025-04-22 16:23:57.53,s,0,-3,-4,-3,-2,1,-8,-3,-15,-12,1,-3,4,-15,-7,-12,2,6,11,19,5,-11,-7,-12,0,3,15,30,4,-9,-7,-3,9,15,21,36,11,0,-13,-15,1,20,14,28,10,4,-3,2
2025-04-22 16:23:57.54,s,0,2,-4,3,-3,3,-9,-5,-24,-6,1,-3,4,-15,-14,-12,4,6,17,19,3,-9,-11,-12,-2,4,18,33,9,-10,-8,1,7,20,24,38,16,1,-13,-14,2,25,17,31,15,6,-3,1
2025-04-22 16:23:57.56,s,-2,3,-3,3,-4,3,-11,-9,-34,-7,-2,1,-1,-14,-14,-10,0,10,16,17,-5,-9,-10,-11,-3,4,20,34,9,-10,-8,0,10,17,24,41,14,2,-10,-15,5,23,15,30,17,4,-1,0
2025-04-22 16:23:57.57,s,1,-2,-1,0,-1,2,-14,-2,-17,-10,-1,1,-2,-14,-12,-14,5,8,16,20,1,-7,-8,-13,1,2,16,32,5,-12,-7,-3,10,17,21,37,14,-2,-14,-17,4,23,13,32,14,4,-4,0
2025-04-22 16:23:57.58,s,2,5,3,2,1,2,-9,-5,-18,-6,2,1,3,-14,-11,-12,2,13,15,20,4,-11,-7,-14,1,3,14,33,6,-13,-7,0,10,22,22,37,14,-2,-11,-18,7,25,13,31,15,4,-5,0
2025-04-22 16:23:57.59,s,1,2,-3,2,-3,-1,-10,-10,-32,-8,3,0,2,-15,-13,-12,3,9,18,19,-5,-7,-11,-13,-2,3,18,35,7,-10,-12,0,11,19,22,41,13,-1,-12,-17,5,23,18,30,11,5,-5,0
2025-04-22 16:23:57.60,s,0,-3,-4,-2,-3,-1,-14,-3,-17,-8,3,-1,0,-16,-6,-10,4,13,18,20,3,-10,-10,-17,1,3,20,35,7,-12,-8,-2,9,20,21,41,13,1,-13,-20,7,26,14,34,14,2,-3,0
2025-04-22 16:23:57.62,s,1,-3,0,2,2,3,-6,6,-17,-3,4,6,3,-10,-7,-12,6,14,19,25,6,-4,-8,-12,0,1,20,37,9,-9,-3,0,8,22,22,43,16,0,-11,-21,5,25,16,34,12,6,-4,2
2025-04-22 16:23:57.63,s,1,3,-4,4,-2,3,-13,-10,-27,-5,1,4,1,-12,-7,-9,4,15,19,22,-1,-8,-6,-14,3,2,21,36,8,-7,-7,-2,12,19,23,43,17,2,-11,-18,4,27,16,35,14,8,-3,0
2025-04-22 16:23:57.64,s,-2,-11,-9,-5,-10,-2,-17,-13,-27,-11,3,-2,1,-16,-8,-12,5,13,17,22,-1,-10,-7,-13,2,2,21,38,9,-7,-9,0,11,20,22,42,14,4,-12,-16,3,24,18,33,15,6,-1,0
2025-04-22 16:23:57.65,s,1,6,1,7,2,3,-10,3,-9,-5,7,2,4,-12,-7,-11,2,15,18,25,11,-5,-10,-12,1,0,21,32,11,-7,-7,0,10,20,20,41,17,1,-11,-17,5,25,14,33,16,5,-1,4
2025-04-22 16:23:57.66,s,1,1,1,2,-2,3,-15,-8,-27,-4,3,1,5,-15,-7,-12,5,9,19,18,-2,-7,-10,-16,1,2,18,34,10,-9,-8,0,9,20,21,37,16,2,-11,-15,4,23,18,32,13,9,-3,2
2025-04-22 16:23:57.67,s,0,-7,-6,-6,-4,-3,-15,-15,-29,-11,1,-3,1,-16,-11,-12,2,8,15,17,-6,-12,-8,-17,1,2,19,30,9,-8,-13,0,7,19,21,34,14,2,-13,-15,3,25,17,28,15,9,-1,2
2025-04-22 16:23:57.68,s,2,3,4,2,1,2,-9,3,-8,-6,7,2,0,-12,-7,-13,5,10,13,22,9,-10,-7,-17,2,1,15,30,5,-12,-4,-3,10,15,18,37,11,3,-13,-18,5,21,14,28,14,3,0,3
2025-04-22 16:23:57.70,s,1,2,-1,2,-3,1,-12,-10,-24,-5,0,3,-1,-13,-10,-11,0,8,11,18,-5,-7,-11,-16,1,2,13,29,7,-10,-9,-1,8,15,17,35,12,0,-10,-19,1,24,11,26,16,3,-1,2
2025-04-22 16:23:57.71,s,0,-6,-5,-5,-4,-2,-13,-11,-32,-8,3,-2,3,-16,-9,-11,1,6,12,15,-10,-7,-12,-14,-2,0,12,25,6,-11,-10,0,5,16,15,35,11,1,-13,-19,3,19,12,26,13,5,-3,0
2025-04-22 16:23:57.72,s,-1,-3,-7,-4,-3,-2,-12,1,-11,-8,3,-1,4,-14,-3,-10,1,8,12,15,4,-7,-12,-14,-2,0,11,23,5,-9,-8,1,5,15,14,31,11,-3,-11,-23,4,20,8,23,12,2,-4,2
2025-04-22 16:23:57.73,open,1,5,3,6,-1,7,-10,-5,-21,-4,0,4,1,-12,-9,-10,-1,8,12,14,-4,-6,-10,-15,1,2,11,22,1,-7,-8,-2,7,13,12,27,10,-4,-14,-23,2,18,5,25,8,4,-1,2
2025-04-22 16:23:57.74,open,-3,-4,-4,-4,-3,-1,-12,-14,-31,-7,-1,2,-1,-14,-9,-9,1,3,8,11,-10,-10,-10,-16,-2,2,7,23,4,-12,-11,-2,6,12,12,27,8,-4,-11,-24,3,17,9,23,10,1,-5,2
2025-04-22 16:23:57.75,open,1,-4,-3,-2,-2,3,-12,1,-18,-5,1,2,-1,-12,-7,-12,-2,6,12,10,3,-10,-9,-17,0,1,9,19,2,-13,-5,-3,7,10,10,26,5,-2,-15,-22,1,20,5,23,10,0,-6,2
2025-04-22 16:23:57.76,open,1,4,2,2,0,1,-9,-2,-22,-7,4,1,3,-13,-9,-12,-1,5,10,11,-2,-9,-11,-13,-3,0,10,17,3,-9,-10,0,6,11,12,27,7,-6,-12,-23,3,18,4,23,10,-1,-2,2
2025-04-22 16:23:57.79,open,-1,3,-4,4,-4,5,-15,-11,-33,-11,3,-3,1,-13,-12,-11,-3,0,10,9,-12,-7,-10,-13,-3,2,9,18,0,-9,-12,0,6,10,14,23,8,-4,-12,-21,2,17,6,23,8,3,-3,3
2025-04-22 16:23:57.80,open,1,-3,-1,2,-4,4,-14,0,-18,-5,0,2,-1,-13,-10,-11,-3,5,11,9,0,-8,-12,-16,-1,1,11,20,2,-9,-5,-3,7,10,11,28,8,-2,-10,-21,3,16,10,23,9,3,-1,1
2025-04-22 16:23:57.81,open,1,5,0,6,0,1,-9,-1,-21,-5,3,1,4,-14,-6,-12,-3,5,10,14,-1,-8,-8,-14,-3,1,12,22,3,-8,-5,-2,8,10,16,30,9,0,-10,-15,4,18,10,25,12,2,1,2
2025-04-22 16:23:57.82,open,-2,1,-1,1,-2,1,-10,-9,-32,-8,-1,2,-1,-16,-8,-9,-4,3,12,10,-9,-6,-10,-14,-2,1,13,22,3,-10,-7,-3,7,12,16,30,8,1,-9,-19,4,19,10,25,11,4,0,2
2025-04-22 16:23:57.83,open,-2,-2,-5,2,-4,2,-13,-3,-17,-7,0,2,-2,-12,-7,-11,-2,1,9,14,-3,-8,-10,-16,-4,2,8,24,3,-7,-7,-3,8,11,17,31,9,1,-11,-13,1,23,12,27,11,5,-1,2
2025-04-22 16:23:57.84,open,1,1,2,3,4,5,-5,2,-15,-5,4,5,1,-10,-5,-9,-2,7,13,17,4,-7,-8,-16,0,1,12,24,4,-8,-4,-2,9,15,16,33,10,3,-8,-13,3,21,12,25,15,6,-1,2
2025-04-22 16:23:57.85,open,1,4,-1,3,-3,6,-10,-8,-30,-5,3,-1,3,-12,-9,-11,-3,3,10,14,-8,-6,-9,-12,-3,1,13,21,2,-6,-9,-1,7,14,20,28,11,1,-10,-15,4,20,9,27,11,7,-1,3
2025-04-22 16:23:57.86,open,-5,-8,-13,-2,-10,1,-17,-13,-27,-12,1,-2,0,-14,-10,-12,-1,0,11,8,-9,-6,-8,-12,-3,1,11,20,2,-7,-9,-3,8,13,14,29,9,-2,-9,-17,4,20,9,24,12,4,-2,1
2025-04-22 16:23:57.87,open,2,10,7,8,1,9,-6,7,-12,-2,4,5,0,-8,-3,-10,-1,6,10,15,4,-6,-6,-16,1,2,8,20,2,-6,-2,-3,7,12,15,25,9,-2,-9,-16,3,20,10,21,12,4,-2,1
2025-04-22 16:23:57.88,open,0,3,-4,6,-3,7,-11,-6,-29,-4,3,-1,3,-13,-8,-10,-3,3,11,8,-8,-6,-7,-13,-2,1,11,16,5,-6,-10,0,4,13,12,28,8,0,-8,-18,3,19,7,24,9,4,0,0
2025-04-22 16:23:57.89,open,-2,-2,-6,1,-6,3,-13,-9,-32,-7,-2,2,-2,-13,-9,-11,-4,3,9,8,-10,-7,-12,-14,-5,1,10,16,2,-6,-9,1,6,11,15,26,6,2,-11,-14,1,21,11,22,11,3,-3,1
2025-04-22 16:23:57.90,open,0,7,7,6,4,6,-4,6,-8,-3,5,3,5,-11,-1,-12,3,3,12,17,5,-2,-7,-11,-2,0,12,21,3,-6,-3,-2,9,14,13,31,10,2,-9,-15,4,23,9,27,11,7,0,2
2025-04-22 16:23:57.91,open,1,0,1,1,0,3,-9,-9,-23,-6,1,3,0,-10,-6,-10,-1,6,12,12,-4,-5,-8,-11,-2,-1,13,26,5,-5,-5,-3,10,15,17,35,12,2,-7,-16,6,23,16,28,12,8,-2,0
2025-04-22 16:23:57.92,open,-1,1,-1,1,-2,5,-10,-10,-31,-5,1,3,-1,-10,-5,-8,-3,7,13,12,-7,-5,-8,-13,-1,3,12,27,6,-6,-5,-3,10,14,20,34,12,5,-7,-12,6,24,12,32,16,9,0,2
2025-04-22 16:23:57.94,open,0,0,-6,2,-2,1,-9,5,-14,-3,2,5,4,-10,-1,-8,1,6,17,16,8,-3,-7,-10,-3,2,13,27,8,-4,-3,1,8,20,22,35,12,4,-5,-13,7,24,15,32,12,8,3,1
2025-04-22 16:23:57.95,open,2,8,8,6,5,8,-4,-3,-19,-4,2,6,3,-8,-4,-9,0,9,16,15,0,-1,-7,-11,-3,3,14,25,7,-4,-7,1,6,19,20,33,17,3,-4,-12,7,25,13,31,14,10,4,0
2025-04-22 16:23:57.96,open,-3,-3,-7,2,-6,5,-10,-14,-31,-8,4,1,1,-13,-9,-9,0,3,11,15,-8,-4,-6,-11,-2,1,14,23,7,-4,-9,0,9,17,17,36,13,5,-4,-8,4,23,14,29,13,12,2,0
2025-04-22 16:23:57.97,open,1,-3,-2,-1,-1,2,-9,1,-15,-4,4,0,3,-13,-4,-11,2,3,14,14,2,-2,-6,-14,1,1,14,22,5,-3,-5,1,6,18,20,30,12,5,-8,-10,2,25,13,26,11,11,-1,1
2025-04-22 16:23:57.98,s,2,2,0,4,-1,5,-10,-5,-20,-5,1,4,1,-10,-4,-9,-2,6,13,11,-2,-4,-10,-13,-3,2,8,23,4,-4,-3,-2,8,15,16,33,12,3,-4,-9,4,22,11,27,15,9,0,2
2025-04-22 16:23:58.00,s,1,7,1,8,-2,9,-9,-7,-31,-4,0,3,-1,-14,-5,-8,-3,-1,11,9,-11,-5,-8,-16,-4,3,6,22,2,-8,-7,0,6,12,17,29,9,0,-5,-14,5,20,11,26,10,10,2,2
2025-04-22 16:23:58.01,s,0,0,-3,2,-4,2,-10,2,-17,-4,1,4,-1,-10,-5,-10,-1,3,11,11,1,-5,-10,-13,-4,0,13,19,6,-5,-5,0,7,15,17,30,13,2,-7,-14,5,20,14,27,12,8,3,1
2025-04-22 16:23:58.02,s,1,5,2,6,0,7,-8,-1,-22,-3,4,1,4,-12,-2,-11,1,3,13,14,-2,-3,-6,-15,0,1,11,22,3,-4,-5,-3,10,15,16,34,11,4,-4,-13,7,24,12,30,16,8,1,2
2025-04-22 16:23:58.03,s,-2,4,-3,5,-4,8,-10,-10,-30,-5,1,5,0,-10,-5,-7,-3,4,14,10,-7,-5,-8,-11,-4,2,14,22,6,-3,-7,0,6,19,20,31,13,5,-8,-9,2,25,15,27,15,9,0,0
2025-04-22 16:23:58.04,s,0,-2,-1,4,-4,7,-9,-2,-17,-6,1,5,0,-11,-4,-9,-3,6,12,12,-4,-3,-6,-11,-3,0,15,22,7,-5,-3,-2,10,15,17,37,11,6,-4,-13,6,24,14,32,15,10,4,2
2025-04-22 16:23:58.05,s,1,2,3,7,2,10,-1,6,-16,0,7,5,6,-7,-2,-10,2,6,13,15,6,-3,-4,-12,-1,2,11,25,5,-2,0,-2,11,17,18,35,12,5,-5,-13,7,26,14,30,16,9,2,1
2025-04-22 16:23:58.06,s,2,6,4,6,2,7,-2,-5,-30,-3,4,3,1,-6,-5,-9,-5,4,12,10,-5,-3,-6,-10,-4,2,12,21,6,-4,-7,0,8,20,21,31,14,5,-5,-10,4,21,18,27,15,10,-2,2
2025-04-22 16:23:58.07,s,-3,-4,-6,0,-5,6,-9,-7,-30,-6,-1,1,-1,-7,-4,-9,-7,0,9,9,-10,-2,-5,-10,-2,1,10,19,3,-1,-5,-1,7,18,22,32,10,6,-4,-9,5,23,13,30,12,9,2,2
2025-04-22 16:23:58.08,s,2,11,5,12,3,14,1,7,-11,-5,6,3,7,-5,4,-7,-4,-1,10,9,5,0,-3,-11,-3,0,7,17,3,0,1,-2,8,17,22,30,9,8,-4,-9,5,21,17,27,15,9,0,2
2025-04-22 16:23:58.10,s,0,4,-3,5,-3,10,-5,-8,-26,-7,4,2,1,-4,-1,-8,-6,-6,2,8,-9,0,-3,-11,-4,0,4,14,3,-2,-3,-3,10,14,20,27,10,6,-4,-7,1,25,15,28,14,6,4,2
2025-04-22 16:23:58.11,s,0,-2,0,1,-1,8,-1,-9,-29,-7,-2,4,0,-3,2,-5,-11,-10,1,4,-13,2,-1,-8,-5,1,2,14,2,-1,-3,-1,9,19,19,29,11,7,-1,-7,2,24,19,25,15,12,1,0
2025-04-22 16:23:58.12,s,2,10,10,11,8,17,7,10,-8,-2,4,10,6,6,7,-7,-6,-7,8,10,8,8,0,-1,-6,0,2,13,6,6,6,-2,11,18,23,31,12,12,3,-1,7,28,17,32,15,11,5,2
2025-04-22 16:23:58.13,s,1,8,2,11,3,18,7,-1,-22,-3,8,10,8,4,9,-3,-8,-8,3,12,-4,7,2,2,-7,-2,8,15,7,7,3,1,12,23,24,36,15,13,4,1,5,34,25,32,18,17,4,1
2025-04-22 16:23:58.14,s,1,-2,1,4,4,14,12,-3,-30,-5,7,9,8,5,11,1,-8,-8,7,14,-4,5,4,5,-7,1,8,19,6,8,6,-1,13,27,30,35,17,14,5,4,7,39,28,33,17,19,6,1
2025-04-22 16:23:58.15,s,0,-4,1,6,4,18,18,8,-10,-1,7,17,10,9,17,-1,-4,-3,12,18,7,7,12,11,-5,0,12,18,3,11,14,1,15,27,29,37,13,14,11,5,9,41,28,37,16,13,9,1
2025-04-22 16:23:58.16,s,2,6,9,12,10,23,31,2,-21,0,11,19,12,12,22,2,-6,-2,19,20,0,12,14,22,-8,1,14,18,4,11,13,1,15,27,30,36,11,11,7,9,9,45,33,34,15,13,6,3
2025-04-22 16:23:58.17,s,0,-2,4,10,6,19,32,-3,-32,-4,12,26,10,16,22,1,-6,3,20,23,-5,10,17,22,-5,3,16,22,5,9,12,-2,16,26,30,31,6,12,6,9,7,43,31,32,10,12,5,0
2025-04-22 16:23:58.19,s,2,6,8,25,8,31,39,8,-10,0,19,36,15,23,33,3,-1,10,32,35,12,13,24,32,-5,2,27,26,6,13,17,1,17,31,34,31,5,12,6,9,12,44,35,32,8,11,4,3
2025-04-22 16:23:58.20,s,1,11,20,38,21,32,52,12,-18,3,32,83,21,31,41,8,0,21,49,52,13,18,30,39,2,4,47,43,6,20,19,1,24,36,45,37,8,10,8,10,15,54,39,32,4,6,6,2
2025-04-22 16:23:58.21,s,0,13,26,47,19,42,58,12,-29,5,39,100,24,41,51,13,2,29,67,72,12,27,37,53,1,8,67,65,15,21,24,-2,31,51,67,50,9,13,13,15,19,66,53,36,9,8,4,2
2025-04-22 16:23:58.22,s,1,10,32,53,28,46,78,21,-9,11,49,127,32,59,70,20,11,41,88,89,35,41,45,62,4,9,85,89,19,34,33,0,38,70,87,66,18,17,17,17,21,82,69,52,10,14,5,2
2025-04-22 16:23:58.23,s,2,19,43,70,38,56,88,23,-12,18,62,135,45,70,81,23,15,56,114,102,41,50,52,71,11,10,104,107,29,39,38,0,44,84,105,75,23,21,21,19,31,105,78,60,17,13,8,3
2025-04-22 16:23:58.24,s,0,17,43,67,39,68,94,22,-36,27,71,150,51,79,92,23,20,78,127,114,48,54,60,74,13,12,123,124,39,46,37,2,54,108,122,88,34,24,24,24,35,115,99,74,20,18,9,2
2025-04-22 16:23:58.25,s,2,12,51,65,46,88,108,29,-2,28,81,153,59,103,113,26,24,89,135,119,63,69,71,79,13,12,127,129,44,55,44,3,55,117,133,92,35,32,23,29,36,120,103,73,24,19,10,2
2025-04-22 16:23:58.27,s,3,27,66,73,62,92,117,33,-5,41,94,161,63,107,115,29,29,96,147,121,67,77,74,83,17,14,138,131,48,59,48,3,65,120,137,98,40,33,30,28,42,124,109,75,22,24,11,0
2025-04-22 16:23:58.28,s,3,28,60,65,56,89,112,23,-29,40,91,150,61,111,110,26,28,95,143,115,59,76,75,82,19,12,139,125,43,64,43,3,66,120,134,93,38,32,29,28,40,127,107,70,23,21,10,2
2025-04-22 16:23:58.29,s,1,16,48,54,51,90,111,20,-12,36,84,141,61,116,118,29,28,94,139,110,60,81,80,79,19,11,135,116,40,68,47,3,65,121,132,85,36,35,27,28,40,128,106,67,17,25,7,1
2025-04-22 16:23:58.30,s,6,46,71,72,72,110,127,39,9,53,92,147,75,131,128,26,36,105,147,117,77,94,88,85,22,14,138,122,51,77,52,4,71,123,140,94,42,43,28,30,44,130,113,73,24,27,7,4
2025-04-22 16:23:58.31,s,3,41,64,68,70,112,117,24,-18,57,99,152,75,139,121,28,36,113,149,123,85,104,89,88,22,11,147,130,62,93,53,2,75,127,142,100,53,49,29,30,45,129,115,80,28,37,12,2
2025-04-22 16:23:58.32,s,3,32,59,63,71,111,118,23,-8,60,96,156,84,145,131,29,38,115,147,124,95,112,99,91,22,13,146,134,69,103,62,2,77,126,140,101,57,72,39,28,47,129,110,81,35,46,20,3
2025-04-22 16:23:58.33,s,6,56,79,83,95,134,137,43,32,77,112,166,107,165,143,37,43,126,156,131,118,131,113,94,25,14,149,137,90,125,81,6,77,130,144,105,68,85,59,35,45,129,113,80,41,64,27,3
2025-04-22 16:23:58.35,s,3,49,77,73,105,128,131,28,-16,81,116,169,119,178,145,39,45,128,158,135,132,142,129,101,26,13,154,146,108,147,101,5,79,128,147,103,82,101,77,49,46,131,114,86,50,75,42,0
2025-04-22 16:23:58.36,s,4,42,67,68,109,127,126,27,2,81,113,169,124,180,143,39,47,127,155,140,139,149,132,102,27,14,154,152,111,153,105,5,80,127,143,107,83,104,82,49,52,130,113,87,49,77,40,2
2025-04-22 16:23:58.38,s,5,48,73,76,117,136,131,37,41,78,110,171,134,185,145,40,46,121,154,138,149,149,130,103,24,12,150,149,113,151,103,5,76,126,143,105,83,104,77,52,51,128,111,85,48,76,40,3
2025-04-22 16:23:58.39,s,6,54,75,79,120,133,132,30,-11,73,103,168,133,182,145,40,43,118,151,138,142,150,129,100,25,14,145,152,114,151,105,3,80,126,141,106,84,102,80,47,55,128,114,88,47,82,38,1
2025-04-22 16:23:58.40,s,4,41,64,70,116,127,126,26,-8,77,104,170,136,184,141,39,43,121,152,142,150,152,128,96,27,12,149,154,122,156,102,5,77,124,145,102,89,107,80,49,55,126,114,90,49,82,44,1
2025-04-22 16:23:58.41,s,5,54,67,81,122,136,127,37,43,90,107,176,143,186,145,35,52,124,154,146,161,156,129,95,27,14,146,159,125,159,108,4,81,126,143,104,92,108,82,52,55,127,113,88,52,83,44,2
2025-04-22 16:23:58.42,s,6,59,73,82,126,137,123,30,1,85,96,174,136,185,136,33,47,120,145,138,155,150,123,89,26,14,143,155,120,154,97,5,80,123,139,105,88,105,78,45,57,127,107,89,51,78,42,2
2025-04-22 16:23:58.43,s,2,48,56,74,112,126,115,25,-14,77,86,164,133,175,134,28,45,111,137,137,144,151,116,84,24,13,133,151,119,147,91,2,78,117,132,104,83,105,71,41,55,124,102,88,46,80,37,2
2025-04-22 16:23:58.45,s,4,48,55,79,116,129,120,35,40,75,86,166,138,177,135,28,48,110,135,142,155,150,114,87,22,11,133,146,117,146,89,4,75,120,133,98,84,105,68,42,56,125,102,84,48,74,37,2
2025-04-22 16:23:58.46,s,5,55,60,81,121,131,118,35,0,75,78,170,136,176,132,26,44,105,127,134,151,148,113,85,20,11,126,145,117,146,86,5,73,116,127,96,81,107,68,43,52,125,101,82,44,78,36,1
2025-04-22 16:23:58.47,s,3,41,49,74,113,125,111,25,-22,70,70,167,131,175,125,26,38,101,120,134,147,148,109,85,18,10,123,144,118,146,88,4,70,115,120,94,84,105,68,44,48,125,95,76,48,75,37,0
2025-04-22 16:23:58.48,s,1,44,48,79,117,128,115,33,33,66,71,168,135,173,132,28,40,95,119,133,154,147,109,80,19,12,114,144,114,146,87,3,69,107,119,93,80,104,67,42,47,122,90,75,47,75,34,2
2025-04-22 16:23:58.49,s,4,52,56,86,129,137,126,42,9,66,71,173,140,178,132,29,38,92,119,138,153,153,112,84,18,9,117,144,121,148,89,4,67,109,118,94,82,107,67,43,45,121,93,79,46,80,39,2
2025-04-22 16:23:58.50,s,3,43,45,77,121,129,116,25,-23,57,66,173,136,179,131,26,32,88,113,136,151,151,109,86,12,8,112,145,119,146,88,2,64,103,116,92,82,105,69,40,44,121,86,77,48,75,36,2
2025-04-22 16:23:58.51,s,2,26,34,68,117,122,115,24,9,48,55,173,135,178,134,26,30,81,107,138,157,149,113,82,14,10,108,144,117,148,85,3,62,101,111,90,82,104,64,38,39,119,84,73,44,75,36,0
2025-04-22 16:23:58.52,s,11,57,59,96,138,143,132,45,17,46,60,176,147,182,139,24,32,75,105,139,163,150,113,84,10,10,103,144,122,145,89,3,62,100,106,92,82,106,66,34,43,115,78,75,44,77,36,2
2025-04-22 16:23:58.53,s,3,35,40,77,125,126,119,25,-30,29,46,173,137,178,132,23,26,61,98,137,150,150,107,83,9,7,99,143,118,145,85,1,59,97,104,90,80,105,61,32,40,116,78,73,46,72,31,-1
2025-04-22 16:23:58.54,s,2,24,28,76,113,123,109,26,-14,24,44,165,134,168,126,19,20,50,91,134,145,146,98,75,9,9,93,138,113,134,76,1,55,92,102,83,77,96,51,24,37,114,75,70,40,67,27,2
2025-04-22 16:23:58.55,s,8,43,48,91,129,134,120,43,20,26,48,169,139,168,127,17,24,40,91,134,150,143,92,75,4,8,91,133,108,129,70,3,51,92,97,83,73,96,48,22,37,111,72,68,38,68,24,2
2025-04-22 16:23:58.56,s,3,28,36,77,119,121,112,25,-35,21,46,167,129,167,121,19,15,38,87,129,141,140,89,75,3,10,89,135,108,131,72,2,54,91,97,85,74,94,48,25,32,112,76,66,40,65,27,-1
2025-04-22 16:23:58.58,s,2,18,31,73,115,119,110,26,-22,26,46,169,131,164,127,18,17,36,91,132,143,141,94,77,3,5,94,136,112,132,76,1,52,89,98,86,77,96,54,27,31,111,74,66,42,67,31,0
2025-04-22 16:23:58.59,s,5,37,44,88,126,129,120,37,29,32,55,177,139,174,131,22,23,42,97,136,156,147,97,77,4,7,98,140,117,138,80,1,53,89,100,89,81,101,60,31,36,108,79,72,41,75,35,2
2025-04-22 16:23:58.60,s,5,42,50,89,124,134,115,31,-25,35,51,179,136,176,129,22,17,42,97,135,153,146,101,75,2,10,95,145,120,139,81,1,53,91,101,88,84,100,59,31,32,111,77,73,47,72,35,0
2025-04-22 16:23:58.61,s,1,25,31,77,116,118,109,23,-23,26,48,170,134,168,125,19,17,37,90,134,148,144,97,74,4,9,93,142,118,136,78,3,48,91,99,87,82,99,53,31,32,107,76,71,43,69,32,0
2025-04-22 16:23:58.62,s,3,35,43,83,125,128,118,38,24,34,50,178,139,172,130,21,22,39,91,137,158,144,96,74,3,10,91,141,118,135,75,3,50,85,100,86,78,98,53,30,32,109,74,72,44,70,31,1
2025-04-22 16:23:58.63,s,4,38,45,83,127,129,116,29,-15,32,52,173,138,170,130,20,17,37,90,136,151,143,97,75,5,8,93,142,119,136,77,2,51,87,98,89,82,99,57,28,31,109,75,70,43,73,29,0
2025-04-22 16:23:58.64,s,3,29,37,79,119,125,110,23,-27,29,48,172,133,171,123,20,14,32,91,135,148,145,96,75,3,9,90,143,121,135,78,2,49,85,97,89,81,99,57,33,30,107,76,72,44,73,32,0
2025-04-22 16:23:58.65,s,1,35,40,86,122,130,114,32,27,30,53,175,134,174,124,18,19,38,92,136,156,145,96,71,4,8,91,140,116,137,76,1,50,83,98,85,78,99,53,31,31,103,75,70,43,74,29,3
2025-04-22 16:23:58.67,s,4,41,49,88,130,131,120,34,-9,34,56,178,139,175,129,21,18,35,97,138,156,145,99,76,4,8,95,143,118,139,80,2,49,86,99,91,82,102,57,33,33,105,77,73,44,75,34,2
2025-04-22 16:23:58.68,s,3,28,39,81,124,124,114,22,-32,29,55,179,139,171,131,21,15,37,99,138,151,149,100,77,3,6,99,143,122,140,78,1,48,84,100,90,82,102,59,32,27,107,76,71,48,74,34,-1
2025-04-22 16:23:58.69,s,4,37,47,87,130,131,118,31,24,34,57,183,140,174,132,20,18,38,99,139,158,148,98,76,1,8,98,143,124,138,79,3,45,87,103,86,86,100,56,31,28,105,77,74,45,74,34,2
2025-04-22 16:23:58.70,s,3,45,55,94,136,137,125,39,2,38,60,187,144,175,131,20,18,40,101,142,159,149,99,77,4,9,98,147,124,136,80,2,50,85,103,89,83,101,55,32,29,105,78,75,46,74,32,2
2025-04-22 16:23:58.72,s,2,29,41,84,122,126,111,26,-36,32,55,178,139,170,127,17,13,35,98,134,155,144,97,74,-1,10,96,145,123,136,76,2,47,84,102,90,81,99,58,27,27,106,76,76,48,72,31,-1
2025-04-22 16:23:58.73,s,-2,26,36,79,124,122,109,25,-1,29,55,181,135,172,123,20,12,37,98,137,157,141,96,74,0,6,98,143,122,136,73,3,45,85,102,86,84,98,52,29,27,104,78,73,44,73,30,0
2025-04-22 16:23:58.74,s,9,44,51,97,128,133,114,36,12,31,57,184,139,172,120,20,16,35,96,139,157,141,90,72,0,10,93,143,118,132,72,1,48,84,101,86,82,99,52,26,30,100,77,71,44,73,29,2
2025-04-22 16:23:58.75,s,2,29,42,82,124,123,106,26,-37,28,53,175,136,164,116,17,11,33,92,136,149,136,89,69,-2,8,90,142,116,131,70,1,47,82,96,87,80,97,49,23,29,101,71,73,43,70,30,0
2025-04-22 16:23:58.76,s,1,25,35,79,117,121,102,22,-11,21,55,177,139,163,116,15,13,31,98,134,153,139,85,69,1,9,93,143,118,130,68,3,43,85,100,85,82,96,48,24,25,103,74,71,46,68,29,2
2025-04-22 16:23:58.77,s,9,50,58,97,137,132,118,39,23,33,59,185,141,169,116,17,17,37,100,139,159,137,88,68,1,9,96,143,120,128,69,1,46,82,101,87,80,97,46,24,28,100,78,71,43,70,29,2
2025-04-22 16:23:58.78,s,2,33,40,87,123,124,105,24,-35,28,55,179,136,164,113,17,13,34,100,135,149,135,85,67,2,9,99,141,116,128,63,3,46,85,103,86,78,96,45,23,27,103,77,74,45,67,25,1
2025-04-22 16:23:58.79,s,1,21,31,78,114,115,101,19,-19,21,55,173,133,159,113,15,14,34,101,133,144,136,81,69,1,8,102,141,113,126,62,3,45,86,104,87,78,89,44,19,29,106,78,72,43,64,22,0
2025-04-22 16:23:58.81,s,2,33,45,88,116,125,110,33,26,29,63,176,128,161,117,18,19,45,105,135,144,133,90,72,3,10,103,139,107,121,64,3,48,89,109,87,72,84,43,20,34,107,84,70,39,61,22,2
2025-04-22 16:23:58.82,s,5,39,50,90,105,122,112,29,-24,32,62,172,118,155,126,23,21,50,111,130,124,129,97,83,8,9,107,133,96,118,68,3,50,97,108,88,68,80,44,25,35,113,83,71,35,58,21,2
2025-04-22 16:23:58.83,s,2,27,40,74,86,110,115,24,-15,33,64,169,101,150,137,28,24,62,112,126,110,122,106,90,11,10,110,131,84,113,74,2,57,100,113,87,60,77,46,28,36,116,86,69,33,55,21,0
2025-04-22 16:23:58.84,s,3,39,51,83,74,120,122,35,37,45,75,173,92,152,137,30,32,77,120,126,107,117,110,96,13,10,117,126,73,107,74,4,57,108,117,87,54,70,44,34,42,117,93,66,29,46,22,2
2025-04-22 16:23:58.85,s,4,49,61,89,73,120,128,33,1,59,83,179,80,150,143,37,32,94,132,126,96,115,115,103,17,12,126,135,71,104,78,3,66,111,128,91,52,69,45,37,46,121,102,72,28,50,22,2
2025-04-22 16:23:58.86,s,2,42,55,79,65,112,128,30,-10,57,83,174,71,143,145,38,34,94,134,122,84,113,116,103,18,12,130,131,65,99,77,3,63,115,127,91,51,61,45,35,43,123,99,72,27,44,19,1
2025-04-22 16:23:58.87,s,4,37,59,78,64,112,130,39,44,58,89,173,73,144,149,36,38,98,139,121,86,114,114,108,19,12,131,130,58,98,77,2,69,116,130,91,46,56,44,34,49,122,103,71,24,41,16,2
2025-04-22 16:23:58.89,s,3,46,64,88,64,115,131,38,9,60,87,175,70,139,148,39,36,97,138,119,73,109,115,109,18,12,133,128,52,91,73,2,67,116,130,91,42,51,40,35,47,125,103,74,24,36,14,1
2025-04-22 16:23:58.90,s,1,27,52,73,56,104,121,25,-19,41,78,164,63,134,142,36,29,92,133,113,63,100,113,106,17,14,125,123,42,81,70,2,64,111,127,84,33,40,36,32,45,123,100,70,17,24,13,0
2025-04-22 16:23:58.91,s,2,21,49,72,55,103,122,31,27,26,67,156,61,129,139,32,25,81,124,105,62,90,106,102,14,10,119,109,27,70,60,3,56,107,120,75,21,26,23,28,40,119,97,59,6,10,4,2
2025-04-22 16:23:58.92,s,3,24,52,79,58,105,132,42,6,21,54,147,57,121,140,31,24,69,120,94,58,81,98,100,13,10,112,101,22,56,55,1,57,99,112,70,14,11,21,23,40,113,93,53,2,5,3,0
2025-04-22 16:23:58.93,s,2,13,31,64,44,86,118,30,-35,9,41,130,49,106,131,29,17,61,113,87,35,66,86,93,10,11,102,96,22,40,44,1,51,92,110,65,16,6,12,22,32,113,87,54,4,0,3,0
2025-04-22 16:23:58.95,s,-2,-10,12,43,23,67,95,19,-26,-7,33,101,36,83,108,20,13,43,95,68,31,40,64,78,4,6,92,72,17,22,29,1,42,76,93,52,5,0,8,19,25,96,77,41,1,-3,-2,0
2025-04-22 16:23:58.96,s,2,13,24,40,26,62,87,27,-8,0,24,73,31,59,85,16,9,31,79,51,33,22,41,60,4,6,71,54,6,14,20,1,37,68,76,40,3,-5,5,10,25,89,67,36,-4,-2,-1,2
2025-04-22 16:23:58.97,s,1,2,13,22,14,39,63,15,-37,-4,14,54,23,29,55,12,5,24,64,36,12,17,26,47,2,7,58,42,8,10,8,1,33,66,71,43,8,0,1,10,20,88,63,40,6,-1,-4,1
2025-04-22 16:23:58.98,s,0,-7,2,3,7,19,45,8,-37,-8,3,26,15,17,34,3,0,11,36,24,6,12,20,38,-4,5,37,37,4,10,3,1,24,55,60,43,8,1,-1,4,17,80,59,42,7,5,-2,0
2025-04-22 16:23:58.99,s,2,10,10,14,13,28,46,19,-7,-2,4,21,16,16,33,1,-1,5,23,25,24,11,18,31,-2,4,23,32,2,8,7,1,21,45,58,42,11,5,0,4,17,68,56,42,10,6,-1,3
2025-04-22 16:23:59.00,s,2,3,7,2,12,21,32,7,-33,-5,-1,10,14,8,22,0,-2,-5,13,16,4,6,12,24,-5,4,19,33,6,4,1,1,18,38,57,45,14,6,-3,2,15,58,55,42,16,10,-2,0
2025-04-22 16:23:59.01,s,-2,4,-1,2,6,13,24,1,-35,-8,-2,3,11,2,11,-3,-7,-13,9,8,-2,4,6,14,-4,2,10,29,3,3,-5,0,17,30,47,46,17,2,-2,-2,8,41,45,40,17,11,-3,-1
2025-04-22 16:23:59.03,s,0,-4,0,-2,6,9,14,-1,-14,-8,0,1,11,-2,5,-8,-4,-6,6,9,13,0,-3,4,-6,3,6,25,-1,0,-3,2,10,22,41,39,16,2,-9,-7,3,29,34,35,15,8,-4,2
2025-04-22 16:23:59.04,s,2,6,4,3,7,14,6,-2,-27,-10,-5,1,6,-9,-1,-10,-2,-7,1,8,0,-5,-5,-4,-4,0,6,22,-1,-2,-8,0,8,17,33,37,10,3,-9,-8,3,25,27,33,11,8,-1,1
2025-04-22 16:23:59.05,s,0,-3,-5,-1,-2,8,-6,-15,-35,-15,-8,-3,3,-10,-10,-11,-6,-5,2,3,-10,-8,-11,-5,-7,0,5,17,1,-6,-11,-2,8,13,23,35,9,2,-10,-14,2,21,16,31,12,6,-1,-1
2025-04-22 16:23:59.06,s,-1,-6,-5,-6,-1,5,-10,-1,-18,-15,-9,-3,3,-13,-7,-10,-4,-5,4,7,3,-8,-10,-11,-4,0,2,17,-1,-7,-9,-2,7,11,18,31,8,0,-12,-13,0,17,17,27,10,8,-1,0
2025-04-22 16:23:59.07,s,0,0,-3,2,-1,8,-6,-3,-26,-16,-4,-5,6,-17,-11,-14,12,-4,3,9,0,-10,-11,-12,-4,1,6,15,4,-8,-11,0,7,14,18,34,10,1,-12,-12,1,23,17,27,9,8,-2,0
2025-04-22 16:23:59.08,s,-1,-3,-1,-4,-1,3,-9,-12,-35,-15,-8,-2,3,-14,-12,-11,-6,-7,4,9,-10,-7,-11,-13,-5,-1,7,18,3,-9,-12,-2,8,12,18,34,10,0,-11,-14,0,24,14,28,14,4,-5,0
2025-04-22 16:23:59.09,s,0,-4,-3,-3,0,6,-10,0,-20,-15,-3,-1,3,-14,-6,-11,-4,-1,9,10,5,-6,-11,-12,-7,0,11,19,6,-8,-9,-3,8,13,19,34,12,-3,-9,-15,3,21,15,30,13,9,-2,0
2025-04-22 16:23:59.11,s,0,1,0,2,-1,9,-8,0,-22,-12,-2,1,7,-14,-5,-12,-3,1,10,11,4,-7,-10,-10,-6,2,10,21,6,-9,-8,-1,7,15,21,33,13,1,-10,-15,0,24,13,26,15,8,-4,2
2025-04-22 16:23:59.12,open,0,-4,-1,-5,1,5,-7,-11,-33,-14,-1,-1,7,-16,-10,-10,-2,-1,13,12,-4,-8,-8,-11,-3,1,13,25,2,-7,-10,-2,7,13,20,36,12,2,-10,-15,2,24,13,28,12,10,-1,0
2025-04-22 16:23:59.13,open,0,1,0,-1,-3,7,-12,1,-24,-10,-2,-2,7,-15,-10,-12,-3,1,13,11,1,-6,-11,-13,-4,0,12,22,6,-8,-11,0,6,12,20,33,14,-1,-10,-14,-1,23,11,28,14,8,0,2
2025-04-22 16:23:59.14,open,1,11,8,9,5,13,-4,8,-15,-9,4,3,8,-15,-4,-12,-1,5,11,19,9,-7,-8,-13,-3,1,13,24,7,-7,-7,-2,7,12,19,35,12,2,-10,-13,0,23,12,30,14,10,0,0
2025-04-22 16:23:59.15,open,2,-2,-1,-2,1,3,-9,-6,-33,-12,0,3,4,-18,-9,-13,-4,2,10,15,-3,-8,-11,-14,-4,1,10,26,5,-10,-10,-3,7,14,16,35,12,-2,-9,-12,3,18,14,27,12,6,2,0
2025-04-22 16:23:59.16,open,-3,-13,-9,-9,-8,-1,-17,-10,-30,-13,-8,0,1,-21,-9,-13,-3,-1,7,14,-4,-9,-14,-16,-6,3,8,24,4,-10,-10,-2,6,12,14,34,11,-2,-9,-15,2,21,9,30,12,5,0,0
2025-04-22 16:23:59.17,open,2,0,4,0,0,4,-9,6,-15,-12,1,2,8,-16,-10,-15,-1,0,9,18,7,-6,-11,-16,-3,2,10,24,3,-12,-6,-3,7,11,17,34,11,2,-11,-13,1,21,12,27,15,9,-3,3
2025-04-22 16:23:59.18,open,2,2,3,-2,0,4,-15,-8,-29,-10,-2,4,3,-15,-11,-14,-4,2,10,18,-4,-7,-10,-16,-4,1,14,26,9,-8,-11,-1,6,12,18,38,13,4,-11,-14,2,20,17,31,17,10,-1,2
2025-04-22 16:23:59.19,open,-2,1,-7,-2,-7,3,-16,-8,-35,-12,0,-1,5,-18,-9,-14,-1,3,13,18,-4,-8,-12,-13,-4,2,14,34,8,-8,-8,-2,8,17,23,41,20,4,-9,-14,3,26,19,35,19,11,-1,0
2025-04-22 16:23:59.20,open,3,8,8,3,4,10,-9,11,-14,-4,3,7,9,-13,-5,-10,0,5,20,23,14,-5,-7,-13,-4,2,15,35,11,-7,-5,-2,9,17,26,44,19,3,-7,-13,2,28,18,36,17,13,1,2
2025-04-22 16:23:59.22,open,1,4,-1,2,-3,7,-12,-3,-30,-5,0,5,5,-13,-9,-10,-3,8,18,20,3,-6,-11,-12,-4,3,19,35,12,-5,-8,-2,9,19,25,44,18,8,-7,-12,4,29,20,36,22,11,3,1
2025-04-22 16:23:59.23,open,0,-4,-1,-4,-1,4,-10,-6,-33,-10,0,2,3,-15,-9,-12,-3,7,15,19,-4,-5,-10,-12,-3,2,20,33,9,-6,-10,1,7,15,29,39,19,2,-7,-15,4,25,19,36,18,10,2,1
2025-04-22 16:23:59.24,open,0,-7,-5,-6,-3,0,-12,6,-18,-12,0,2,3,-14,-9,-14,-1,5,13,19,7,-5,-8,-14,-3,1,16,29,4,-6,-8,-1,4,18,21,42,17,0,-7,-16,3,23,17,33,16,9,-1,2
2025-04-22 16:23:59.25,open,1,9,4,1,2,5,-9,-2,-29,-6,-1,4,5,-14,-9,-11,-3,1,12,17,-3,-5,-11,-13,-7,2,11,27,6,-10,-8,-2,7,12,21,37,16,0,-8,-16,2,21,14,31,14,11,-1,2
2025-04-22 16:23:59.26,open,1,-3,-1,-1,-3,2,-13,-11,-37,-12,-4,1,3,-17,-11,-10,-6,-4,10,11,-11,-11,-13,-17,-8,2,7,24,3,-10,-10,-2,6,10,18,35,11,2,-11,-15,1,18,13,26,16,10,-1,0
2025-04-22 16:23:59.27,open,0,-3,-5,-6,-3,1,-13,2,-22,-12,-1,0,5,-15,-9,-15,-2,0,11,15,3,-8,-10,-14,-5,0,13,26,4,-9,-6,0,6,12,21,38,16,1,-8,-17,2,21,15,33,15,13,-1,2
2025-04-22 16:23:59.28,open,1,0,1,1,0,7,-12,-3,-24,-8,0,6,3,-14,-9,-12,-5,5,12,19,0,-7,-11,-16,-6,2,12,30,8,-8,-7,-2,8,15,22,41,16,5,-7,-12,1,25,16,34,17,12,2,2
2025-04-22 16:23:59.29,open,0,3,-3,1,-6,7,-13,-9,-35,-10,0,3,1,-13,-10,-13,-1,2,15,16,-7,-5,-8,-11,-3,2,16,32,7,-6,-10,0,7,18,25,42,20,5,-7,-12,2,29,20,35,19,13,3,0
2025-04-22 16:23:59.30,open,0,1,-4,2,-4,7,-12,1,-19,-8,0,6,4,-10,-4,-10,-2,7,17,22,9,-6,-6,-11,-2,2,26,34,6,-4,-5,0,6,21,28,42,18,7,-7,-12,3,27,20,39,20,13,3,2
2025-04-22 16:23:59.32,open,1,3,3,2,-1,10,-8,1,-24,-5,1,7,8,-14,-3,-11,1,3,19,20,3,-1,-7,-12,-5,3,16,35,10,-8,-2,0,10,19,25,45,21,5,-3,-12,6,27,22,37,22,12,6,0
2025-04-22 16:23:59.33,open,1,1,0,2,-3,9,-11,-6,-36,-6,-1,2,3,-15,-5,-11,-3,2,15,18,-2,-6,-6,-11,-5,0,18,30,5,-5,-8,0,6,20,25,41,19,5,-4,-9,3,26,20,33,20,13,4,0
2025-04-22 16:23:59.34,open,1,-3,0,-2,-2,5,-14,0,-26,-8,-1,1,6,-17,-4,-11,-3,-2,12,14,-3,-6,-11,-13,-7,0,13,25,6,-8,-10,0,5,17,21,36,18,3,-4,-12,3,24,18,33,17,14,4,0
2025-04-22 16:23:59.35,open,1,5,8,8,4,14,-7,9,-19,-5,1,6,6,-10,-4,-10,-1,-1,15,15,6,-4,-10,-12,-7,2,11,27,7,-9,-1,-3,8,13,20,37,14,4,-4,-14,4,23,16,32,15,14,5,2
2025-04-22 16:23:59.36,open,1,2,-1,-2,-2,8,-12,-6,-34,-7,-1,4,5,-16,-5,-12,-6,-3,9,12,-8,-8,-8,-13,-8,2,7,24,5,-9,-9,-2,6,13,16,36,12,4,-7,-12,3,20,14,31,15,11,3,0
2025-04-22 16:23:59.37,open,-4,-7,-13,-7,-8,3,-14,-11,-33,-13,-1,-1,2,-15,-7,-11,-9,0,10,12,-8,-6,-10,-12,-6,1,11,24,3,-10,-5,-2,6,13,18,34,12,5,-8,-13,1,25,13,27,18,11,0,0
2025-04-22 16:23:59.38,open,0,8,3,1,2,8,-4,6,-13,-7,4,6,6,-9,-3,-9,-2,1,15,17,8,-4,-5,-11,-4,1,13,28,4,-5,-3,0,6,17,22,37,14,6,-7,-9,3,24,17,30,19,11,2,3
2025-04-22 16:23:59.40,open,0,5,-1,5,-1,10,-7,-3,-30,-4,0,3,8,-13,-2,-12,-2,1,14,17,-4,0,-7,-9,-5,0,15,30,6,-2,-7,0,8,18,25,40,19,8,-5,-12,5,26,20,35,17,16,4,2
2025-04-22 16:23:59.41,open,0,-6,-6,-5,-3,3,-9,-9,-31,-10,1,2,6,-10,-6,-11,-2,1,13,18,-7,0,-7,-8,-6,3,15,34,10,-4,-4,1,7,22,25,44,20,8,-5,-9,3,29,20,37,22,13,5,0
2025-04-22 16:23:59.42,open,2,9,3,3,1,14,-6,9,-12,-6,4,6,9,-9,2,-7,-1,5,13,23,14,0,-6,-8,-7,2,13,32,7,-4,-3,0,8,20,25,40,19,9,-2,-7,5,27,21,37,19,14,5,3
2025-04-22 16:23:59.43,open,1,4,-2,2,-1,6,-5,-1,-31,-4,-1,6,6,-10,-3,-8,-4,1,16,16,-1,1,-6,-6,-5,2,15,29,9,-2,-4,0,8,19,26,38,19,8,-4,-10,3,27,19,35,19,13,4,2
2025-04-22 16:23:59.44,open,-3,-3,-1,-2,0,7,-8,-7,-34,-10,1,2,5,-13,-5,-8,-4,-2,9,16,-8,-3,-6,-9,-6,1,12,25,6,-3,-8,-1,6,13,23,35,16,8,-4,-9,3,23,19,33,18,12,1,2
2025-04-22 16:23:59.45,open,-3,-4,-4,-1,-4,9,-10,4,-15,-9,3,2,5,-11,0,-9,-4,-1,10,17,8,-3,-4,-11,-8,1,11,22,6,-2,-3,-1,5,17,20,38,17,5,-3,-10,2,25,14,34,17,14,4,2
2025-04-22 16:23:59.46,open,1,9,2,8,2,10,-5,2,-25,-7,2,4,5,-9,-6,-9,-8,-1,10,12,-2,-2,-4,-9,-5,1,7,24,4,-5,-4,-1,8,13,18,37,15,5,-3,-10,3,22,15,32,16,10,4,2
2025-04-22 16:23:59.48,open,-1,2,-2,-2,-2,5,-8,-9,-35,-11,1,0,7,-13,-6,-11,-8,-3,8,12,-7,-4,-7,-10,-10,1,8,23,4,-6,-5,-2,7,15,18,35,16,3,-2,-10,2,26,15,28,19,12,2,1
2025-04-22 16:23:59.49,open,1,-5,-3,-4,-1,5,-6,3,-18,-6,1,2,8,-12,1,-8,-6,-4,10,14,4,1,-5,-11,-6,0,11,24,3,-2,-3,0,7,17,20,35,16,6,-7,-7,2,21,18,32,17,14,4,1
2025-04-22 16:23:59.50,open,1,1,2,3,-2,11,-8,2,-25,-4,1,6,6,-8,-4,-9,-8,0,12,13,0,1,-5,-10,-5,1,12,27,5,-2,-3,0,8,14,25,38,15,10,-1,-8,2,26,19,32,20,13,4,2
2025-04-22 16:23:59.51,open,2,5,3,6,1,13,-6,-3,-34,-4,1,5,8,-11,-1,-10,-4,-2,12,16,-4,1,-4,-6,-7,1,15,29,6,1,-5,0,7,20,26,43,21,9,-2,-5,3,29,23,35,20,15,4,2
2025-04-22 16:23:59.53,s,0,2,-1,-1,0,7,-5,4,-22,-5,0,3,8,-10,2,-9,-3,0,11,17,6,2,-3,-5,-6,1,12,32,9,-3,3,-2,11,17,31,42,19,10,-3,-4,5,26,23,41,18,19,3,2
2025-04-22 16:23:59.54,s,2,4,5,2,4,10,0,5,-22,-6,4,3,11,-8,4,-8,-6,1,12,14,7,2,-3,-4,-6,0,15,29,7,1,0,-1,11,21,31,46,21,13,3,-2,8,28,28,41,23,17,7,2
2025-04-22 16:23:59.55,s,-2,3,-1,4,-1,14,-4,-5,-34,-4,1,3,9,-7,1,-8,-6,-3,11,14,-4,4,-3,-4,-8,1,12,24,10,-1,-3,1,8,22,30,40,17,13,-1,-2,4,28,25,38,18,20,6,2
2025-04-22 16:23:59.56,s,0,5,0,0,2,9,-1,2,-23,-8,3,3,5,-5,0,-8,-10,-5,7,10,0,1,0,-5,-5,2,7,23,7,-2,0,0,7,22,26,41,19,10,-2,-4,3,27,25,36,17,18,5,1
2025-04-22 16:23:59.57,s,0,14,9,14,8,21,6,14,-18,-2,4,7,10,-1,5,-5,-8,-4,9,9,7,4,-2,-2,-8,0,8,17,6,0,6,1,7,22,29,37,16,12,0,-7,4,27,22,36,20,13,5,3
2025-04-22 16:23:59.58,s,0,4,0,6,-1,15,0,-2,-34,-4,3,4,10,-6,4,-6,-10,-11,5,4,-5,2,-1,-3,-10,0,5,13,5,-1,1,0,9,21,28,35,15,8,0,-5,4,29,25,32,19,15,4,1
2025-04-22 16:23:59.59,s,0,-8,-6,-5,-1,8,0,-7,-30,-10,1,2,8,-5,6,-8,-9,-11,4,7,-5,3,2,-1,-7,0,6,15,1,4,2,-2,11,20,28,35,12,12,2,-4,5,29,26,33,18,13,5,2
2025-04-22 16:23:59.60,s,1,9,5,6,7,17,9,11,-13,-3,3,11,11,3,9,-6,-10,-8,8,9,10,9,4,3,-11,3,4,19,3,6,8,0,12,22,32,37,13,13,3,0,7,31,30,35,16,17,3,2
2025-04-22 16:23:59.61,s,0,3,0,7,1,21,10,1,-29,-3,5,13,9,6,10,-1,-12,-8,8,9,1,9,6,8,-10,1,7,19,6,8,7,-2,16,26,35,40,17,14,7,0,10,39,33,39,20,17,7,2
2025-04-22 16:23:59.62,s,1,-5,-1,0,3,15,16,1,-30,-6,6,11,13,8,11,-1,-11,-6,9,14,0,10,11,11,-7,1,8,25,6,12,8,-3,15,29,39,41,22,18,8,9,11,42,40,43,18,26,10,3
2025-04-22 16:23:59.64,s,2,13,7,16,9,30,26,9,-10,2,7,21,16,16,20,2,-7,1,17,20,19,18,14,22,-7,0,15,27,12,15,17,-1,18,31,41,47,20,24,15,14,12,50,41,46,23,28,15,2
2025-04-22 16:23:59.65,s,1,8,5,11,7,30,31,7,-27,0,7,19,18,15,28,6,-6,-1,21,22,5,19,19,28,-6,2,17,30,11,18,15,2,15,35,41,45,24,24,15,18,12,49,45,43,19,32,15,3
2025-04-22 16:23:59.66,s,0,3,1,10,5,30,32,6,-34,0,6,23,15,22,28,7,-6,2,25,22,4,19,24,32,-5,3,20,27,9,20,17,1,16,35,42,40,18,27,21,22,12,50,42,39,22,30,18,2
2025-04-22 16:23:59.67,s,-2,4,2,12,8,32,37,11,-8,5,13,28,22,24,39,9,0,8,29,31,24,27,28,40,-2,2,27,33,8,25,24,1,20,33,44,36,18,26,21,23,11,55,38,34,20,30,21,2
2025-04-22 16:23:59.68,s,2,12,15,16,15,35,41,14,-24,5,14,36,20,30,35,11,-1,14,31,32,17,28,32,47,0,2,29,31,12,28,24,1,19,39,40,36,18,27,22,26,14,51,39,33,18,29,20,0
2025-04-22 16:23:59.69,s,1,2,11,15,12,31,46,8,-32,2,20,36,20,32,39,14,5,15,35,34,11,33,35,52,2,3,38,37,11,33,27,0,26,39,40,35,17,28,27,26,15,55,37,32,16,30,22,1
2025-04-22 16:23:59.70,s,1,9,17,18,17,37,54,15,-6,6,27,48,25,44,47,16,7,21,47,38,34,38,40,55,2,5,45,42,14,34,35,0,27,46,47,37,16,35,29,28,16,58,37,29,17,33,20,2
2025-04-22 16:23:59.72,s,2,9,28,31,24,42,62,17,-14,11,35,68,35,52,52,21,12,27,61,51,31,50,46,62,5,3,60,54,21,47,35,1,33,54,61,42,24,41,35,34,20,68,46,37,22,39,24,0
2025-04-22 16:23:59.73,s,1,13,28,28,28,45,66,16,-33,16,33,74,39,57,59,22,15,39,69,58,30,56,51,62,8,6,71,68,27,54,37,0,38,70,72,54,31,48,37,39,21,82,55,45,24,42,30,0
2025-04-22 16:23:59.75,s,2,11,31,31,26,54,66,21,1,22,38,74,44,65,63,23,19,49,79,64,57,62,53,67,10,6,80,72,34,62,45,1,43,76,78,58,39,56,46,43,26,96,62,44,26,47,28,2
2025-04-22 16:23:59.76,s,3,22,40,33,36,57,74,21,-8,25,43,72,46,68,67,24,22,53,82,64,51,62,57,66,13,8,80,70,36,66,43,1,46,78,76,55,40,66,51,42,28,99,61,44,25,50,31,2
2025-04-22 16:23:59.77,s,1,22,30,23,33,58,71,15,-31,26,39,62,45,72,60,23,23,57,82,56,38,69,57,66,13,9,75,65,42,68,44,2,48,84,74,48,42,72,51,47,25,97,58,38,25,49,34,0
2025-04-22 16:23:59.78,s,-1,24,32,20,37,67,76,21,3,34,37,54,48,78,73,25,23,63,76,54,56,72,60,67,14,6,75,61,42,76,48,1,49,83,68,48,40,69,56,44,27,95,54,36,24,56,36,2
2025-04-22 16:23:59.79,s,3,38,47,34,48,91,100,30,10,39,37,60,52,99,85,28,30,67,75,55,69,85,68,72,13,9,74,61,51,95,55,4,48,89,71,47,43,77,60,46,30,97,56,36,25,59,35,2
2025-04-22 16:23:59.80,s,4,34,39,24,44,98,99,21,-10,43,39,59,57,115,97,31,26,79,79,54,61,100,81,74,18,9,79,66,60,104,72,2,55,93,78,54,52,81,70,48,32,104,62,41,31,64,40,1
2025-04-22 16:23:59.81,s,3,22,33,14,45,98,106,22,14,50,48,59,64,131,114,33,34,86,85,64,81,117,101,85,18,8,90,70,68,122,80,4,53,98,82,54,58,85,79,52,33,105,66,42,31,69,44,2
2025-04-22 16:23:59.82,s,9,64,67,39,65,119,118,33,45,81,70,76,80,147,118,41,40,101,101,75,101,129,112,91,18,10,100,80,85,138,97,4,58,102,87,66,66,97,92,59,34,110,66,48,40,73,54,2
2025-04-22 16:23:59.83,s,3,66,64,38,64,112,105,21,10,100,83,91,87,150,111,38,46,111,110,87,105,131,110,88,19,10,110,93,97,140,100,3,62,103,96,71,70,100,92,60,33,112,69,58,41,75,50,1
2025-04-22 16:23:59.84,s,4,50,61,36,76,107,97,16,33,106,85,101,100,153,110,31,49,112,120,102,118,137,108,80,22,11,116,112,102,146,94,4,59,109,103,80,81,100,87,55,34,116,77,65,46,77,51,0
2025-04-22 16:23:59.86,s,13,86,87,65,107,127,118,39,66,117,94,112,117,163,113,33,51,117,124,108,135,145,108,82,20,10,118,115,113,147,95,3,63,105,104,83,84,104,89,52,35,114,81,66,46,80,50,3
2025-04-22 16:23:59.87,s,4,67,66,58,106,120,100,19,7,105,80,115,115,163,105,29,43,106,113,107,134,144,104,78,16,8,112,117,116,148,92,3,57,102,101,82,83,107,85,51,31,112,76,66,45,80,50,0
2025-04-22 16:23:59.88,s,4,54,51,57,101,117,94,17,20,93,71,115,118,161,98,25,38,97,105,108,137,141,94,72,13,9,103,118,117,143,85,4,53,99,93,82,86,106,77,48,29,108,68,65,47,80,44,0
2025-04-22 16:23:59.89,s,5,54,49,57,109,124,104,31,53,78,55,113,121,162,103,23,36,83,85,105,144,138,90,69,9,9,84,115,113,136,77,3,50,92,86,76,81,104,67,36,27,106,62,64,46,77,42,3
2025-04-22 16:23:59.90,s,6,58,49,58,122,127,112,26,5,66,49,118,129,169,113,23,31,76,83,112,147,145,99,72,11,9,85,127,121,144,84,3,53,94,92,82,86,107,69,33,32,107,71,70,48,81,40,2
2025-04-22 16:23:59.92,s,2,42,35,52,119,126,110,18,0,62,44,129,131,178,122,25,29,74,87,120,155,153,107,76,9,8,92,137,128,152,89,2,55,93,95,89,94,107,71,35,28,113,76,74,54,81,40,0
2025-04-22 16:23:59.93,s,6,50,45,71,129,141,121,36,49,74,54,148,140,188,132,25,32,77,93,133,171,155,117,77,9,9,98,145,138,155,94,3,53,93,102,89,100,113,78,38,31,111,77,81,56,82,46,2
2025-04-22 16:23:59.94,s,5,54,49,72,130,139,122,30,9,69,56,153,141,188,133,24,30,72,95,132,169,156,118,78,10,9,99,147,135,157,96,3,54,91,100,91,98,112,77,38,27,113,77,77,57,82,44,2
2025-04-22 16:23:59.95,s,3,42,41,64,124,128,116,21,-4,62,52,146,140,180,130,23,27,67,90,129,164,154,114,80,6,9,94,143,136,152,91,4,49,91,97,87,96,110,72,35,25,109,72,75,54,81,41,-1
2025-04-22 16:23:59.96,s,3,46,42,73,131,136,121,35,47,67,52,158,140,185,131,23,33,63,87,134,168,157,110,79,6,8,90,143,133,151,91,1,52,86,91,91,96,109,71,32,28,105,69,73,54,78,37,2
2025-04-22 16:23:59.97,s,5,49,46,75,130,137,118,36,11,61,47,153,142,179,129,20,29,57,80,130,165,152,105,79,3,5,85,142,131,149,88,3,49,84,87,88,95,106,65,33,29,100,64,75,50,81,39,0
2025-04-22 16:23:59.98,s,5,37,33,67,125,126,113,25,-17,51,37,148,139,172,124,20,23,46,72,130,158,150,99,74,3,9,76,141,129,145,82,2,49,81,82,87,93,104,61,29,24,99,59,74,54,75,35,-1
2025-04-22 16:23:59.99,s,4,38,33,71,130,129,115,31,39,45,38,157,139,180,127,18,23,43,72,132,168,150,104,75,0,9,77,144,131,146,84,3,45,82,82,88,93,104,63,27,27,97,62,74,50,80,36,1
2025-04-22 16:24:00.01,s,8,55,51,88,144,144,127,43,24,54,44,170,145,187,134,21,24,45,77,139,172,156,109,79,3,6,85,147,135,151,89,4,47,81,92,87,99,109,66,31,25,103,67,75,57,80,39,1
2025-04-22 16:24:00.02,s,3,41,35,73,134,131,119,27,-15,46,44,166,145,182,136,20,21,42,79,138,167,157,112,80,0,10,86,150,138,152,92,2,47,82,89,91,98,105,68,30,25,104,67,76,57,77,36,0
2025-04-22 16:24:00.03,s,2,24,28,68,127,125,113,26,16,46,40,171,140,184,135,21,20,43,83,136,173,154,109,76,3,6,84,150,138,148,88,1,48,81,89,91,97,109,67,28,27,101,66,79,56,77,36,0
2025-04-22 16:24:00.04,s,9,59,52,91,144,140,127,39,35,49,49,176,145,186,133,21,22,41,84,139,175,154,105,76,3,8,84,146,135,150,85,2,46,82,90,87,97,107,62,29,25,91,66,78,51,80,36,3
2025-04-22 16:24:00.05,s,3,35,36,75,130,129,118,24,-15,40,44,166,138,179,127,18,15,33,77,134,164,150,101,75,0,8,77,144,131,142,83,2,43,77,86,85,90,105,57,26,23,96,61,75,51,73,35,0
2025-04-22 16:24:00.06,s,2,28,27,66,122,120,107,24,5,41,40,159,139,172,130,18,18,30,74,132,159,150,98,76,0,5,76,141,128,141,77,3,43,77,82,86,89,104,59,27,24,95,60,70,50,75,34,0
2025-04-22 16:24:00.07,s,9,54,46,89,134,138,120,41,45,49,46,169,141,179,125,18,21,35,74,132,164,149,97,74,1,5,76,136,124,138,79,0,47,74,78,84,86,102,57,30,24,91,60,67,49,74,31,3
2025-04-22 16:24:00.08,s,4,41,39,79,127,130,115,29,-13,46,44,162,140,174,124,18,17,32,73,134,158,146,94,73,-2,6,75,139,127,139,78,1,46,74,81,85,86,106,59,27,26,96,59,71,49,73,32,0
2025-04-22 16:24:00.09,s,3,33,36,75,128,127,114,25,4,44,43,169,137,177,125,20,16,35,79,131,163,147,98,74,-2,5,82,141,131,142,78,2,44,77,84,88,89,107,61,29,25,96,62,72,51,75,33,0
2025-04-22 16:24:00.11,s,4,40,43,84,132,136,118,37,47,49,49,175,143,182,130,21,21,38,84,136,172,150,98,72,0,8,81,146,131,145,82,0,46,78,87,89,91,107,61,25,27,99,65,75,52,75,34,3
2025-04-22 16:24:00.12,s,6,45,47,81,136,131,119,31,-3,42,47,171,143,179,129,21,16,37,82,136,168,150,100,72,0,8,81,146,135,143,82,2,47,78,88,89,91,107,60,26,27,99,67,78,54,73,32,0
2025-04-22 16:24:00.13,s,3,33,36,75,128,126,110,23,-10,35,42,165,140,172,127,16,16,29,77,134,163,146,96,73,-2,5,83,143,130,142,75,2,44,78,88,84,92,102,53,26,24,99,66,74,49,76,32,0
2025-04-22 16:24:00.14,s,2,41,37,83,132,132,115,35,42,36,46,172,141,179,127,17,21,30,80,135,170,147,96,71,0,7,78,144,130,139,77,2,46,77,87,85,89,104,53,28,26,97,66,71,50,73,29,2
2025-04-22 16:24:00.15,s,4,35,39,76,130,128,113,27,-1,35,42,167,140,172,125,17,17,26,72,132,162,145,93,70,0,6,76,139,127,138,73,1,42,75,85,83,86,102,52,27,21,94,62,70,49,73,28,0
2025-04-22 16:24:00.16,s,3,30,36,75,127,125,113,25,-19,32,39,159,137,168,124,17,14,22,71,133,155,147,91,73,-3,4,74,137,124,138,71,3,40,75,81,82,85,100,52,27,21,95,60,70,48,72,30,1
2025-04-22 16:24:00.17,s,2,33,35,74,130,127,115,33,37,31,46,164,141,171,126,17,19,24,72,135,163,147,92,74,-3,6,75,137,124,136,72,2,40,75,81,81,88,100,52,26,21,93,59,68,46,73,29,1
2025-04-22 16:24:00.18,s,5,42,44,81,135,130,116,34,5,34,47,172,139,176,122,17,14,27,73,136,164,145,94,71,1,6,74,144,127,135,77,2,43,75,85,84,90,101,55,26,24,93,63,74,49,73,29,0
2025-04-22 16:24:00.19,s,2,33,35,73,129,125,111,22,-24,33,44,170,140,172,127,16,16,26,77,137,161,149,97,73,-1,8,78,146,131,139,79,2,45,75,87,86,89,104,53,27,21,96,66,73,50,73,29,-1
2025-04-22 16:24:00.21,s,1,36,35,83,130,130,113,29,31,33,49,175,144,174,127,16,17,28,80,138,169,147,98,70,0,8,80,146,134,139,76,2,43,75,88,87,93,102,56,26,21,93,66,72,52,75,32,2
2025-04-22 16:24:00.22,s,8,54,52,98,143,142,128,44,16,36,56,181,149,179,130,21,17,31,85,142,172,152,99,76,0,6,86,146,138,142,80,1,45,78,90,90,94,104,59,26,23,98,67,75,54,75,33,0
2025-04-22 16:24:00.23,s,3,35,35,82,128,126,115,23,-23,28,51,176,144,175,122,17,13,27,84,137,165,149,94,73,-4,8,84,147,133,140,79,1,43,75,94,86,93,105,56,27,23,96,67,74,52,72,34,-1
2025-04-22 16:24:00.24,s,1,26,26,76,124,122,105,23,6,27,48,175,140,171,122,20,12,28,83,137,168,145,93,69,1,8,83,146,131,140,74,2,42,74,91,86,89,104,55,23,21,95,65,74,50,73,31,1
2025-04-22 16:24:00.25,s,8,47,51,91,142,134,121,37,26,35,54,179,148,174,123,19,18,29,83,139,169,147,92,72,-2,8,83,144,132,138,74,1,44,76,88,88,89,103,55,23,23,96,66,73,49,74,28,2
2025-04-22 16:24:00.26,s,0,36,36,80,132,124,112,23,-24,28,51,174,141,170,118,16,10,27,82,138,165,144,89,70,-3,6,85,145,133,135,75,1,43,75,94,86,90,102,52,24,26,94,70,75,49,76,29,0
2025-04-22 16:24:00.27,s,2,28,35,77,128,122,108,19,1,29,52,173,141,170,121,16,15,29,88,139,163,145,93,69,-2,8,88,147,130,137,76,1,45,79,94,84,92,101,53,25,26,97,73,73,49,75,31,0
2025-04-22 16:24:00.28,s,9,52,52,96,136,138,120,40,41,43,61,185,144,175,126,18,23,40,95,140,167,147,98,71,4,9,94,147,127,138,78,1,48,86,98,89,90,99,54,24,28,104,76,74,50,72,29,4
2025-04-22 16:24:00.30,s,1,40,41,86,127,129,116,26,-15,42,60,178,137,176,125,24,17,43,103,134,157,145,99,75,6,9,99,145,123,136,78,1,49,90,104,90,87,98,49,24,29,109,81,73,48,72,27,1
2025-04-22 16:24:00.31,s,2,36,43,79,119,125,117,26,1,44,64,175,132,175,134,24,23,53,108,134,145,145,107,84,5,8,109,143,114,135,80,1,53,94,109,89,77,98,52,27,31,110,87,75,44,67,24,1
2025-04-22 16:24:00.32,s,4,53,55,88,118,131,128,39,54,62,77,181,128,176,142,31,31,66,122,131,145,141,115,93,10,9,117,141,106,135,81,3,54,100,116,89,74,94,55,35,32,117,90,73,42,67,29,2
2025-04-22 16:24:00.33,s,6,64,69,86,103,121,124,34,12,84,95,180,107,159,138,33,33,96,134,134,120,129,113,96,14,10,130,142,93,119,81,2,61,108,127,94,66,83,56,35,37,119,100,76,39,61,24,1
2025-04-22 16:24:00.34,s,2,52,61,80,78,110,118,25,14,89,100,174,92,147,137,34,40,105,140,131,105,119,112,100,17,11,135,141,84,112,77,4,64,114,130,97,62,78,53,36,40,122,102,79,33,58,24,0
2025-04-22 16:24:00.35,s,6,58,72,84,74,117,129,39,63,92,99,179,80,146,144,36,46,107,141,129,101,116,115,101,22,11,135,137,71,106,78,4,64,118,134,93,58,72,49,36,42,123,101,77,31,47,25,1
2025-04-22 16:24:00.37,s,6,54,64,83,65,113,126,32,16,78,93,169,71,141,140,38,39,105,139,124,84,113,116,108,20,12,134,133,62,99,78,3,67,115,132,91,49,67,47,41,40,123,105,73,30,45,22,1
2025-04-22 16:24:00.38,s,2,37,51,71,54,103,122,25,-2,53,79,151,62,132,138,37,34,96,131,114,69,104,112,106,17,10,126,120,50,88,72,3,62,113,128,82,41,52,41,35,39,121,100,69,20,35,16,2
2025-04-22 16:24:00.39,s,3,26,49,70,53,103,122,34,42,33,64,145,57,127,137,34,31,86,122,99,61,92,104,103,15,10,118,105,35,72,63,3,55,104,119,72,29,36,31,33,35,118,97,59,10,19,8,2
2025-04-22 16:24:00.40,s,1,28,43,69,45,95,120,35,-3,25,54,130,55,110,133,31,29,78,117,92,49,77,97,100,13,10,111,101,28,56,57,2,55,100,115,68,23,22,25,32,33,111,93,58,9,11,7,2
2025-04-22 16:24:00.41,s,0,10,26,44,33,73,104,23,-34,7,34,106,40,91,114,25,18,65,104,76,30,56,76,85,10,8,99,83,17,35,37,1,49,86,99,60,16,6,15,21,31,106,82,47,8,5,1,1
2025-04-22 16:24:00.42,s,0,3,17,35,20,61,87,19,-9,-2,27,74,28,70,92,17,14,43,82,60,30,28,56,66,7,8,76,61,10,20,25,0,39,72,79,44,7,1,11,15,27,92,68,35,1,-2,0,0
2025-04-22 16:24:00.44,s,3,19,26,36,22,48,76,27,-9,0,22,60,22,40,66,13,10,29,63,44,26,21,39,53,4,6,54,43,6,11,21,0,32,58,63,38,5,-2,5,11,23,77,58,30,2,-2,-2,2
2025-04-22 16:24:00.45,s,1,3,5,14,7,28,50,11,-35,-6,11,30,15,19,34,7,5,16,41,24,5,12,24,42,-2,4,35,32,2,9,8,-2,29,51,55,37,9,0,0,10,17,73,53,33,8,2,-2,0
2025-04-22 16:24:00.46,s,-3,-10,-5,-5,2,14,35,5,-32,-6,1,19,8,9,28,1,0,2,21,20,3,9,19,34,-3,2,28,24,3,4,0,1,23,44,53,41,10,1,-1,0,18,64,52,39,10,3,-2,0
2025-04-22 16:24:00.47,s,1,9,10,7,9,19,36,13,-9,-5,6,12,13,6,27,-3,0,-3,16,20,16,4,14,27,-4,1,19,26,1,1,7,0,19,37,49,42,14,0,-1,-2,14,55,44,41,12,3,-1,2
2025-04-22 16:24:00.48,s,0,3,4,0,6,16,22,0,-29,-5,-1,9,7,0,16,-3,-2,-7,10,15,-2,0,8,15,-4,2,14,28,0,2,-4,-2,17,29,47,42,12,5,-7,-4,9,42,39,40,15,5,-1,0
2025-04-22 16:24:00.49,s,0,-4,-3,-6,0,7,11,-8,-31,-11,-1,1,5,-4,1,-9,-2,-6,10,11,-7,0,-2,6,-5,0,14,27,1,0,-8,1,15,26,44,41,13,4,-9,-8,4,35,32,39,17,6,-3,0
2025-04-22 16:24:00.51,s,0,10,6,4,7,13,11,3,-11,-6,2,4,9,-6,6,-9,4,0,13,17,14,-2,-2,-3,-2,1,15,31,2,-2,-4,1,11,27,39,41,13,3,-9,-10,8,31,30,38,16,6,-2,0
2025-04-22 16:24:00.52,s,1,2,1,-2,4,7,1,-5,-30,-9,-3,1,7,-10,-4,-11,-1,0,8,11,-1,-8,-6,-7,-4,1,10,26,6,-7,-9,0,11,22,31,37,11,1,-10,-12,3,28,22,30,16,5,-4,2
2025-04-22 16:24:00.53,s,-1,-2,-4,-4,0,4,-2,-9,-35,-15,-2,-2,5,-16,-9,-13,-1,-2,11,10,-8,-9,-7,-6,-3,0,12,27,2,-7,-10,-1,13,19,24,38,10,2,-12,-14,3,28,19,31,11,8,-4,0
2025-04-22 16:24:00.54,s,0,-7,-3,-5,0,3,-8,2,-14,-11,-3,3,2,-15,-6,-10,-2,2,11,15,6,-5,-7,-11,-2,1,11,22,6,-10,-4,-3,12,17,21,37,12,-2,-10,-16,7,24,14,33,12,8,-3,2
2025-04-22 16:24:00.55,s,0,6,7,1,4,6,-7,-1,-26,-7,0,1,6,-17,-7,-12,0,1,9,14,0,-8,-7,-11,-3,1,8,25,1,-7,-8,-3,10,15,18,35,9,1,-11,-13,3,25,16,29,13,8,-2,1
2025-04-22 16:24:00.57,s,0,-2,-1,-1,-2,6,-12,-10,-36,-11,-2,2,4,-18,-10,-14,-1,-2,11,11,-8,-8,-9,-10,-5,0,8,23,2,-10,-12,0,7,19,19,31,9,-2,-12,-13,4,21,12,30,10,8,-2,0
2025-04-22 16:24:00.58,s,0,-1,-3,-5,0,2,-13,1,-16,-11,1,1,7,-15,-7,-10,-2,1,11,16,4,-6,-11,-12,-4,2,8,23,4,-10,-8,-2,9,15,18,36,10,2,-9,-16,3,22,12,28,14,5,-3,1
2025-04-22 16:24:00.59,s,2,1,-1,0,-4,6,-9,1,-26,-6,0,6,5,-14,-7,-9,-2,6,12,18,3,-8,-11,-13,-2,1,13,29,2,-7,-7,-3,11,15,20,37,11,2,-11,-12,5,24,13,32,13,8,0,2
2025-04-22 16:24:00.60,s,-1,1,-3,0,-2,6,-13,-8,-35,-6,-2,5,5,-18,-10,-12,-1,1,10,18,-4,-8,-10,-12,-4,2,10,30,3,-7,-11,-2,10,15,23,37,11,2,-10,-10,2,27,17,30,15,8,-3,1
2025-04-22 16:24:00.61,s,-3,0,-3,-1,-4,3,-9,2,-19,-8,3,4,7,-15,-5,-10,1,3,17,19,7,-6,-10,-10,-4,-1,16,30,7,-7,-7,1,9,22,25,39,17,2,-11,-10,4,29,18,32,17,6,-2,1
2025-04-22 16:24:00.62,s,1,4,3,4,0,9,-8,1,-21,-5,4,5,7,-15,-4,-10,0,9,16,22,5,-5,-9,-13,-2,1,16,34,7,-7,-5,-1,11,23,28,40,16,5,-5,-13,7,29,20,36,16,11,-2,3
2025-04-22 16:24:00.64,s,0,1,-2,0,-1,3,-10,-9,-35,-5,1,3,3,-15,-11,-12,2,5,16,19,-7,-4,-10,-10,-2,0,18,30,9,-9,-9,-2,13,20,25,43,15,3,-9,-11,4,31,20,33,18,8,-1,1
2025-04-22 16:24:00.65,s,-3,-2,-1,-1,-1,2,-12,-2,-21,-8,2,4,3,-15,-9,-11,-2,6,12,19,0,-9,-9,-14,-2,3,14,30,5,-12,-7,-2,12,17,25,39,13,2,-10,-16,5,28,15,30,17,4,0,2
2025-04-22 16:24:00.66,open,1,12,13,10,7,15,-6,9,-14,-4,3,9,6,-13,-5,-11,0,6,15,16,9,-6,-7,-14,-1,1,15,30,3,-7,-7,1,7,21,24,37,13,0,-13,-15,3,27,18,32,16,5,-3,3
2025-04-22 16:24:00.67,open,1,1,-3,-1,-3,6,-14,-4,-33,-5,0,6,3,-15,-10,-12,0,3,13,15,-5,-6,-11,-12,-4,1,13,31,5,-9,-9,-2,11,19,22,37,16,0,-12,-15,3,27,15,33,16,5,-3,2
2025-04-22 16:24:00.68,open,-2,-6,-7,-8,-5,-2,-17,-8,-33,-7,-1,2,5,-20,-8,-11,-3,2,12,14,-5,-7,-10,-12,-6,2,13,28,7,-12,-11,-2,9,17,20,39,12,2,-12,-14,1,26,18,30,15,9,-3,2
2025-04-22 16:24:00.69,open,2,6,2,4,1,5,-8,9,-16,-3,3,3,9,-17,-2,-11,1,3,18,19,7,-3,-7,-13,0,2,14,32,6,-8,-2,-2,11,18,24,36,18,1,-10,-11,5,26,17,33,16,6,-3,3
2025-04-22 16:24:00.70,open,0,2,-1,3,-3,7,-14,-7,-27,-7,5,4,7,-17,-6,-12,0,5,13,20,-3,-4,-7,-12,-2,2,14,30,9,-10,-5,-2,11,18,24,41,15,3,-7,-14,7,26,17,35,16,10,-2,2
2025-04-22 16:24:00.71,open,-3,-2,-3,-5,-4,2,-17,-11,-31,-8,1,2,5,-17,-9,-8,0,3,15,19,-7,-4,-7,-11,-4,3,15,33,10,-9,-8,0,8,19,26,40,16,5,-9,-10,3,27,22,34,15,9,1,1
2025-04-22 16:24:00.72,open,1,7,3,6,3,8,-7,8,-9,-4,5,6,8,-13,-4,-11,4,7,17,23,9,-4,-5,-12,-2,2,14,32,6,-8,-1,-2,9,20,26,39,14,4,-10,-12,3,26,21,33,15,6,0,4
2025-04-22 16:24:00.74,open,0,4,0,3,-2,5,-9,-1,-29,-3,1,6,4,-13,-6,-9,1,3,17,18,-3,-5,-6,-10,0,2,13,29,5,-9,-9,0,11,18,21,39,13,1,-8,-14,7,24,19,33,14,9,0,2
2025-04-22 16:24:00.75,open,0,1,0,-5,0,5,-10,-8,-32,-8,1,4,6,-17,-9,-12,1,2,11,14,-10,-5,-7,-12,-1,2,12,26,4,-9,-8,-3,10,15,19,36,11,2,-9,-15,4,23,13,30,15,4,-2,2
2025-04-22 16:24:00.76,open,0,-6,-2,-6,-2,5,-13,5,-15,-5,0,6,4,-12,-4,-11,0,3,10,18,5,-8,-5,-12,-2,2,10,22,4,-9,-7,0,8,17,17,34,12,-3,-8,-18,5,22,10,28,12,4,0,1
2025-04-22 16:24:00.77,open,1,10,3,7,0,11,-11,-2,-22,-4,1,6,5,-13,-4,-10,0,0,13,13,-3,-4,-7,-9,-5,2,10,22,4,-12,-4,-1,8,14,16,31,9,0,-8,-18,3,20,11,24,14,4,-4,3
2025-04-22 16:24:00.78,open,1,-5,-2,-5,-3,5,-17,-12,-34,-10,1,0,6,-17,-7,-12,-1,-1,9,12,-11,-5,-6,-10,-3,2,6,23,2,-8,-8,-2,7,12,15,33,10,1,-10,-15,1,18,12,27,10,3,-1,2
2025-04-22 16:24:00.79,open,1,-3,-1,-4,-1,6,-12,1,-17,-8,4,2,7,-15,-3,-10,0,0,13,15,3,-3,-7,-9,-3,0,11,23,2,-7,-3,-2,9,13,17,32,11,2,-11,-15,1,22,10,30,13,4,-3,2
2025-04-22 16:24:00.80,open,2,3,3,1,2,11,-10,-1,-22,-3,1,8,5,-12,-5,-10,-1,3,11,18,0,-5,-3,-9,-2,0,13,26,4,-7,-2,0,7,15,19,35,16,3,-10,-13,1,24,13,28,15,10,-1,3
2025-04-22 16:24:00.81,open,-2,4,0,2,-2,5,-9,-6,-34,-4,0,7,4,-12,-7,-7,-2,3,12,12,-5,-4,-6,-10,-3,2,13,27,5,-6,-4,-2,10,15,17,38,13,2,-6,-10,5,23,14,33,14,8,1,2
2025-04-22 16:24:00.83,open,1,-3,-6,0,-4,8,-12,2,-19,-6,3,5,3,-12,-4,-9,-1,5,13,15,3,-2,-5,-7,-3,1,13,26,4,-6,-2,-3,9,13,20,33,14,3,-8,-12,1,24,13,27,17,8,-1,2
2025-04-22 16:24:00.84,open,1,8,1,6,2,8,-6,4,-21,-6,6,5,9,-10,-5,-9,0,5,13,14,3,-5,-5,-10,-2,1,11,24,5,-8,-3,-2,10,14,20,35,13,0,-4,-10,3,24,12,27,16,4,0,2
2025-04-22 16:24:00.85,open,-1,3,-2,1,0,6,-9,-6,-32,-6,1,5,6,-16,-6,-6,-2,-2,12,10,-8,-4,-8,-10,-2,1,10,21,1,-6,-8,0,9,12,18,30,12,2,-9,-12,1,20,11,26,11,8,-1,2
2025-04-22 16:24:00.86,open,1,-4,0,-2,-1,4,-11,-2,-21,-7,-1,2,5,-15,-4,-9,-3,-2,7,11,-4,-6,-6,-12,-4,1,4,19,3,-9,-5,-1,8,11,13,29,10,2,-8,-14,2,17,11,23,10,6,0,3
2025-04-22 16:24:00.87,open,2,15,10,12,6,16,-6,9,-13,-4,6,6,5,-10,-3,-10,-1,0,11,12,4,-3,-5,-8,-6,2,5,21,3,-8,-1,-2,8,10,13,29,10,-2,-7,-16,1,18,9,26,10,6,1,2
2025-04-22 16:24:00.88,open,1,1,2,-1,0,7,-12,-5,-32,-4,1,3,7,-14,-4,-10,-4,1,9,9,-5,-5,-6,-11,-4,2,5,22,2,-8,-6,-3,7,9,12,30,8,1,-8,-14,1,17,10,28,10,6,1,1
2025-04-22 16:24:00.89,open,-3,-7,-11,-5,-8,3,-17,-10,-29,-7,-1,4,3,-14,-5,-9,-2,-1,8,10,-5,-3,-6,-8,-5,-1,10,21,5,-6,-7,0,5,15,17,30,12,2,-8,-12,3,18,12,26,11,8,1,2
2025-04-22 16:24:00.91,open,2,5,4,1,4,9,-5,8,-8,-4,5,9,7,-9,0,-9,-1,3,10,17,7,0,-2,-10,-3,2,12,22,6,-6,-1,0,8,16,17,33,13,0,-4,-12,4,18,13,26,14,7,-1,2
2025-04-22 16:24:00.92,open,1,0,2,1,0,7,-7,-3,-27,-7,4,5,8,-12,-5,-9,-3,2,10,15,-2,-4,-6,-7,-5,-1,11,22,3,-5,-4,0,9,12,18,31,10,3,-8,-13,3,19,14,27,12,4,3,2
2025-04-22 16:24:00.93,open,-2,-3,-8,-1,-7,5,-15,-10,-30,-6,-1,5,1,-12,-5,-10,-2,0,9,9,-7,-5,-4,-10,-3,2,7,24,4,-7,-8,-1,8,13,16,34,11,4,-8,-12,1,19,11,30,12,7,0,3
2025-04-22 16:24:00.94,open,1,9,4,8,1,11,-8,10,-10,-2,3,9,6,-8,-1,-9,-1,2,12,12,11,-3,-7,-9,-7,0,9,21,4,-7,-2,-1,8,13,15,32,12,2,-7,-12,1,18,13,25,14,8,-1,4
2025-04-22 16:24:00.95,open,2,1,3,1,2,7,-8,-1,-28,-4,1,7,5,-12,-6,-7,-4,-1,10,10,-3,-4,-5,-8,-3,2,7,22,2,-5,-4,-2,8,11,18,31,11,0,-7,-13,2,21,10,25,15,6,0,3
2025-04-22 16:24:00.96,open,-2,2,-3,3,-2,8,-12,-7,-33,-8,3,2,6,-15,-6,-10,-6,-3,7,9,-9,-6,-7,-12,-4,2,7,19,2,-9,-7,-2,7,10,16,30,10,3,-8,-12,0,20,10,25,14,3,2,3
2025-04-22 16:24:00.97,open,0,-5,-4,-3,-1,5,-10,6,-16,-8,4,3,8,-13,-3,-11,-2,0,8,14,4,-4,-5,-12,-4,1,7,19,2,-7,-2,0,6,10,17,29,10,4,-8,-12,2,18,12,27,11,6,3,2
2025-04-22 16:24:00.99,open,0,8,8,5,2,13,-6,3,-24,-7,5,5,8,-10,-6,-10,-3,-1,8,12,-2,-5,-4,-10,-5,2,6,21,3,-9,-3,-3,8,11,17,33,12,0,-7,-15,2,20,10,28,14,5,-2,2
2025-04-22 16:24:01.00,open,-3,2,0,0,-3,9,-12,-8,-38,-4,1,6,4,-12,-7,-9,-6,-5,11,9,-9,0,-4,-9,-5,2,7,22,4,-7,-8,0,7,13,16,33,11,0,-5,-14,2,23,11,28,13,6,0,2
2025-04-22 16:24:01.01,open,1,-4,0,-2,0,9,-11,3,-15,-7,4,4,7,-9,0,-9,-3,2,10,15,5,-2,-2,-5,-4,0,12,22,6,-4,0,-3,8,14,17,35,13,1,-5,-13,2,23,12,31,16,6,0,2
2025-04-22 16:24:01.02,open,1,3,1,-2,2,9,-5,2,-24,-4,3,7,7,-12,0,-7,-2,-2,11,14,1,-3,-3,-9,-3,2,10,24,4,-7,0,-2,10,12,21,31,16,5,-8,-10,2,20,16,29,16,10,1,3
2025-04-22 16:24:01.03,open,-2,2,-1,1,0,10,-11,-8,-31,-5,0,6,5,-9,-5,-6,-7,-5,11,8,-7,-2,-5,-9,-4,1,11,21,4,-7,-3,-2,8,14,18,34,12,5,-5,-9,1,21,15,30,14,9,2,2
2025-04-22 16:24:01.04,s,1,-5,-1,-4,-1,8,-8,2,-19,-7,-1,6,5,-10,1,-8,-3,-5,9,14,0,-2,-4,-9,-4,2,6,22,3,-6,0,-3,7,12,21,33,12,6,-7,-13,2,19,14,28,13,10,-1,2
2025-04-22 16:24:01.05,s,2,5,5,1,5,10,-3,5,-22,-6,3,5,8,-8,0,-8,-8,-1,6,12,-1,1,-3,-8,-5,2,5,20,5,-4,-1,-3,8,11,20,30,14,5,-5,-10,0,22,13,27,13,9,2,2
2025-04-22 16:24:01.07,s,0,5,1,4,-1,11,-7,-6,-32,-7,3,3,5,-8,-3,-8,-8,-7,6,5,-7,0,-6,-7,-10,-1,7,14,2,-3,-4,1,4,14,18,29,10,3,-4,-11,3,20,10,30,13,6,2,3
2025-04-22 16:24:01.08,s,0,2,0,-2,0,7,-6,-1,-23,-10,1,1,6,-12,0,-8,-9,-9,4,5,-5,0,-5,-6,-9,0,6,11,1,-4,-5,1,3,13,18,26,11,3,-7,-12,2,21,11,29,12,6,3,2
2025-04-22 16:24:01.09,s,4,20,15,17,9,22,2,14,-15,-3,4,10,8,-4,3,-8,-8,-6,4,9,4,2,-3,-9,-6,1,4,13,2,-5,3,-2,7,11,18,27,11,6,-6,-10,0,19,14,28,12,10,3,3
2025-04-22 16:24:01.10,s,-2,5,1,6,1,15,-2,-2,-31,-5,0,6,5,-7,-1,-9,-8,-11,0,8,-9,2,-2,-8,-6,1,4,15,1,-4,-3,-2,7,12,18,30,9,7,-3,-8,2,20,15,30,15,8,4,1
2025-04-22 16:24:01.11,s,0,-6,-4,-4,-3,8,-8,-8,-29,-8,3,2,7,-8,1,-8,-9,-10,4,4,-7,5,-3,-3,-10,1,6,14,5,0,-2,-2,6,15,24,30,11,7,-5,-9,0,25,15,33,15,13,4,1
2025-04-22 16:24:01.12,s,0,9,4,9,2,19,3,11,-14,0,4,11,8,1,6,-4,-9,-5,7,12,9,4,4,-3,-5,1,10,18,4,3,5,1,10,20,25,33,17,11,-1,-6,7,27,20,32,16,15,5,3
2025-04-22 16:24:01.14,s,0,6,2,5,4,15,7,1,-30,-1,5,7,12,-1,6,-4,-8,-10,8,12,-4,9,3,-1,-6,1,7,16,9,3,1,0,10,24,28,34,17,11,4,-1,7,31,22,35,17,18,5,3
2025-04-22 16:24:01.15,s,-2,-1,-1,-1,1,11,4,-7,-30,-5,3,7,9,0,18,-2,-10,-13,7,8,-9,9,3,5,-11,2,7,14,6,4,3,-2,12,22,27,34,13,14,5,-1,8,31,22,35,16,17,6,2
2025-04-22 16:24:01.16,s,2,9,8,10,7,23,12,14,-9,0,9,12,14,6,15,-3,-7,-13,8,11,11,8,8,4,-11,2,2,15,2,7,9,-2,13,20,28,33,13,10,6,1,9,33,23,30,18,14,7,3
2025-04-22 16:24:01.17,s,2,6,5,6,7,19,14,1,-26,-4,8,12,13,3,12,0,-9,-14,5,9,-3,8,6,4,-7,1,3,12,3,6,7,0,11,23,25,27,11,13,5,3,5,35,25,29,15,16,6,3
2025-04-22 16:24:01.18,s,1,1,4,4,4,19,10,-2,-31,-2,5,10,11,1,11,-2,-12,-16,4,6,-11,10,5,8,-11,-1,4,8,-1,7,4,-2,10,20,25,25,7,12,6,6,7,34,25,25,14,14,6,2
2025-04-22 16:24:01.19,s,-2,-2,-4,5,0,21,12,10,-15,-4,6,15,11,4,15,0,-8,-13,9,8,7,9,8,10,-11,0,4,9,-1,7,11,-3,13,21,22,21,6,12,7,7,7,35,23,25,12,15,7,3
2025-04-22 16:24:01.20,s,2,11,8,12,8,22,22,3,-23,-4,7,18,12,11,14,1,-12,-6,11,10,3,12,11,16,-10,2,5,14,2,8,12,-2,14,22,24,21,10,11,12,7,9,36,27,28,11,17,9,4
2025-04-22 16:24:01.21,s,-1,3,3,4,6,23,26,1,-34,1,11,22,16,13,23,6,-6,-2,21,17,-4,19,19,31,-8,0,17,18,4,16,16,-1,17,28,29,30,12,17,13,15,10,43,31,28,13,20,11,2
2025-04-22 16:24:01.23,s,1,1,4,11,6,32,38,10,-13,6,15,34,16,27,36,9,-1,15,31,26,23,26,26,40,-5,3,28,27,9,25,27,-2,24,35,37,33,16,27,20,25,13,54,36,31,15,34,20,3
2025-04-22 16:24:01.24,s,2,11,16,15,14,37,46,13,-15,10,21,41,22,35,44,14,10,23,40,37,21,37,38,51,2,4,39,36,14,34,28,0,29,43,44,39,19,35,28,32,16,61,42,35,21,37,22,2
2025-04-22 16:24:01.25,s,0,10,12,17,9,40,48,10,-27,10,24,39,20,41,46,20,9,27,49,33,19,38,41,55,4,6,46,41,15,38,27,1,29,50,47,37,20,32,31,31,19,63,38,34,19,35,23,2
2025-04-22 16:24:01.26,s,0,4,13,18,11,36,54,17,-8,14,28,42,23,46,52,20,14,33,55,36,33,44,43,59,4,3,52,37,14,36,35,0,33,49,49,29,13,32,27,31,17,62,40,25,14,34,20,2
2025-04-22 16:24:01.28,s,2,15,26,20,20,42,58,17,-11,14,33,43,27,47,48,19,14,35,54,36,28,43,40,58,3,6,49,34,14,38,31,1,32,51,40,22,12,27,29,30,18,61,33,15,8,28,18,2
2025-04-22 16:24:01.29,s,0,12,20,22,13,43,52,14,-30,17,29,45,23,47,42,16,15,33,58,34,15,46,40,60,7,3,53,31,14,39,32,0,34,55,39,18,12,29,29,32,21,60,29,11,7,29,21,0
2025-04-22 16:24:01.30,s,0,14,25,25,20,49,57,17,-6,20,32,52,29,55,52,23,17,43,63,41,35,51,47,63,9,5,60,40,15,49,35,0,39,61,46,22,14,37,35,36,21,66,33,15,9,34,26,2
2025-04-22 16:24:01.31,s,9,42,49,46,40,71,79,31,5,32,45,66,39,73,66,27,26,57,77,50,52,61,53,69,12,6,74,51,26,55,45,2,41,74,61,33,20,40,36,39,27,89,46,18,12,38,25,2
2025-04-22 16:24:01.32,s,1,27,35,32,36,75,82,21,-18,37,46,66,46,81,74,29,32,75,92,57,41,73,60,74,14,6,87,65,33,68,45,2,54,89,81,44,25,51,45,44,32,108,59,30,19,42,25,2
2025-04-22 16:24:01.33,s,0,27,39,26,45,89,107,18,3,48,55,75,52,107,95,29,38,96,105,68,53,82,73,76,24,10,107,73,42,77,47,4,58,103,99,53,32,56,43,39,35,114,77,42,19,42,23,2
2025-04-22 16:24:01.34,s,6,48,61,43,60,106,105,32,35,61,65,83,62,122,103,28,42,102,113,73,79,96,77,80,21,10,109,78,47,90,58,3,62,108,98,55,38,67,46,43,39,114,81,39,20,44,25,3
2025-04-22 16:24:01.35,s,3,36,51,31,54,106,106,20,-8,58,52,71,61,128,107,30,38,89,99,58,57,110,85,78,20,8,96,63,51,105,68,2,62,99,79,43,43,76,61,43,33,107,60,27,20,59,32,2
2025-04-22 16:24:01.36,s,3,29,39,23,48,106,102,18,15,58,54,62,63,136,111,26,40,96,92,62,71,115,90,74,22,8,95,61,57,113,72,4,61,100,82,42,48,80,61,44,34,112,61,26,26,58,32,0
2025-04-22 16:24:01.38,s,9,65,65,45,69,126,119,41,55,88,66,74,75,147,124,31,51,107,104,75,93,125,97,80,24,10,103,71,68,119,78,4,67,105,92,54,53,88,68,48,36,119,69,34,30,63,36,2
2025-04-22 16:24:01.39,s,4,55,55,39,68,125,119,29,7,91,65,78,83,159,132,35,46,107,104,81,99,134,114,94,21,12,104,80,84,134,97,4,67,107,93,60,64,96,80,58,33,119,70,47,35,69,43,0
2025-04-22 16:24:01.40,s,5,53,52,44,74,127,120,27,21,94,67,96,92,162,140,37,49,104,106,89,105,139,121,94,20,12,103,94,89,139,100,3,67,105,99,68,66,97,80,53,36,117,71,52,36,69,42,2
2025-04-22 16:24:01.41,s,5,61,60,57,93,131,130,38,68,102,76,116,105,176,143,33,52,109,111,103,127,139,120,93,22,11,110,107,95,143,97,5,66,105,102,75,70,99,77,54,34,119,77,54,39,70,43,3
2025-04-22 16:24:01.42,s,6,68,64,76,98,136,128,35,18,103,78,130,113,178,145,34,45,107,112,115,128,148,124,93,20,11,108,119,103,148,102,2,65,106,102,81,76,101,80,52,33,118,75,62,43,75,45,2
2025-04-22 16:24:01.43,s,3,54,47,72,100,130,120,26,13,94,71,129,118,177,148,33,44,101,106,114,133,149,125,98,17,10,102,122,108,148,102,4,62,100,101,81,78,104,80,54,32,112,74,62,43,76,43,0
2025-04-22 16:24:01.44,s,5,57,57,81,116,133,131,40,66,90,69,134,127,182,149,35,43,96,99,119,145,148,128,95,13,10,95,122,109,151,104,2,63,99,93,83,80,103,84,51,32,114,67,65,46,76,46,2
2025-04-22 16:24:01.45,s,4,52,43,69,114,138,129,33,16,75,51,132,125,180,152,33,40,85,85,115,140,152,124,96,11,8,88,119,110,150,102,2,59,95,87,80,78,102,80,51,29,111,62,62,44,76,42,2
2025-04-22 16:24:01.46,s,3,50,36,63,112,129,127,27,3,68,44,128,120,179,146,31,33,79,79,112,137,150,123,94,9,6,83,118,111,148,99,1,59,93,81,79,77,102,80,47,30,107,61,62,43,74,44,2
2025-04-22 16:24:01.48,s,4,51,42,71,116,139,128,39,58,76,47,137,129,180,151,29,40,81,80,120,150,150,123,90,10,8,80,124,117,147,97,2,58,93,81,83,80,106,78,46,31,105,61,62,42,77,42,2
2025-04-22 16:24:01.49,s,4,52,40,72,114,135,124,35,25,76,50,141,132,182,148,30,36,81,80,119,148,152,118,89,9,9,80,126,117,147,97,3,59,91,82,82,80,108,76,45,30,107,58,62,46,78,40,2
2025-04-22 16:24:01.50,s,5,46,41,68,117,129,124,29,2,77,49,143,132,180,147,30,34,83,80,122,147,152,123,87,12,8,79,130,118,148,95,5,56,90,80,82,83,107,77,47,31,106,54,66,44,77,41,0
2025-04-22 16:24:01.51,s,3,48,42,69,120,130,125,36,50,81,53,150,135,182,148,28,39,79,83,126,153,156,121,88,8,9,82,133,118,150,98,2,57,89,84,81,85,107,76,44,30,105,54,66,46,77,43,2
2025-04-22 16:24:01.52,s,18,76,61,94,135,143,138,47,40,86,50,158,136,187,148,27,38,81,81,127,155,157,118,89,10,6,82,128,122,151,96,1,58,89,76,83,83,105,78,44,29,103,53,64,44,80,42,3
2025-04-22 16:24:01.53,s,4,50,36,74,119,132,124,33,2,80,43,148,130,183,144,26,33,78,72,123,147,153,119,88,7,8,74,128,120,147,93,2,56,85,72,79,80,107,72,46,26,98,47,59,44,77,39,1
2025-04-22 16:24:01.54,s,3,40,24,64,112,123,118,27,30,77,40,150,131,180,146,27,36,71,69,124,149,155,116,85,9,6,70,129,119,146,92,2,53,84,67,81,81,105,75,46,28,98,40,63,44,74,43,0
2025-04-22 16:24:01.55,s,7,64,47,84,125,139,128,43,46,85,44,162,136,186,146,26,36,77,67,131,158,154,117,86,9,8,67,130,118,148,93,1,55,85,65,79,82,109,73,44,29,97,38,61,44,78,43,2
2025-04-22 16:24:01.57,s,3,53,34,78,124,130,125,28,2,77,44,158,133,182,144,26,32,74,67,127,152,155,115,83,9,8,70,133,121,148,93,3,54,84,68,79,83,106,76,43,27,98,40,59,47,76,42,0
2025-04-22 16:24:01.58,s,2,35,26,68,114,122,117,27,25,76,43,157,135,179,148,25,37,71,69,130,151,157,118,82,9,6,72,134,121,150,93,1,55,83,72,81,84,110,73,47,28,97,43,60,48,75,43,0
2025-04-22 16:24:01.59,s,10,69,48,93,134,140,132,45,63,85,48,171,139,188,149,25,42,73,72,134,159,158,118,84,8,7,71,135,124,148,93,2,56,85,69,79,85,109,73,47,26,99,43,61,47,76,39,3
2025-04-22 16:24:01.60,s,5,49,39,75,124,130,120,29,8,80,47,163,136,183,144,25,36,73,68,128,153,155,116,86,6,7,70,135,121,152,96,1,54,83,68,84,83,109,77,45,29,98,41,63,46,76,44,-1
2025-04-22 16:24:01.61,s,4,51,34,78,119,130,118,29,19,81,41,159,132,177,144,28,36,69,65,128,148,153,115,87,7,5,70,130,120,150,90,1,52,78,68,78,81,107,73,44,26,96,36,60,46,76,40,1
2025-04-22 16:24:01.62,s,4,53,39,76,124,130,124,38,64,83,48,162,136,182,142,25,37,72,67,127,158,155,110,84,9,8,67,128,117,147,90,3,53,81,63,77,80,107,72,46,27,92,36,60,45,74,43,3
2025-04-22 16:24:01.63,s,6,65,42,86,122,136,124,35,15,86,44,162,134,177,143,25,35,71,63,128,152,152,114,83,9,8,64,130,119,144,88,3,49,83,63,78,84,105,71,46,24,94,33,59,46,74,43,2
2025-04-22 16:24:01.64,s,3,43,31,71,113,125,117,25,14,78,39,158,129,179,142,28,32,70,61,127,150,154,112,85,6,4,67,128,116,147,89,2,50,79,63,77,82,104,73,43,26,92,31,56,44,75,40,0
2025-04-22 16:24:01.65,s,4,55,35,80,124,131,126,38,63,84,47,161,138,180,150,24,39,70,67,129,156,157,113,87,6,5,69,128,118,147,88,2,51,81,63,77,80,107,75,47,25,91,32,58,44,73,40,2
2025-04-22 16:24:01.66,s,5,57,40,82,125,131,126,32,21,80,45,164,135,180,150,26,33,70,65,127,152,155,114,84,8,8,67,129,121,146,92,1,53,78,62,77,78,108,74,45,24,88,33,61,42,78,40,1
2025-04-22 16:24:01.68,s,3,46,31,76,115,127,116,25,6,74,45,162,133,179,148,24,33,64,64,131,148,157,116,84,6,5,68,132,118,147,93,2,49,77,65,76,82,107,72,47,23,90,33,60,47,74,42,-1
2025-04-22 16:24:01.69,s,3,51,34,82,123,131,125,39,58,76,44,168,133,184,149,28,33,63,66,128,158,155,113,86,6,6,67,129,116,146,91,0,49,77,62,77,81,105,71,43,23,84,31,56,41,76,38,3
2025-04-22 16:24:01.70,s,5,57,41,86,123,136,123,36,22,75,44,167,136,178,149,25,32,59,66,128,150,155,113,84,5,6,67,130,119,144,92,2,49,76,64,76,78,107,70,48,23,88,34,57,43,73,41,0
2025-04-22 16:24:01.71,s,4,49,33,80,116,130,119,29,-5,70,43,162,134,176,147,26,30,58,66,128,146,155,112,87,3,5,69,128,117,146,88,1,48,73,63,78,78,105,73,46,20,85,33,54,45,73,40,-1
2025-04-22 16:24:01.72,s,4,50,40,79,123,127,121,34,48,68,47,165,131,180,146,26,28,57,69,129,152,153,112,83,5,6,70,130,115,143,89,1,45,74,63,78,77,104,72,43,21,84,33,59,42,74,40,3
2025-04-22 16:24:01.73,s,19,71,61,96,135,142,132,46,35,72,53,168,139,182,145,26,30,62,72,132,155,154,113,85,6,8,70,130,121,144,89,1,48,75,66,81,81,102,72,44,20,87,40,57,42,77,38,2
2025-04-22 16:24:01.75,s,5,43,41,79,118,129,119,25,-2,68,46,169,133,177,145,26,26,56,73,131,150,152,112,83,1,8,74,130,119,144,85,3,47,77,68,79,81,104,70,44,19,88,43,59,45,75,38,0
2025-04-22 16:24:01.76,s,1,36,33,73,113,125,111,25,28,67,48,167,134,175,142,25,30,57,77,130,150,155,107,82,5,7,79,131,117,144,85,3,45,74,73,79,80,106,68,41,24,84,49,60,43,73,38,0
2025-04-22 16:24:01.77,s,8,61,53,89,127,135,120,39,42,72,56,169,139,177,139,25,31,56,82,132,152,153,106,78,4,8,77,133,116,139,85,3,43,78,74,77,81,102,63,41,21,88,46,58,41,76,35,3
2025-04-22 16:24:01.78,s,3,48,44,76,118,124,111,24,-2,64,54,167,130,175,131,23,26,54,84,128,147,149,101,78,2,8,81,130,116,140,79,2,43,76,74,79,80,101,63,42,19,87,49,58,44,73,36,0
2025-04-22 16:24:01.79,s,2,36,34,73,110,117,108,22,17,60,53,162,131,172,127,21,24,54,83,127,145,147,96,75,1,8,80,127,114,138,79,0,46,73,71,78,80,100,60,40,20,80,47,59,42,70,36,1
2025-04-22 16:24:01.80,s,10,65,55,93,125,134,117,42,51,72,59,171,137,174,131,20,32,56,83,131,153,145,96,74,5,8,78,129,115,134,76,2,43,73,73,76,76,101,59,39,20,79,47,57,41,74,35,3
2025-04-22 16:24:01.82,s,3,52,48,83,121,123,114,26,0,65,59,170,129,172,124,23,24,56,85,129,147,144,96,72,4,7,83,128,113,134,74,1,42,73,76,75,78,99,63,38,18,82,46,57,40,74,36,1
2025-04-22 16:24:01.83,s,3,39,43,78,114,120,104,24,8,65,53,168,127,169,122,22,25,54,87,124,144,144,89,72,1,9,83,127,113,132,72,3,41,73,74,75,75,100,59,38,18,81,46,57,41,72,36,0
2025-04-22 16:24:01.84,s,5,48,49,82,121,125,114,36,54,69,59,172,131,172,123,20,29,58,88,127,150,141,89,70,3,8,80,130,110,130,73,1,43,72,75,78,75,98,55,34,19,82,45,58,42,67,35,2
2025-04-22 16:24:01.85,s,7,60,58,88,120,125,115,33,9,68,61,167,124,166,119,21,28,59,90,126,137,140,88,74,5,9,84,125,108,129,72,2,47,78,75,78,73,96,54,36,20,88,54,54,38,68,30,2
2025-04-22 16:24:01.86,s,3,48,45,79,103,112,108,24,7,70,60,165,111,158,122,21,28,70,95,123,126,132,92,77,6,6,90,123,99,121,72,3,49,83,80,75,65,93,55,39,25,92,60,53,34,66,30,-1
2025-04-22 16:24:01.88,s,4,59,55,84,98,117,118,35,63,86,77,171,104,156,134,27,41,83,111,124,123,126,105,85,13,9,106,121,88,117,77,2,55,91,95,75,61,89,57,40,29,105,67,52,35,60,30,2
2025-04-22 16:24:01.89,s,4,66,65,87,78,113,114,32,27,97,89,172,90,142,131,31,44,97,127,123,101,121,101,92,17,10,117,122,77,109,76,1,62,101,104,82,57,82,56,43,35,111,82,57,30,59,29,1
2025-04-22 16:24:01.90,s,5,59,66,81,65,104,113,25,14,102,92,172,75,136,130,31,42,104,130,123,88,115,104,92,19,12,121,121,69,103,73,4,63,103,111,82,50,77,54,46,35,114,86,54,30,52,26,0
2025-04-22 16:24:01.91,s,5,66,69,87,65,110,119,35,67,103,102,175,75,139,136,36,49,110,138,123,95,115,107,100,19,11,130,125,69,106,76,3,63,110,118,82,54,74,57,47,34,119,90,63,28,53,30,2
2025-04-22 16:24:01.92,s,5,68,76,87,66,109,123,35,33,99,97,175,71,139,138,39,46,111,139,122,87,114,112,106,19,13,128,127,68,106,80,4,63,111,121,83,54,74,59,48,39,119,92,63,30,52,27,0
2025-04-22 16:24:01.94,s,2,56,59,83,56,104,117,26,3,74,84,162,63,130,134,39,38,96,132,111,70,109,109,105,19,11,123,112,53,94,75,3,58,105,115,71,44,64,51,45,35,112,92,55,23,44,26,0
2025-04-22 16:24:01.95,s,2,40,50,75,50,94,115,30,43,50,74,149,61,119,133,32,36,85,125,102,63,99,102,99,14,12,111,102,41,82,68,3,51,101,106,65,32,51,45,44,34,108,85,48,17,33,19,2
2025-04-22 16:24:01.96,s,17,53,69,88,56,103,120,41,19,37,61,144,57,108,128,35,32,74,116,95,53,86,96,96,11,11,101,90,29,64,60,4,49,90,100,55,19,31,36,35,30,103,76,44,7,20,12,4
2025-04-22 16:24:01.97,s,3,16,37,62,37,80,105,21,-24,17,46,121,46,97,118,26,23,62,100,80,32,69,86,87,11,9,94,78,20,49,51,1,45,81,90,50,14,18,25,31,27,97,71,36,3,6,8,2
2025-04-22 16:24:01.98,s,-1,6,19,50,25,72,95,21,-15,11,36,108,40,91,106,24,18,54,92,74,40,57,72,82,8,8,88,68,15,38,37,1,39,76,85,43,11,10,20,27,28,90,67,31,3,5,3,2
2025-04-22 16:24:01.99,s,2,19,32,56,31,76,94,29,4,10,35,98,40,76,101,24,18,44,84,65,48,44,59,72,8,9,77,57,15,29,31,2,35,69,76,37,9,11,15,26,25,84,60,33,2,2,4,2
2025-04-22 16:24:02.00,s,2,6,26,36,25,59,82,19,-32,3,28,77,35,62,78,19,11,37,72,53,21,28,46,64,4,8,62,48,11,20,22,0,34,58,64,31,8,9,12,24,21,76,54,28,2,1,4,0
2025-04-22 16:24:02.01,s,1,-7,10,19,8,41,60,9,-30,-1,21,62,23,42,63,15,8,29,59,41,14,21,40,56,2,5,54,36,7,19,15,1,26,52,54,28,8,7,7,18,16,68,46,27,3,5,0,1
2025-04-22 16:24:02.02,s,3,16,23,34,21,40,64,24,5,3,24,57,27,32,57,11,12,24,52,36,33,24,35,53,-1,2,40,29,6,15,19,1,23,42,45,26,9,6,7,15,16,60,39,24,2,2,2,2
2025-04-22 16:24:02.03,s,1,5,12,18,14,31,52,13,-30,-1,15,45,19,26,36,9,2,16,36,26,11,19,30,46,1,3,33,24,4,16,12,1,19,37,41,22,10,5,7,15,16,53,39,25,6,5,2,0
2025-04-22 16:24:02.04,s,0,4,9,14,8,30,45,10,-35,-2,9,26,17,15,33,5,1,6,27,20,1,18,25,43,-3,2,21,22,3,9,9,1,21,33,39,29,9,4,5,11,13,52,36,30,7,3,0,0
2025-04-22 16:24:02.05,s,0,0,3,6,8,25,35,10,-6,0,5,20,12,13,32,6,0,-2,21,17,19,13,19,34,-7,2,12,17,-1,4,12,-1,18,28,37,27,8,5,3,9,11,46,34,27,8,4,-1,1
2025-04-22 16:24:02.07,s,3,6,10,6,8,23,28,7,-26,0,2,11,9,4,18,0,-2,-8,11,11,3,7,12,28,-7,1,8,15,-1,1,0,1,13,28,34,29,9,2,0,3,7,39,30,31,10,4,-3,0
2025-04-22 16:24:02.08,s,0,0,-2,0,0,15,15,-8,-39,-5,-2,4,7,-7,7,-4,-6,-13,2,6,-9,-2,6,13,-7,2,3,10,-4,0,-5,-3,14,20,30,29,9,0,-2,-2,7,29,27,30,9,5,-2,0
2025-04-22 16:24:02.09,s,0,-3,-1,-3,-3,13,3,-2,-16,-5,-2,1,6,-6,4,-6,-3,-10,4,7,4,-5,2,3,-7,1,4,10,-2,-5,-3,-2,10,20,26,29,8,3,-7,-4,4,28,22,27,9,6,-3,0
2025-04-22 16:24:02.10,s,1,0,-3,0,0,7,1,-3,-24,-8,-4,3,6,-13,-1,-9,-3,-7,2,6,-1,-6,-4,-1,-7,1,3,15,-1,-7,-7,0,8,17,24,28,12,3,-8,-6,1,25,17,30,12,4,-4,1
2025-04-22 16:24:02.11,s,0,-5,-1,-5,-1,6,-3,-6,-36,-13,-2,-3,7,-15,-11,-10,-6,-3,2,6,-9,-8,-4,-6,-5,1,3,19,-1,-6,-7,-2,9,14,22,30,10,2,-8,-6,2,20,17,27,10,6,-3,0
2025-04-22 16:24:02.12,s,-2,-4,-6,-2,-4,8,-8,1,-20,-12,-2,-3,5,-14,-6,-8,-3,2,9,7,6,-4,-6,-4,-7,0,8,17,4,-6,-4,-1,7,16,21,30,12,2,-8,-5,1,18,17,27,11,6,-3,2
2025-04-22 16:24:02.14,s,0,3,0,2,-2,11,-7,1,-21,-6,-4,3,5,-16,-3,-8,2,1,11,15,3,-7,-5,-6,-5,3,10,24,5,-7,-4,-1,11,20,22,36,14,0,-6,-8,2,25,13,32,14,8,-1,0
2025-04-22 16:24:02.15,s,-3,-2,0,-2,0,10,-11,-7,-34,-8,-2,1,7,-18,-9,-10,0,-1,8,11,-5,-8,-6,-9,-4,1,7,23,1,-8,-8,-2,10,13,20,29,11,1,-11,-10,4,21,10,27,14,3,-2,1
2025-04-22 16:24:02.16,s,0,-4,-7,-2,-6,7,-15,-3,-23,-11,-5,-1,4,-19,-6,-13,-4,0,7,14,-3,-8,-7,-10,-7,0,7,18,1,-10,-10,-1,6,12,13,27,8,-2,-12,-13,2,16,10,23,8,3,-1,2
2025-04-22 16:24:02.17,open,10,16,16,10,8,16,-4,13,-17,-2,-1,5,9,-17,-2,-12,2,1,11,16,6,-2,-8,-7,-3,2,8,21,0,-10,-4,-1,8,10,14,27,8,0,-13,-15,1,15,9,23,9,3,-3,3
2025-04-22 16:24:02.18,open,0,-4,-2,-4,-2,6,-10,-7,-29,-10,0,0,6,-17,-11,-11,-2,4,9,15,-3,-6,-7,-9,-4,2,9,21,1,-10,-9,0,6,9,16,28,9,-4,-8,-15,1,18,5,26,10,2,-2,0
2025-04-22 16:24:02.19,open,-2,-9,-10,-6,-7,4,-17,-7,-33,-6,-2,-2,6,-20,-7,-12,1,2,11,14,-6,-3,-6,-9,-5,2,11,21,-1,-7,-7,-2,7,14,16,29,9,0,-9,-11,3,17,10,24,10,1,-3,0
2025-04-22 16:24:02.20,open,1,3,2,-1,2,7,-7,6,-11,-5,0,4,6,-13,-4,-9,2,9,15,17,8,-2,-6,-5,-3,1,13,24,4,-8,-2,0,10,14,16,29,10,0,-10,-12,3,21,11,26,11,5,-1,2
2025-04-22 16:24:02.22,open,1,-3,-1,1,-3,9,-12,-2,-30,-3,1,1,7,-19,-7,-11,4,3,16,15,-4,-2,-7,-6,-3,1,14,23,3,-9,-9,0,9,19,15,33,9,1,-8,-14,4,21,10,26,11,4,-1,2
2025-04-22 16:24:02.23,open,0,-10,-6,-8,-4,3,-18,-11,-31,-7,-3,3,2,-17,-11,-11,0,7,12,15,-4,-5,-7,-10,-4,-2,15,23,5,-9,-8,-2,9,14,16,33,11,-2,-10,-12,3,20,13,26,11,4,-2,2
2025-04-22 16:24:02.24,open,2,6,2,4,0,6,-8,9,-9,-3,1,5,7,-18,-1,-9,5,8,15,20,11,-4,-6,-6,-4,0,14,25,3,-7,-2,0,8,14,16,35,13,0,-11,-10,3,21,13,27,11,4,1,4
2025-04-22 16:24:02.25,open,2,-2,1,-3,-1,5,-12,-4,-27,-7,3,1,5,-16,-10,-11,0,6,18,17,-2,-4,-4,-7,-4,0,15,27,2,-7,-7,1,8,18,20,34,11,2,-7,-12,7,24,11,30,15,5,0,0
2025-04-22 16:24:02.26,open,0,1,-1,-2,0,4,-13,-8,-30,-7,2,0,7,-21,-8,-11,2,4,16,17,-5,-7,-6,-11,-2,1,18,31,4,-6,-8,-2,10,14,21,37,12,3,-6,-8,4,22,17,30,13,9,-2,2
2025-04-22 16:24:02.27,open,-2,-6,-5,-6,-2,5,-12,4,-14,-6,4,3,8,-18,-2,-7,4,7,18,22,8,0,-5,-9,-2,2,18,32,5,-7,-3,0,7,19,21,36,17,1,-7,-8,2,26,14,27,18,8,0,2
2025-04-22 16:24:02.28,open,2,4,7,2,2,9,-9,-1,-23,-3,4,3,9,-17,-4,-10,6,7,20,19,3,-2,-6,-5,-3,1,19,31,9,-7,-5,1,8,21,21,40,16,5,-4,-9,4,24,17,33,15,11,-1,3
2025-04-22 16:24:02.29,open,1,-3,-1,-2,-3,6,-13,-10,-33,-5,-1,4,5,-15,-9,-8,0,8,19,17,-3,-4,-5,-8,-3,3,16,33,6,-7,-4,-3,10,17,19,38,17,2,-3,-10,5,23,16,32,15,10,2,0
2025-04-22 16:24:02.30,open,0,-3,-4,-4,-1,6,-10,7,-19,-2,3,3,9,-15,-1,-11,6,7,17,22,9,-3,-4,-8,-5,3,15,27,6,-7,-2,1,7,18,21,33,17,1,-5,-10,2,24,12,31,17,5,0,3
2025-04-22 16:24:02.32,open,1,-2,1,-1,2,9,-11,1,-23,-2,1,6,7,-13,-2,-7,1,8,17,15,3,-2,-3,-6,-2,2,13,24,4,-9,-2,0,9,14,15,34,12,2,-5,-14,2,21,11,27,11,7,-2,0
2025-04-22 16:24:02.33,open,0,-3,-1,-4,0,9,-15,-10,-32,-6,3,1,8,-16,-9,-10,0,5,11,14,-6,-4,-6,-9,-4,3,10,22,1,-7,-7,0,7,11,16,28,10,-2,-8,-15,3,19,7,26,11,3,-1,0
2025-04-22 16:24:02.34,open,0,-7,-4,-6,-4,7,-16,-1,-18,-5,-2,3,7,-18,-2,-8,0,3,10,16,1,-5,-5,-10,-5,0,12,18,2,-7,-4,-3,7,10,14,26,8,1,-8,-14,2,18,6,23,11,0,-1,2
2025-04-22 16:24:02.35,open,2,2,1,-1,-1,10,-11,1,-21,-6,4,2,6,-13,-5,-11,-1,5,10,14,1,-5,-6,-9,-5,1,11,18,2,-11,-1,-2,8,10,10,28,10,-3,-7,-16,3,18,5,24,12,2,-2,1
2025-04-22 16:24:02.36,open,0,0,2,-1,1,9,-13,-5,-33,-2,-1,5,6,-17,-5,-10,1,3,10,15,-7,-5,-3,-8,-7,2,10,18,-1,-6,-7,0,6,14,14,28,12,0,-8,-14,-1,19,7,23,11,4,0,0
2025-04-22 16:24:02.37,open,2,-3,0,0,-3,9,-13,-1,-25,-4,-2,4,5,-15,-5,-9,-1,3,12,13,0,-3,-3,-8,-6,2,10,25,5,-8,-2,-2,8,11,16,30,11,3,-8,-10,0,21,11,27,14,3,3,3
2025-04-22 16:24:02.38,open,11,19,18,12,11,16,-1,10,-11,-2,6,7,8,-10,-1,-8,2,7,18,20,8,2,-3,-5,-2,1,15,27,5,-4,4,-2,9,15,17,35,16,2,-3,-10,4,20,13,30,15,10,3,2
2025-04-22 16:24:02.39,open,0,2,-1,-1,1,8,-8,-7,-29,-3,3,6,8,-15,-2,-9,2,5,16,17,-2,-2,-2,-6,-2,2,15,28,5,-5,-2,-3,9,13,18,36,15,3,-2,-9,2,21,11,28,18,6,3,1
2025-04-22 16:24:02.40,open,-2,-7,-11,-5,-4,2,-14,-6,-31,-4,-1,4,5,-15,-3,-6,2,3,13,16,-4,1,-4,-3,-6,1,12,27,6,-7,0,-1,10,13,19,36,12,5,-3,-7,5,21,12,32,15,9,1,2
2025-04-22 16:24:02.41,open,0,4,-1,3,-1,13,-9,10,-14,0,3,3,10,-15,3,-8,4,4,17,16,12,-2,-2,-6,-2,2,13,23,5,-5,0,1,7,17,17,31,16,5,-5,-6,2,21,11,30,14,9,2,2
2025-04-22 16:24:02.43,open,1,1,0,1,-1,10,-10,-2,-30,-2,0,5,5,-14,-6,-10,1,2,12,14,-4,1,-4,-5,-4,0,12,20,2,-6,-3,0,6,14,16,28,14,1,-7,-12,3,19,9,27,11,6,2,3
2025-04-22 16:24:02.44,open,0,-11,-9,-7,-5,6,-17,-10,-31,-6,-3,4,3,-15,-5,-10,0,0,12,10,-7,-4,-5,-6,-7,2,12,20,3,-7,-6,0,8,14,14,29,12,2,-7,-10,1,20,7,28,12,5,3,0
2025-04-22 16:24:02.45,open,1,6,0,4,2,10,-7,10,-9,-2,4,7,6,-10,1,-9,1,6,11,18,9,-1,-4,-5,-7,2,10,18,5,-7,0,1,5,12,16,27,12,2,-7,-9,0,20,9,24,15,5,1,2
2025-04-22 16:24:02.47,open,1,2,0,3,-1,9,-8,0,-27,-1,3,6,9,-14,-2,-9,2,5,10,16,-3,1,-3,-3,-6,1,12,19,6,-4,-2,0,7,13,16,30,11,4,-4,-9,2,18,11,28,11,5,3,3
2025-04-22 16:24:02.48,open,-2,2,-3,2,-2,11,-9,-4,-33,-2,0,2,8,-14,-6,-9,2,3,11,14,-4,-2,0,-5,-2,1,13,23,4,-4,-4,0,9,16,18,33,15,3,-5,-9,1,23,10,30,17,4,4,3
2025-04-22 16:24:02.49,open,1,-3,0,1,1,11,-9,7,-13,0,5,6,11,-10,6,-9,5,6,13,20,10,3,3,-5,-2,2,13,27,6,-5,1,0,11,17,18,35,16,3,-2,-8,4,23,11,31,16,6,3,2
2025-04-22 16:24:02.50,open,2,9,2,6,2,16,-7,2,-25,2,2,9,7,-9,-2,-6,0,8,15,17,5,3,0,-1,-5,1,14,26,7,-3,-1,0,10,19,21,35,17,3,0,-6,7,24,12,28,17,9,4,2
2025-04-22 16:24:02.51,open,0,-1,1,-2,1,9,-8,-6,-33,-3,3,4,8,-10,-4,-4,-2,3,15,12,-5,2,1,-4,-3,2,14,25,5,-1,-1,-1,10,15,20,34,14,8,-3,-5,3,20,15,28,17,8,1,0
2025-04-22 16:24:02.52,open,-3,0,-4,0,0,8,-7,5,-15,-4,5,2,11,-13,4,-4,2,1,15,14,8,3,-2,-2,-6,1,12,23,7,-4,1,1,7,18,17,34,16,3,-1,-6,0,23,11,31,16,6,3,3
2025-04-22 16:24:02.53,open,0,2,-3,3,-1,13,-9,2,-25,1,1,4,8,-9,-2,-7,-2,3,11,14,1,0,0,-6,-5,1,8,18,5,-7,3,-3,9,14,16,28,16,3,-4,-6,2,21,12,26,15,6,2,2
2025-04-22 16:24:02.54,open,0,-3,-1,-2,0,7,-9,-8,-32,-3,0,1,8,-15,-4,-9,-6,-2,9,9,-8,-3,-2,-8,-5,1,11,15,1,-5,-1,-2,8,10,15,29,10,3,-4,-6,2,17,11,25,12,6,0,3
2025-04-22 16:24:02.56,open,-2,0,-4,1,-3,11,-12,2,-18,-5,3,1,9,-13,2,-7,-3,-2,8,14,0,2,-2,-5,-7,2,7,16,2,-5,3,-2,8,11,14,28,12,3,-4,-9,0,19,8,25,11,6,2,3
2025-04-22 16:24:02.57,open,2,2,4,2,5,14,-7,5,-20,1,3,7,7,-8,1,-4,-4,3,11,13,4,2,1,-5,-3,1,13,16,6,-4,1,0,8,17,18,33,14,3,-1,-5,0,22,13,27,16,10,4,2
2025-04-22 16:24:02.58,open,1,0,0,2,-3,12,-9,-6,-30,-2,4,3,9,-11,-3,-6,-4,3,10,14,-4,3,3,-3,-4,1,14,21,3,-1,0,1,7,15,21,30,16,7,-2,-4,3,21,12,31,15,10,5,1
2025-04-22 16:24:02.59,open,0,-2,0,2,-2,13,-6,4,-23,-4,3,3,5,-8,-1,-7,-2,3,12,11,-1,4,0,-1,-7,2,15,19,7,-1,0,0,9,19,19,35,14,3,2,-6,4,23,12,33,16,6,5,3
2025-04-22 16:24:02.60,open,8,20,18,11,10,19,5,15,-14,2,8,7,10,-5,5,-6,0,5,15,16,12,5,3,-2,-3,1,16,20,6,0,5,0,10,20,22,35,17,5,0,-4,2,25,14,32,15,10,6,4
2025-04-22 16:24:02.62,s,1,5,0,2,4,14,-7,-3,-29,-1,5,5,7,-7,0,-4,-4,2,13,9,-1,4,2,-1,-6,2,11,18,7,-2,5,0,9,20,22,33,12,9,2,-4,7,23,18,33,15,11,4,2
2025-04-22 16:24:02.63,s,-1,-4,-5,-5,-1,8,-9,-7,-29,-5,0,2,7,-9,-1,-4,-6,-1,10,8,-5,3,3,-3,-5,2,10,16,3,-1,3,-2,10,17,18,33,11,9,3,-4,4,21,15,32,12,11,5,2
2025-04-22 16:24:02.64,s,1,9,3,9,4,18,-2,11,-15,3,4,7,11,-9,8,-3,-4,-2,11,7,9,4,1,-1,-8,2,7,15,1,-3,8,-2,10,13,21,28,12,6,-1,-4,2,24,12,30,15,7,4,3
2025-04-22 16:24:02.65,s,2,2,4,2,4,12,-2,-2,-25,-3,3,1,10,-12,1,-7,-6,-5,7,4,-8,5,1,-1,-6,0,9,10,0,-1,0,0,6,15,18,26,12,2,1,-6,3,19,14,26,11,9,4,3
2025-04-22 16:24:02.66,s,0,-8,-7,-5,-3,7,-8,-5,-33,-2,1,-1,8,-13,1,-5,-8,-7,4,3,-9,2,1,-1,-8,0,5,10,-2,-1,2,-2,8,12,15,26,10,4,0,-5,4,18,9,27,10,9,4,1
2025-04-22 16:24:02.67,s,3,10,6,9,3,18,-2,12,-10,1,4,7,8,-6,7,-3,-9,-2,8,6,9,6,3,-4,-7,1,6,13,1,0,6,2,5,14,16,25,12,2,2,-2,2,18,10,28,13,7,3,4
2025-04-22 16:24:02.68,s,2,3,4,2,4,14,-2,1,-27,-4,5,4,8,-8,0,-7,-7,-3,7,8,-1,4,3,-2,-6,0,10,15,1,-1,7,-1,8,13,23,30,11,6,3,-2,4,21,13,31,16,10,3,3
2025-04-22 16:24:02.69,s,3,2,4,0,4,13,-1,-1,-33,-4,4,3,8,-8,-1,-4,-8,-2,9,6,-5,5,1,0,-7,1,13,19,5,2,1,1,11,19,23,36,17,6,5,0,5,24,19,33,17,14,5,0
2025-04-22 16:24:02.71,s,-3,0,-4,3,0,16,-1,11,-16,-2,6,5,11,-5,7,-6,-6,2,11,14,11,6,5,0,-7,2,13,23,6,3,7,1,10,25,29,36,17,10,3,0,5,27,21,38,18,14,5,2
2025-04-22 16:24:02.72,s,2,11,5,7,6,17,6,4,-22,4,5,11,11,-1,10,-3,-2,1,13,12,7,10,4,4,-5,1,18,24,10,4,8,1,14,23,34,42,21,11,5,-1,8,31,25,41,21,14,7,3
2025-04-22 16:24:02.73,s,0,1,1,4,1,18,3,-3,-34,1,6,9,8,0,7,-1,-7,2,14,12,0,10,8,5,-4,2,18,28,7,7,6,0,16,25,34,42,18,16,4,3,7,34,29,42,19,17,7,2
2025-04-22 16:24:02.74,s,0,-3,1,1,4,16,10,10,-17,3,9,10,12,2,17,-2,-2,1,18,18,12,14,11,8,-5,1,20,31,9,11,13,-2,18,29,36,46,22,17,8,2,10,37,31,43,22,18,5,3
2025-04-22 16:24:02.75,s,1,4,5,4,7,23,11,6,-23,8,7,15,13,7,17,3,-5,3,19,17,12,14,12,11,-5,4,20,31,14,10,15,1,18,34,44,44,27,20,8,8,11,40,38,44,24,28,9,3
2025-04-22 16:24:02.76,s,0,2,4,3,7,19,16,-2,-30,2,11,12,12,7,10,2,-8,0,17,14,3,16,12,16,-7,1,20,31,10,14,13,2,18,34,44,44,24,22,15,13,10,45,39,44,26,27,14,1
2025-04-22 16:24:02.77,s,0,1,1,3,5,21,17,9,-18,5,11,12,15,4,19,2,-4,-1,15,17,13,14,15,16,-7,3,14,27,11,11,19,1,16,34,43,43,23,18,15,10,9,45,36,39,23,24,13,2
2025-04-22 16:24:02.79,s,0,5,8,7,9,25,19,7,-18,3,12,16,13,10,15,1,-6,-1,13,16,9,14,15,18,-7,1,15,20,7,12,17,1,16,34,40,40,18,20,15,10,12,42,36,42,18,22,13,2
2025-04-22 16:24:02.80,s,0,5,4,6,7,22,24,2,-31,2,11,14,16,8,15,3,-9,-1,18,11,1,15,16,22,-8,0,14,19,8,14,14,1,19,29,39,37,18,21,14,15,9,48,37,38,20,24,11,2
2025-04-22 16:24:02.81,s,0,0,2,7,4,26,24,1,-19,4,9,20,15,10,26,7,-5,5,21,17,9,17,21,29,-8,3,18,26,6,17,21,-2,20,30,41,39,18,25,16,18,12,50,38,41,19,28,16,3
2025-04-22 16:24:02.82,s,10,24,20,23,20,39,44,18,-8,8,20,30,23,23,39,9,-1,17,34,28,25,26,30,39,-4,3,28,37,11,21,30,1,25,39,47,49,25,26,20,24,14,57,46,44,20,33,16,4
2025-04-22 16:24:02.83,s,2,10,17,17,16,41,52,15,-26,9,24,38,25,31,47,14,5,22,43,36,15,37,37,55,-2,2,42,45,14,32,28,1,27,47,57,50,26,33,27,28,19,65,50,48,24,33,20,2
2025-04-22 16:24:02.84,s,1,2,9,12,13,40,59,16,-22,12,30,50,29,51,59,20,11,35,60,49,28,49,48,66,3,4,63,57,21,44,35,0,35,57,74,57,32,40,32,36,21,76,59,58,26,43,24,0
2025-04-22 16:24:02.85,s,3,19,28,33,30,57,79,30,8,26,41,73,42,67,75,24,22,49,79,71,59,59,59,73,8,9,81,79,33,53,48,1,41,74,88,66,42,46,35,38,27,95,71,62,28,43,27,4
2025-04-22 16:24:02.87,s,1,13,33,36,30,62,76,21,-24,28,45,97,42,68,75,25,22,55,93,80,39,62,60,72,10,9,93,83,34,56,43,1,40,80,90,65,40,45,40,39,27,101,75,54,27,42,27,0
2025-04-22 16:24:02.88,s,1,6,25,34,30,67,84,16,-23,27,46,98,43,80,79,24,17,60,103,78,40,70,62,77,8,10,96,87,34,63,44,3,43,87,95,65,37,45,44,37,27,98,77,53,22,42,25,0
2025-04-22 16:24:02.89,s,3,28,47,51,47,90,101,33,15,34,53,106,53,92,94,25,25,68,109,79,68,69,65,73,13,10,96,81,35,59,49,3,46,91,94,59,33,49,38,39,27,98,75,48,20,41,24,3
2025-04-22 16:24:02.90,s,1,24,40,44,41,86,94,19,-19,25,51,95,48,87,82,23,21,62,97,71,40,67,59,70,12,10,93,78,35,58,41,3,45,87,89,54,29,49,37,35,28,93,72,43,18,40,25,2
2025-04-22 16:24:02.91,s,1,21,40,39,39,91,90,17,-20,28,45,94,48,94,85,23,20,63,95,63,41,70,62,70,11,8,91,75,30,64,41,3,48,87,89,54,27,49,35,35,26,99,70,39,18,35,19,2
2025-04-22 16:24:02.92,s,3,22,43,42,50,109,112,30,17,41,60,112,63,127,118,29,29,77,112,81,80,94,81,83,13,9,109,93,47,83,55,1,54,100,109,70,41,62,42,39,33,111,87,56,24,44,23,2
2025-04-22 16:24:02.93,s,5,41,55,60,64,127,127,35,1,50,76,139,80,144,134,33,33,93,124,105,88,114,102,92,17,12,125,122,71,114,68,3,59,113,127,87,58,86,54,41,37,122,98,74,38,57,28,4
2025-04-22 16:24:02.94,s,1,35,52,72,72,129,128,26,-13,59,92,151,100,169,151,41,34,99,139,122,115,141,130,107,16,11,138,141,101,148,102,4,57,119,133,100,82,99,92,58,35,125,103,82,48,76,50,0
2025-04-22 16:24:02.95,s,7,62,84,89,100,137,134,39,55,93,124,183,122,178,148,44,45,128,161,144,148,149,136,102,21,16,156,160,124,155,112,3,67,131,145,105,97,106,96,58,38,131,111,88,59,80,55,2
2025-04-22 16:24:02.97,s,6,68,87,91,109,136,127,32,12,107,126,188,127,177,141,39,48,127,162,144,150,151,132,97,19,16,155,163,130,155,111,3,66,127,145,104,100,107,93,58,37,127,114,90,57,83,53,2
2025-04-22 16:24:02.98,s,3,58,75,85,111,128,113,21,-6,92,115,185,123,174,130,36,40,117,157,140,147,148,117,88,17,13,149,161,126,152,99,2,64,123,140,105,95,108,85,51,37,128,107,91,55,81,49,2
2025-04-22 16:24:02.99,s,5,50,72,88,110,130,112,33,39,70,101,177,128,164,117,25,35,99,142,137,147,139,99,72,13,14,136,151,117,134,77,4,56,115,131,102,83,101,65,34,34,121,103,86,47,75,37,2
2025-04-22 16:24:03.00,s,4,42,58,80,108,122,110,29,-7,37,75,161,119,153,111,19,30,76,123,129,131,126,85,72,10,12,121,140,102,118,68,1,56,104,124,94,74,93,51,25,35,117,98,75,41,66,27,0
2025-04-22 16:24:03.02,s,1,32,42,75,103,117,106,22,-34,32,65,160,118,154,109,20,24,70,119,127,134,128,83,69,10,11,117,143,106,123,64,3,54,105,125,91,78,94,49,28,32,117,99,79,43,68,26,1
2025-04-22 16:24:03.03,s,3,33,51,78,118,123,108,26,23,38,76,175,131,170,114,18,29,72,130,136,152,144,91,71,6,10,127,149,125,137,73,2,55,109,127,95,91,101,56,27,33,123,99,88,54,72,34,1
2025-04-22 16:24:03.04,s,17,61,74,104,141,146,123,40,7,52,90,190,148,179,127,21,30,82,136,144,173,151,102,71,8,13,133,158,138,147,83,4,57,110,132,99,100,104,68,30,35,124,100,90,57,76,38,3
2025-04-22 16:24:03.05,s,3,35,58,84,133,129,113,19,-29,49,93,190,148,178,127,20,29,81,138,143,171,153,105,72,7,10,134,160,142,151,83,3,56,111,131,98,106,106,67,30,33,127,101,88,59,80,37,0
2025-04-22 16:24:03.06,s,0,27,45,82,124,129,107,23,3,50,88,194,146,180,125,19,25,79,135,145,177,152,104,68,9,12,132,160,143,148,83,1,56,109,130,98,102,109,62,27,32,122,101,90,58,81,37,2
2025-04-22 16:24:03.07,s,8,52,68,102,143,138,123,39,18,53,92,197,151,183,126,19,27,73,137,143,179,151,100,72,6,10,130,159,143,147,80,3,55,105,130,97,104,108,61,27,33,122,98,89,60,76,37,0
2025-04-22 16:24:03.08,s,2,40,53,89,132,128,113,25,-31,39,82,189,143,176,119,16,23,61,127,142,167,145,97,70,4,10,122,158,137,140,78,1,50,103,125,94,97,104,54,23,29,120,100,86,56,76,32,0
2025-04-22 16:24:03.09,s,1,18,39,75,117,123,100,21,-13,30,63,179,137,164,117,15,18,42,109,138,157,140,83,68,4,10,111,149,124,130,62,2,50,94,116,92,85,98,44,19,27,116,88,82,49,67,22,0
2025-04-22 16:24:03.10,s,9,43,51,92,126,134,113,42,23,34,55,177,137,163,115,16,21,37,103,133,157,134,73,64,2,9,103,141,118,121,55,1,50,90,111,88,80,92,36,15,28,113,85,76,47,63,16,2
2025-04-22 16:24:03.11,s,3,29,45,83,125,127,111,29,-34,30,53,177,135,163,118,13,16,38,99,136,153,135,78,67,1,10,105,143,122,122,59,1,53,90,112,90,81,94,37,15,29,112,87,80,44,66,21,1
2025-04-22 16:24:03.12,s,3,28,42,84,126,128,108,26,-18,34,61,180,141,170,124,13,16,41,110,139,163,142,88,67,2,9,111,151,131,134,65,3,49,93,117,91,92,98,46,18,27,116,87,84,49,73,26,0
2025-04-22 16:24:03.14,s,4,37,51,92,135,134,119,35,33,42,78,194,149,178,131,16,24,51,122,144,175,152,96,69,4,9,115,158,135,139,75,1,53,94,121,93,97,105,52,19,31,115,90,87,52,76,28,2
2025-04-22 16:24:03.15,s,4,44,56,95,135,135,116,29,-17,43,77,195,144,180,131,18,17,55,122,142,174,150,97,73,1,9,120,156,137,143,78,1,53,98,119,98,96,104,56,23,31,116,92,88,55,74,29,2
2025-04-22 16:24:03.16,s,2,30,50,83,130,126,115,23,-19,38,80,189,145,177,135,20,20,49,125,140,172,152,100,75,1,8,120,155,137,142,77,3,48,97,123,95,97,104,55,22,31,115,96,86,53,76,30,0
2025-04-22 16:24:03.18,s,2,38,52,93,134,133,121,39,30,43,78,196,148,179,137,16,23,51,120,144,174,150,101,75,2,9,117,152,134,138,76,1,51,94,117,94,90,99,53,22,31,113,92,82,50,70,28,2
2025-04-22 16:24:03.19,s,3,37,49,90,128,133,114,29,-15,39,69,189,142,174,132,16,18,42,112,139,164,145,93,72,1,10,105,151,126,130,68,1,50,91,111,93,86,96,46,19,29,112,84,81,46,68,23,2
2025-04-22 16:24:03.20,s,2,24,41,80,121,127,107,22,-31,28,60,175,137,168,122,15,10,34,99,135,152,138,84,69,-1,9,96,144,117,123,61,2,47,85,104,89,76,93,38,18,26,107,83,71,43,59,16,1
2025-04-22 16:24:03.21,s,1,30,41,85,125,126,114,36,22,29,60,178,137,171,122,13,16,35,96,135,159,138,80,70,-3,9,92,142,116,119,60,1,43,86,101,87,77,91,37,16,27,105,76,71,41,60,14,2
2025-04-22 16:24:03.22,s,5,33,50,87,130,130,116,34,-9,33,63,183,139,172,122,15,15,34,103,136,158,141,84,74,1,6,101,144,123,126,62,1,49,87,104,91,83,92,41,18,29,107,82,76,44,64,20,0
2025-04-22 16:24:03.23,s,2,27,45,82,123,126,107,23,-34,33,68,185,136,172,120,15,13,39,111,137,159,145,85,71,-3,10,103,151,129,128,65,1,48,85,110,91,86,94,45,16,28,108,84,79,46,68,22,-1
2025-04-22 16:24:03.24,s,3,30,49,85,133,126,113,27,22,38,75,190,145,172,128,14,18,41,115,142,171,147,91,68,-3,10,109,152,134,131,70,1,49,89,114,92,90,99,45,20,26,112,86,81,51,68,26,2
2025-04-22 16:24:03.25,s,17,59,71,102,148,139,124,40,8,42,73,195,147,180,128,18,17,47,116,143,177,147,94,69,1,11,110,155,135,135,71,2,49,92,113,94,93,101,47,17,30,109,91,81,52,72,23,2
2025-04-22 16:24:03.26,s,3,32,49,85,133,126,114,23,-31,35,70,189,144,174,124,13,16,42,115,139,169,147,88,70,-3,9,110,152,137,135,66,1,48,89,114,92,91,100,46,17,27,111,87,83,50,72,23,-1
2025-04-22 16:24:03.27,s,1,16,36,76,126,122,105,24,-3,35,67,185,142,174,124,16,15,38,107,143,171,142,90,66,1,9,106,153,133,129,65,2,47,89,110,92,89,96,44,15,28,110,83,82,50,65,21,0
2025-04-22 16:24:03.28,s,6,40,56,96,138,134,115,36,14,33,68,188,148,174,122,13,17,39,105,143,172,144,86,71,-2,8,102,149,133,129,63,3,47,85,109,90,88,99,40,16,31,105,85,79,49,64,20,2
2025-04-22 16:24:03.29,s,3,29,45,84,133,125,113,24,-34,27,61,183,140,171,118,12,13,31,98,141,165,140,82,66,-1,9,98,151,130,124,61,2,45,83,104,92,89,94,37,16,24,105,82,74,48,65,17,-1
2025-04-22 16:24:03.31,s,1,11,32,74,122,115,103,19,-14,24,57,182,137,169,116,11,12,30,98,139,166,143,80,68,-4,7,96,147,133,126,59,3,42,83,105,89,86,96,39,16,26,100,82,76,47,65,17,-1
2025-04-22 16:24:03.32,s,10,51,60,99,146,136,119,42,23,38,67,193,149,176,120,14,15,36,103,144,179,142,83,68,-3,10,98,153,134,131,65,3,43,84,104,90,91,98,40,18,26,103,79,79,50,67,20,3
2025-04-22 16:24:03.33,s,3,29,45,86,133,125,112,23,-31,30,66,190,143,173,119,14,9,34,104,144,173,143,83,69,-3,8,102,151,137,134,61,2,45,84,106,93,94,98,42,15,27,104,81,81,51,70,23,-1
2025-04-22 16:24:03.34,s,2,27,43,86,132,121,112,22,-17,29,67,190,144,174,118,13,11,36,108,140,175,147,86,68,-4,9,104,155,140,132,67,1,44,85,109,93,96,99,47,16,23,107,83,81,54,70,22,0
2025-04-22 16:24:03.35,s,3,34,49,87,139,128,117,35,26,40,72,196,151,177,125,16,16,38,115,145,182,149,91,66,0,9,108,154,139,138,71,2,46,85,110,93,98,99,49,18,25,108,82,79,57,71,22,2
2025-04-22 16:24:03.36,s,4,43,53,97,136,133,115,27,-22,34,71,194,145,178,121,17,12,38,112,142,177,147,88,67,-4,10,104,157,140,136,70,3,45,85,110,93,99,98,46,17,27,105,85,82,52,73,24,0
2025-04-22 16:24:03.38,s,1,27,40,84,128,122,107,21,-30,29,68,189,144,172,114,13,13,35,108,143,176,145,84,66,-3,9,103,154,138,135,67,1,44,81,109,91,97,99,45,19,24,101,83,80,52,67,27,0
2025-04-22 16:24:03.39,s,4,32,50,91,136,129,107,31,25,37,70,193,149,169,114,13,17,38,108,142,181,143,80,63,-4,8,102,151,137,134,64,1,45,79,106,92,94,100,45,17,24,100,78,79,53,67,24,2
2025-04-22 16:24:03.40,s,4,35,49,86,136,122,105,26,-17,35,65,189,147,166,108,15,14,32,103,143,171,142,76,62,-2,9,100,151,134,130,59,2,41,78,104,89,94,96,45,16,24,97,77,78,50,69,23,-1
2025-04-22 16:24:03.41,s,2,27,40,85,127,120,96,17,-30,29,62,185,142,160,98,12,8,32,103,138,166,138,69,60,-5,8,99,146,133,126,53,2,39,77,102,89,92,94,43,16,23,93,75,76,49,69,23,0
2025-04-22 16:24:03.42,s,3,31,48,86,130,123,99,25,26,34,68,186,144,161,100,10,15,38,104,142,174,137,68,59,-5,8,100,146,132,128,56,2,39,79,100,91,90,97,43,18,20,94,75,74,48,68,22,1
2025-04-22 16:24:03.43,s,4,37,53,87,138,122,103,26,-8,37,68,188,144,158,100,15,15,37,108,138,168,138,70,61,-2,6,101,149,132,127,56,3,40,83,103,91,91,94,45,16,24,93,76,76,50,65,25,0
2025-04-22 16:24:03.45,s,2,26,44,81,127,117,96,14,-30,33,69,178,141,158,100,14,15,39,111,136,159,136,73,61,-1,8,107,144,129,122,62,1,45,81,105,91,86,96,46,19,20,96,78,73,48,66,23,-1
2025-04-22 16:24:03.46,s,2,37,51,82,128,119,98,21,26,41,75,184,136,159,103,17,22,49,117,138,155,133,82,69,2,9,111,144,117,123,65,1,46,84,108,91,80,94,46,25,23,99,81,70,47,63,23,2
2025-04-22 16:24:03.47,s,22,71,79,105,133,131,114,37,17,56,92,182,134,163,107,24,25,65,130,135,145,133,88,75,6,10,120,141,113,120,71,1,49,91,111,92,77,91,54,32,26,101,82,74,42,65,28,2
2025-04-22 16:24:03.48,s,2,54,68,91,106,113,102,20,-15,68,97,181,118,147,109,30,27,75,137,134,125,125,98,82,7,11,125,139,105,117,72,2,47,95,114,91,74,87,55,41,24,102,85,70,41,65,31,0
2025-04-22 16:24:03.49,s,3,49,65,80,85,89,90,17,34,92,111,183,100,129,98,29,38,106,147,137,118,109,91,76,14,11,137,145,92,110,69,1,50,104,123,97,71,82,59,44,28,111,91,76,42,59,33,2
2025-04-22 16:24:03.51,s,10,80,99,97,92,96,104,30,56,112,129,188,97,122,108,34,46,115,156,143,115,112,96,85,16,13,140,149,92,110,77,2,53,106,126,101,74,87,65,50,27,111,92,73,43,64,35,2
2025-04-22 16:24:03.52,s,4,70,86,91,71,89,96,18,11,117,127,187,86,114,99,36,41,120,155,137,103,107,98,84,17,13,139,145,89,105,78,2,54,103,125,97,68,85,67,51,28,109,91,75,41,62,36,2
2025-04-22 16:24:03.53,s,4,59,78,84,58,77,92,16,35,110,126,185,75,111,102,34,45,120,152,139,96,101,96,86,17,12,141,143,80,99,76,1,53,102,126,98,63,84,67,50,27,110,90,73,39,58,37,2
2025-04-22 16:24:03.54,s,11,83,96,102,62,95,104,34,67,115,125,188,72,109,113,37,48,117,150,137,91,98,96,87,18,12,136,134,67,96,71,3,50,100,121,93,57,77,63,48,28,104,88,67,32,58,34,3
2025-04-22 16:24:03.55,s,4,64,82,86,52,85,102,17,12,97,115,182,61,108,104,35,42,109,148,131,76,92,97,84,19,12,130,130,62,90,71,2,49,101,117,87,56,70,60,47,27,106,87,63,28,56,32,0
2025-04-22 16:24:03.56,s,3,58,75,85,46,87,99,18,24,93,110,180,62,110,107,36,39,107,147,127,72,94,94,89,17,10,132,127,61,90,70,1,51,98,116,88,53,68,60,47,29,102,90,64,30,53,31,2
2025-04-22 16:24:03.57,s,5,57,77,84,52,86,107,27,66,89,113,179,69,108,112,35,42,110,147,127,83,92,93,88,17,12,133,126,64,88,68,1,50,98,118,87,58,71,58,50,28,105,92,67,32,56,34,2
2025-04-22 16:24:03.58,s,7,62,84,87,52,85,102,22,21,86,111,174,66,102,102,34,40,106,147,128,75,90,93,88,17,12,133,127,61,88,68,4,49,99,117,90,56,68,61,48,27,105,89,71,33,52,34,0
2025-04-22 16:24:03.59,s,5,46,66,78,37,75,91,15,10,74,102,170,57,95,97,33,33,101,140,122,70,82,86,83,14,12,125,125,58,76,65,0,46,94,114,85,51,66,56,44,28,99,87,67,32,49,30,0
2025-04-22 16:24:03.60,s,4,45,68,81,40,75,94,26,59,65,95,165,60,87,104,32,36,90,135,118,68,69,81,78,17,11,120,114,47,63,57,2,42,89,111,78,44,58,48,42,25,98,82,63,28,41,29,3
2025-04-22 16:24:03.62,s,2,36,56,72,33,64,89,19,9,34,75,148,48,73,84,25,25,75,116,103,43,49,66,70,12,11,103,98,29,41,41,2,38,79,97,66,29,35,35,35,24,90,75,52,19,29,18,2
2025-04-22 16:24:03.63,s,2,16,40,57,24,50,79,12,-19,19,53,129,39,60,73,25,17,64,105,88,31,36,51,68,9,8,98,83,21,28,31,0,35,72,89,62,21,26,27,33,21,85,74,48,16,25,15,0
2025-04-22 16:24:03.64,s,1,14,32,50,21,42,71,24,13,18,43,114,36,50,69,21,18,54,95,81,32,31,45,63,6,8,87,78,19,24,30,1,30,66,80,59,23,27,29,32,20,73,65,48,18,24,14,3
2025-04-22 16:24:03.65,s,3,12,25,39,15,35,55,14,-7,6,31,79,29,31,48,15,13,37,71,58,25,20,35,50,6,6,64,58,13,20,21,0,28,53,64,49,24,20,23,27,18,65,53,42,19,26,15,1
2025-04-22 16:24:03.66,s,0,4,14,20,7,24,41,0,-29,4,18,55,21,20,28,10,6,27,55,44,14,20,27,40,5,4,52,45,11,16,10,-1,24,45,55,46,21,18,15,18,18,61,46,43,18,22,11,0
2025-04-22 16:24:03.67,s,-2,3,4,14,2,19,32,5,-14,-4,12,30,17,14,19,2,0,17,36,32,12,16,19,32,1,2,37,39,9,15,5,-2,18,39,50,46,23,17,8,9,16,53,43,46,17,25,4,1
2025-04-22 16:24:03.68,s,12,24,20,19,15,25,32,13,-3,1,9,20,15,10,17,-1,2,8,24,27,16,13,14,21,1,2,23,36,8,11,6,0,15,33,48,46,27,12,3,2,11,49,43,42,23,20,3,3
2025-04-22 16:24:03.70,s,1,6,4,2,2,12,14,-6,-26,2,3,3,12,-3,3,-7,-2,0,10,19,4,5,5,11,-2,1,12,34,7,4,-4,0,13,28,47,47,22,8,-2,-2,9,37,40,47,18,16,2,0
2025-04-22 16:24:03.71,s,0,-5,-5,-7,-10,1,-1,-15,-24,-5,1,-3,6,-7,-6,-6,-3,3,11,11,3,-4,0,-2,1,1,14,33,5,2,-6,-2,14,26,44,49,25,6,-4,-6,5,33,38,43,20,12,-2,0
2025-04-22 16:24:03.72,s,2,3,4,0,-1,5,-5,-2,-5,-5,3,-4,9,-15,-8,-10,4,10,12,14,6,-8,-5,-9,3,3,18,32,2,-1,-7,0,12,24,41,46,21,5,-4,-7,9,28,33,42,18,13,-1,3
2025-04-22 16:24:03.73,s,1,2,1,-1,-8,2,-12,-9,-25,-6,-3,-5,3,-19,-19,-10,0,7,12,11,-5,-13,-7,-14,-2,3,16,31,3,-9,-10,0,12,24,36,44,20,1,-7,-13,7,27,26,37,18,6,0,2
2025-04-22 16:24:03.74,open,0,-4,-8,-8,-8,-7,-16,-19,-26,-13,-1,-9,0,-22,-21,-11,-4,9,9,10,-9,-14,-11,-17,-3,2,15,27,4,-12,-11,0,8,20,28,37,14,2,-9,-11,7,23,19,34,17,8,-2,2
2025-04-22 16:24:03.76,open,2,5,-1,4,-7,3,-10,6,-8,-4,0,-3,5,-22,-15,-14,3,10,15,18,5,-10,-11,-19,2,2,19,29,5,-13,-7,-1,10,17,30,40,17,1,-11,-14,5,27,19,36,15,9,1,1
2025-04-22 16:24:03.77,open,2,1,1,-1,-5,1,-12,-10,-22,-6,-2,-3,3,-20,-17,-11,1,11,20,18,-3,-11,-11,-15,2,3,24,34,7,-10,-8,0,11,23,32,46,20,0,-7,-13,8,27,22,39,17,11,0,0
2025-04-22 16:24:03.78,open,1,5,-1,1,-8,2,-15,-9,-26,-10,3,-4,2,-24,-15,-10,1,14,21,20,-4,-11,-11,-18,0,4,27,37,10,-8,-13,0,11,23,36,45,22,1,-5,-12,9,26,27,37,18,10,0,2
2025-04-22 16:24:03.79,open,0,0,-3,-3,-8,-1,-10,-1,-7,-7,5,-3,8,-18,-13,-11,3,18,24,23,8,-11,-7,-17,2,3,28,37,11,-9,-4,0,12,24,32,47,21,1,-5,-10,8,28,25,37,16,12,-2,2
2025-04-22 16:24:03.80,open,1,9,2,1,-3,0,-9,-6,-18,-4,3,0,5,-21,-12,-9,4,15,26,20,2,-5,-11,-17,3,2,27,35,9,-9,-8,-3,11,20,32,44,19,5,-6,-14,9,26,22,38,17,8,0,2
2025-04-22 16:24:03.81,open,0,4,-5,1,-9,3,-15,-15,-25,-8,1,-3,4,-21,-16,-9,0,16,23,17,-4,-9,-10,-18,2,3,26,33,5,-7,-11,-2,12,20,26,43,20,0,-10,-14,5,26,18,36,15,9,0,0
2025-04-22 16:24:03.83,open,1,0,-6,1,-10,1,-14,-1,-14,-3,1,0,4,-18,-11,-10,4,15,24,20,4,-8,-12,-18,3,2,23,32,7,-10,-6,-2,11,20,24,39,18,1,-9,-14,4,26,20,32,13,8,-1,2
2025-04-22 16:24:03.84,open,0,8,-1,3,-8,5,-14,-6,-19,-3,1,2,3,-17,-15,-13,1,15,21,18,-1,-8,-11,-15,0,0,21,32,7,-10,-11,0,10,20,25,38,14,3,-9,-16,9,24,20,34,14,9,0,2
2025-04-22 16:24:03.85,open,0,3,-5,0,-9,1,-16,-14,-29,-5,-1,-3,5,-23,-14,-12,4,11,19,20,-7,-10,-10,-19,3,3,20,31,7,-10,-9,0,9,22,23,41,17,2,-8,-16,8,24,22,34,16,6,0,2
2025-04-22 16:24:03.86,open,-1,-2,-4,-5,-7,-2,-13,-5,-13,-7,-1,-2,2,-19,-13,-11,2,14,21,19,3,-8,-10,-16,2,0,23,30,9,-8,-9,-1,9,23,26,38,18,1,-9,-15,7,26,18,36,14,9,0,2
2025-04-22 16:24:03.87,open,2,3,-1,4,-8,5,-13,-3,-17,-2,3,2,6,-20,-10,-12,5,15,21,23,1,-8,-8,-17,3,3,23,34,10,-8,-7,-2,11,22,29,43,18,7,-7,-10,10,27,21,36,18,8,-1,1
2025-04-22 16:24:03.88,open,2,5,1,-1,-5,1,-11,-14,-25,-7,4,-1,5,-21,-11,-12,3,13,21,22,-4,-7,-11,-15,1,3,24,36,7,-8,-8,-2,11,24,26,43,20,5,-5,-12,9,27,20,36,15,12,2,2
2025-04-22 16:24:03.89,open,1,1,-1,-2,-10,0,-15,-5,-19,-4,-1,0,4,-21,-14,-11,0,14,21,18,-1,-7,-11,-14,0,2,24,31,10,-8,-6,-2,11,20,26,42,18,2,-5,-9,6,27,22,32,14,11,0,1
2025-04-22 16:24:03.90,open,12,25,13,15,4,9,-2,5,-6,-2,8,1,5,-15,-10,-9,2,17,21,20,4,-5,-8,-12,2,2,21,31,5,-6,-3,-2,9,21,24,39,17,1,-4,-10,5,26,19,31,16,10,-1,4
2025-04-22 16:24:03.92,open,2,8,3,5,-5,5,-13,-9,-24,-3,1,1,4,-20,-11,-11,1,11,16,17,-7,-6,-9,-13,0,1,19,24,8,-10,-7,-1,9,20,21,37,14,5,-5,-11,4,25,15,28,17,7,4,0
2025-04-22 16:24:03.93,open,0,-9,-12,-6,-14,-2,-22,-16,-26,-8,-3,-3,0,-19,-15,-9,-1,7,13,12,-11,-6,-11,-17,0,1,14,24,2,-10,-10,1,7,18,19,31,12,1,-9,-13,3,24,12,27,14,4,0,0
2025-04-22 16:24:03.94,open,1,3,0,3,-6,1,-10,1,-7,-7,4,-2,1,-19,-9,-10,-1,8,12,14,-1,-7,-8,-19,0,2,13,17,2,-10,-8,0,7,14,15,31,11,-2,-7,-15,5,17,12,25,9,6,1,2
2025-04-22 16:24:03.95,open,1,1,0,-2,-6,0,-14,-13,-22,-7,0,-3,1,-19,-12,-11,-2,6,12,10,-11,-10,-10,-18,-1,1,7,19,1,-13,-7,-2,6,15,15,29,10,-3,-9,-17,4,19,9,26,12,3,0,0
2025-04-22 16:24:03.96,open,-3,-4,-11,-4,-15,-1,-20,-16,-31,-7,-3,-4,-1,-20,-16,-12,-4,8,12,7,-13,-7,-12,-16,0,2,11,17,-1,-8,-11,0,5,17,17,28,8,2,-10,-15,1,23,10,26,11,3,0,1
2025-04-22 16:24:03.97,open,2,9,4,7,-6,8,-10,7,-7,-2,3,-2,7,-19,-6,-12,3,9,16,16,2,-7,-8,-17,-1,2,12,21,3,-10,-4,0,9,15,19,31,9,2,-9,-15,5,21,14,30,12,3,3,2
2025-04-22 16:24:03.98,open,3,4,3,3,-4,3,-13,-10,-19,-5,1,-2,6,-19,-10,-11,1,8,16,15,-8,-4,-8,-17,1,3,15,20,5,-8,-8,0,9,18,19,29,13,-1,-9,-13,3,25,14,27,14,4,-2,2
2025-04-22 16:24:03.99,open,-2,6,1,0,-4,2,-12,-11,-26,-7,1,-2,1,-18,-14,-10,-4,10,16,9,-8,-8,-9,-18,-2,3,14,24,3,-6,-8,-3,9,17,21,31,12,1,-7,-13,5,22,14,30,13,6,3,1
2025-04-22 16:24:04.00,open,0,-2,-2,-2,-6,1,-10,2,-8,-6,3,-2,6,-20,-6,-11,1,12,18,12,1,-5,-10,-14,-3,3,14,24,4,-6,-4,-2,10,19,18,35,12,2,-5,-13,7,23,12,31,12,8,0,2
2025-04-22 16:24:04.02,open,0,11,1,7,-5,8,-12,-6,-18,-6,5,-2,6,-20,-9,-11,1,11,15,16,-4,-8,-7,-16,1,2,16,21,4,-6,-7,-2,10,18,18,34,12,1,-5,-12,6,21,16,29,12,9,2,2
2025-04-22 16:24:04.03,open,1,1,-5,1,-9,0,-12,-17,-27,-6,1,-2,1,-18,-14,-11,-1,10,12,14,-9,-8,-8,-17,1,1,16,22,3,-8,-10,0,8,15,21,30,12,1,-7,-12,3,24,13,29,13,6,2,0
2025-04-22 16:24:04.04,open,-4,0,-6,0,-11,3,-14,-3,-13,-6,3,-3,6,-18,-7,-9,1,8,16,14,-3,-6,-7,-16,1,2,15,21,4,-7,-5,-1,7,15,20,31,11,2,-5,-9,2,25,13,28,12,6,1,3
2025-04-22 16:24:04.05,open,-1,4,-3,3,-9,7,-13,-6,-16,-3,1,3,5,-19,-7,-10,2,8,18,14,-3,-7,-6,-14,2,1,17,24,5,-7,-5,0,7,17,21,31,13,2,-4,-11,5,23,15,30,16,8,2,3
2025-04-22 16:24:04.06,open,1,0,-1,-1,-6,1,-12,-13,-26,-4,3,-3,6,-19,-10,-11,-1,7,15,14,-10,-4,-8,-13,-1,0,16,21,7,-8,-6,0,6,19,21,30,14,1,-3,-10,9,23,14,27,14,8,1,1
2025-04-22 16:24:04.07,open,2,-2,-1,-1,-7,2,-9,-3,-11,-7,4,-2,6,-16,-9,-7,-1,11,17,14,0,-5,-10,-14,1,1,19,24,4,-4,-6,0,7,21,23,34,14,4,-7,-10,3,26,16,28,14,11,1,0
2025-04-22 16:24:04.08,open,1,4,-2,6,-7,8,-10,-2,-15,0,4,-1,8,-17,-6,-10,2,13,19,16,-2,-3,-8,-11,1,1,20,25,9,-4,-4,-3,11,18,24,36,16,7,-4,-7,5,27,19,32,18,10,2,2
2025-04-22 16:24:04.09,open,-1,6,1,1,-4,3,-10,-14,-24,-5,4,1,5,-17,-13,-7,-1,12,20,17,-7,-3,-7,-10,0,0,20,29,6,-4,-7,0,8,22,25,39,18,3,-1,-9,7,27,20,31,17,10,3,1
2025-04-22 16:24:04.11,open,1,2,0,0,-6,1,-9,-6,-16,-6,1,-2,5,-17,-9,-10,1,11,18,15,-2,-6,-4,-15,0,3,20,26,9,-6,-4,0,12,19,27,41,17,5,-1,-10,9,25,22,34,15,14,3,2
2025-04-22 16:24:04.12,open,11,24,17,12,5,13,-2,9,-6,-1,8,2,9,-16,-5,-9,4,13,20,20,6,-3,-4,-12,-1,2,20,27,10,-3,-1,1,8,22,26,36,18,5,-1,-8,9,26,19,36,16,11,2,3
2025-04-22 16:24:04.13,open,-2,7,2,6,-7,8,-10,-9,-22,-2,2,3,4,-15,-10,-8,1,9,20,18,-6,0,-5,-12,3,3,16,29,7,-4,-6,-3,11,20,25,35,18,6,-3,-7,5,27,21,31,15,14,4,2
2025-04-22 16:24:04.14,open,-1,-8,-8,-6,-10,-1,-15,-16,-22,-7,1,-2,4,-19,-8,-7,0,8,18,15,-7,-6,-6,-14,2,2,16,27,7,-4,-5,-3,9,18,23,37,14,8,-2,-7,5,25,19,30,18,12,3,0
2025-04-22 16:24:04.16,open,1,8,0,6,-6,6,-6,6,-5,-4,6,1,8,-15,-8,-9,4,11,18,19,4,-2,-7,-13,2,2,16,27,5,-1,-2,0,7,18,26,35,17,6,-2,-4,5,25,21,34,15,14,4,2
2025-04-22 16:24:04.17,open,1,1,0,0,-5,5,-10,-9,-19,-3,1,3,3,-15,-11,-9,1,9,18,17,-6,-1,-5,-14,2,3,17,26,6,-5,-5,-2,9,21,23,38,17,5,-4,-6,4,27,18,29,18,12,3,0
2025-04-22 16:24:04.18,open,0,-4,-4,-5,-8,0,-13,-14,-23,-7,2,-2,0,-17,-11,-6,-3,8,17,11,-7,-3,-6,-12,1,1,19,25,4,-2,-7,0,8,18,26,34,14,8,-4,-6,4,24,20,31,15,13,4,0
2025-04-22 16:24:04.19,open,2,10,4,6,-3,7,-5,6,-1,-2,4,4,7,-14,-6,-7,0,11,19,17,3,0,-6,-11,0,0,20,23,7,-5,0,0,7,19,25,36,14,8,-1,-9,8,25,19,33,15,13,3,2
2025-04-22 16:24:04.20,open,2,3,2,4,-4,8,-10,-7,-21,-6,5,-2,7,-16,-11,-8,-2,10,17,15,-2,-3,-7,-12,0,2,15,27,7,-5,-2,-2,10,21,24,39,17,7,0,-5,9,25,20,33,16,15,4,0
2025-04-22 16:24:04.21,open,1,6,4,2,-2,5,-7,-9,-24,-6,4,-1,6,-17,-7,-6,-3,9,18,12,-9,-2,-5,-13,1,4,18,25,9,-4,-3,1,9,18,29,37,19,6,0,-8,8,29,21,32,19,12,4,1
2025-04-22 16:24:04.22,open,0,2,-5,3,-8,7,-10,2,-7,-3,3,2,7,-16,-3,-6,1,8,17,16,0,-2,-4,-11,1,2,16,26,6,-4,0,-2,11,22,26,37,18,6,-1,-9,8,27,19,32,18,15,4,1
2025-04-22 16:24:04.24,s,2,13,3,8,-4,9,-5,-1,-17,-1,5,3,6,-13,-6,-7,-3,10,15,14,0,-2,-5,-12,-2,2,14,26,7,-3,-1,-2,10,21,25,35,18,8,-3,-6,3,27,19,35,16,14,6,2
2025-04-22 16:24:04.25,s,-1,5,-4,3,-9,7,-11,-12,-30,-3,2,-3,6,-16,-9,-8,-1,5,12,10,-7,-2,-7,-11,-4,1,15,21,7,-1,-5,0,7,18,26,33,17,6,-3,-7,4,27,18,31,18,11,4,1
2025-04-22 16:24:04.26,s,-1,0,-3,2,-7,4,-6,3,-14,-4,5,-1,8,-13,-5,-6,-2,6,15,14,0,2,-6,-10,-2,1,16,21,9,-1,-2,1,9,19,28,35,16,10,-1,-4,4,25,22,34,15,13,6,1
2025-04-22 16:24:04.27,s,1,5,4,3,-1,7,-2,0,-17,0,5,4,5,-9,-3,-6,-3,8,17,11,1,1,-2,-10,0,1,16,22,8,2,-2,0,12,22,26,38,17,10,3,-5,8,28,20,36,16,17,5,2
2025-04-22 16:24:04.29,s,0,8,2,5,-4,8,0,-8,-27,-3,6,2,8,-9,-5,-4,-6,2,13,11,-7,2,-3,-6,-2,2,14,20,5,4,-1,-3,14,27,30,38,17,9,5,-2,9,30,27,34,17,15,4,0
2025-04-22 16:24:04.30,s,-1,2,2,2,-2,10,3,4,-11,-3,7,3,10,-7,4,-1,-3,3,14,14,1,3,4,-3,0,3,14,24,7,7,8,-2,16,29,34,39,20,13,5,-1,11,34,31,36,17,19,8,1
2025-04-22 16:24:04.31,s,2,4,1,8,-3,14,9,0,-11,0,8,6,10,1,4,-1,-5,1,11,16,1,10,4,3,-4,1,15,23,7,12,10,-2,17,29,38,42,21,16,13,7,11,37,32,39,19,23,9,2
2025-04-22 16:24:04.32,s,2,6,7,6,1,16,10,-3,-23,-1,9,6,13,1,5,1,-8,5,15,12,2,10,8,6,-5,3,13,23,11,11,11,-3,18,29,42,41,22,22,14,12,10,45,36,38,22,31,15,2
2025-04-22 16:24:04.33,s,1,3,3,5,-2,17,10,3,-17,2,5,11,11,3,10,5,-6,2,19,19,1,12,11,14,-3,2,16,26,6,16,12,-2,18,31,40,44,21,23,16,16,14,47,36,42,19,30,17,2
2025-04-22 16:24:04.34,s,12,24,20,20,9,27,23,14,-5,4,12,15,16,10,13,6,-6,9,25,23,11,16,16,19,-2,1,17,27,6,16,19,0,16,32,39,44,22,21,17,20,10,49,36,41,19,29,19,2
2025-04-22 16:24:04.35,s,0,9,4,10,1,22,22,-1,-19,2,12,17,12,9,13,5,-2,9,28,23,0,17,18,27,-3,0,22,22,3,17,16,0,17,30,37,34,14,22,20,25,11,48,34,32,18,29,19,1
2025-04-22 16:24:04.36,s,1,3,3,6,-1,18,24,-5,-21,0,11,15,10,12,18,8,-4,16,28,19,4,17,21,28,0,2,26,20,3,19,17,0,18,32,32,27,16,22,23,25,10,48,28,27,15,32,20,0
2025-04-22 16:24:04.37,s,2,11,12,12,5,26,33,7,2,8,19,25,17,18,27,9,5,25,34,30,16,25,29,36,3,4,29,21,9,23,24,1,19,36,32,23,16,27,25,28,16,44,26,25,14,35,24,3
2025-04-22 16:24:04.39,s,1,13,9,14,2,27,31,-1,-16,10,16,25,16,20,26,15,7,26,39,24,11,28,28,41,4,4,34,26,7,29,24,0,22,35,30,23,16,27,33,31,16,47,23,24,14,36,26,2
2025-04-22 16:24:04.40,s,0,3,4,8,-1,27,33,-1,-23,11,15,22,16,25,27,16,10,33,40,25,14,32,35,44,5,5,37,24,13,34,25,2,24,43,29,21,19,33,33,33,15,51,20,19,17,35,27,1
2025-04-22 16:24:04.41,s,1,18,17,17,9,39,44,21,7,19,20,26,24,36,38,18,16,41,44,30,30,41,35,50,7,3,35,27,14,38,35,0,31,43,26,19,18,35,36,33,21,52,20,18,15,40,27,4
2025-04-22 16:24:04.42,s,2,14,18,11,9,36,47,7,-14,17,21,21,22,40,38,20,16,46,43,28,27,48,41,51,12,2,42,31,17,48,35,0,35,52,29,22,21,44,41,41,24,58,21,19,17,42,31,1
2025-04-22 16:24:04.43,s,1,18,16,12,7,41,47,5,-16,19,22,17,25,44,42,23,20,48,44,30,25,54,43,56,13,4,40,35,25,51,36,1,37,57,28,22,27,54,46,43,21,64,18,18,18,43,32,1
2025-04-22 16:24:04.44,s,1,18,15,14,13,48,52,21,17,32,23,23,31,58,50,23,26,63,44,40,48,61,49,60,13,4,43,40,32,60,45,2,40,67,31,26,35,67,51,48,25,72,19,22,24,47,35,2
2025-04-22 16:24:04.45,s,5,37,30,21,25,57,62,17,-1,41,27,26,36,64,53,26,32,70,47,40,47,68,54,64,16,3,50,41,37,73,47,1,46,70,34,28,38,72,62,48,28,77,15,21,24,52,40,2
2025-04-22 16:24:04.46,s,2,26,22,11,20,53,57,8,-14,42,25,26,37,65,53,30,34,74,52,40,48,73,54,66,18,4,55,48,44,84,48,2,47,79,40,33,44,73,68,50,28,80,19,26,27,58,41,-1
2025-04-22 16:24:04.48,s,4,32,27,15,30,58,68,22,45,47,31,30,46,78,66,31,39,80,51,50,69,81,66,69,20,6,52,52,57,98,61,2,49,78,37,36,52,82,72,52,29,82,13,27,31,62,41,2
2025-04-22 16:24:04.49,s,3,43,31,17,39,73,75,19,19,54,36,27,53,95,69,35,39,86,56,44,77,101,75,71,22,5,55,51,66,111,71,3,49,78,39,36,58,88,79,58,28,80,15,28,31,67,47,0
2025-04-22 16:24:04.50,s,2,45,32,12,38,73,68,8,7,65,35,31,53,102,66,31,44,90,60,50,77,106,78,71,21,4,58,55,77,116,75,4,53,85,40,43,62,89,83,55,30,85,12,35,34,70,50,0
2025-04-22 16:24:04.51,s,4,51,37,16,44,75,74,19,64,85,49,37,62,110,71,34,51,104,65,57,96,113,85,71,23,5,63,62,81,127,84,3,57,87,42,48,64,96,87,55,32,91,12,36,38,70,53,2
2025-04-22 16:24:04.52,s,6,62,42,26,60,86,81,19,45,96,54,45,77,123,73,35,54,109,65,69,108,124,91,72,25,5,67,79,97,139,91,3,62,94,48,61,76,97,93,60,35,100,20,48,42,75,57,0
2025-04-22 16:24:04.54,s,4,59,36,25,65,87,76,9,20,99,48,57,86,132,74,36,54,110,68,78,118,129,91,68,26,6,66,91,108,144,93,4,61,93,55,65,81,102,94,58,34,106,19,53,45,74,59,0
2025-04-22 16:24:04.55,s,6,58,40,30,80,91,71,14,69,103,53,67,95,135,70,29,56,113,73,84,128,132,84,64,27,6,72,97,111,144,88,3,62,95,60,70,84,104,90,58,34,98,24,55,46,78,54,1
2025-04-22 16:24:04.56,s,19,82,52,55,104,110,86,26,56,103,52,92,114,147,73,28,57,112,70,104,145,136,84,61,27,8,72,111,121,146,86,4,62,95,61,76,88,106,88,56,32,99,27,62,49,80,54,3
2025-04-22 16:24:04.57,s,3,57,32,40,104,98,79,12,17,92,46,108,120,145,70,26,53,104,68,111,145,136,83,60,20,9,70,121,127,144,91,2,61,90,62,79,91,105,88,52,33,96,24,67,51,78,55,1
2025-04-22 16:24:04.58,s,1,40,18,40,105,97,72,9,42,84,36,124,128,150,78,24,52,97,64,123,154,138,84,59,21,6,70,133,131,150,92,2,57,87,63,82,98,105,92,56,28,92,29,68,53,78,55,0
2025-04-22 16:24:04.59,s,8,66,40,66,130,118,89,25,61,85,37,142,141,158,85,29,50,95,68,127,166,145,86,60,21,6,68,139,135,148,92,3,56,90,62,84,100,107,93,55,28,90,28,68,56,78,58,2
2025-04-22 16:24:04.60,s,3,56,29,69,126,121,90,15,11,79,33,154,140,170,98,29,44,93,66,135,166,147,97,64,17,8,73,144,143,154,99,4,53,90,65,86,104,107,97,56,28,89,29,74,58,82,61,-1
2025-04-22 16:24:04.61,s,3,45,25,66,132,118,97,14,30,78,30,163,144,172,114,28,45,87,66,142,173,150,112,72,16,9,75,149,147,158,105,2,55,87,68,92,106,106,103,55,29,89,36,76,57,80,63,2
2025-04-22 16:24:04.62,s,12,68,42,88,146,134,118,38,66,82,39,177,153,187,123,32,47,88,73,141,186,156,120,78,14,6,76,154,146,162,112,3,55,87,69,91,106,110,105,56,28,90,34,80,57,81,64,2
2025-04-22 16:24:04.63,s,3,58,32,80,135,132,108,22,10,79,37,169,151,180,124,28,44,85,67,139,177,155,119,79,14,4,74,151,148,158,110,3,51,85,66,90,105,109,99,57,25,87,33,75,57,80,61,0
2025-04-22 16:24:04.64,s,4,45,28,68,132,125,103,20,23,75,26,167,142,177,120,30,39,74,61,138,172,152,115,75,12,5,63,150,142,157,103,2,51,77,54,86,105,106,89,52,21,80,24,73,59,80,54,-1
2025-04-22 16:24:04.65,s,4,50,32,72,136,127,113,32,66,75,32,169,148,182,118,25,39,75,56,138,179,153,110,72,13,5,58,148,141,151,100,2,49,76,45,89,102,107,87,47,23,76,18,73,59,77,52,1
2025-04-22 16:24:04.67,s,6,58,35,75,136,127,111,26,16,71,28,164,147,177,115,25,34,72,52,134,173,150,105,72,11,6,53,142,140,150,92,3,46,74,42,84,100,105,84,43,23,72,17,68,56,78,48,2
2025-04-22 16:24:04.68,s,5,42,18,67,124,120,102,18,9,64,21,157,137,172,111,22,36,65,49,136,165,149,101,72,10,6,50,139,138,146,89,2,45,74,42,81,99,106,76,43,20,72,18,66,55,76,44,-1
2025-04-22 16:24:04.69,s,5,50,27,74,130,127,108,32,62,68,25,161,147,175,121,22,40,66,49,137,173,154,103,74,10,5,50,142,132,147,90,1,50,70,45,82,94,109,76,43,23,71,17,67,52,78,42,0
2025-04-22 16:24:04.70,s,5,56,28,79,135,132,116,31,17,69,22,169,144,182,125,26,32,67,53,135,174,153,112,77,10,5,54,145,138,152,96,3,49,71,44,86,99,108,83,46,23,74,16,72,56,79,47,0
2025-04-22 16:24:04.71,s,2,43,21,70,126,126,112,22,4,60,21,169,142,182,131,28,30,64,55,137,171,155,118,79,9,4,54,147,141,152,102,3,46,73,45,87,102,108,84,49,18,74,20,68,57,78,46,0
2025-04-22 16:24:04.72,s,3,43,29,73,135,127,116,31,57,64,29,171,149,182,133,24,36,59,55,140,179,157,118,78,10,5,54,147,141,152,100,2,47,69,48,87,100,109,85,51,20,67,21,71,52,81,48,2
2025-04-22 16:24:04.73,s,5,54,34,76,138,130,121,31,23,60,30,172,149,183,130,24,31,58,56,140,175,157,116,80,7,3,59,145,140,155,98,3,46,70,52,84,102,107,86,47,21,71,20,70,55,78,45,2
2025-04-22 16:24:04.75,s,4,37,25,68,129,122,113,24,-9,56,25,165,143,175,129,23,29,54,55,138,169,153,112,76,8,4,55,143,135,151,92,1,45,66,45,86,94,108,81,43,19,64,18,68,52,78,43,-1
2025-04-22 16:24:04.76,s,3,41,23,68,128,122,106,25,42,49,25,166,140,177,121,22,26,51,53,136,171,150,103,74,5,5,48,142,133,142,85,2,43,62,44,81,92,108,71,43,16,62,19,64,50,77,40,2
2025-04-22 16:24:04.77,s,21,67,45,91,141,138,118,39,30,50,27,167,147,176,117,21,28,48,55,135,169,150,99,73,6,3,51,136,129,143,83,3,40,65,41,82,91,105,68,39,19,59,17,64,51,73,42,3
2025-04-22 16:24:04.78,s,3,35,24,67,128,123,103,21,-14,43,23,159,142,170,112,20,24,42,53,131,163,147,94,72,5,4,48,138,130,142,81,3,38,62,45,77,91,104,67,40,16,60,19,63,50,77,40,-1
2025-04-22 16:24:04.79,s,1,34,18,71,126,121,103,23,16,41,22,163,137,172,112,22,21,39,55,131,163,148,94,71,4,4,50,135,128,142,81,3,37,61,44,78,90,105,66,41,12,56,19,60,51,76,38,0
2025-04-22 16:24:04.80,s,6,56,35,85,135,133,113,37,36,43,32,165,147,174,116,20,26,36,57,135,168,149,94,72,3,4,54,136,131,144,81,3,37,63,46,83,91,106,70,40,16,60,21,62,51,76,38,1
2025-04-22 16:24:04.82,s,4,45,32,73,132,125,104,23,-15,42,29,166,142,174,113,22,20,34,59,133,165,147,94,72,2,3,58,137,134,143,84,1,40,62,50,83,93,105,71,42,15,63,22,67,50,77,42,0
2025-04-22 16:24:04.83,s,2,31,24,65,123,114,98,19,5,35,30,161,139,169,110,21,18,34,59,134,164,146,93,71,2,4,60,136,131,142,80,3,37,63,55,81,91,105,70,42,12,63,28,63,52,76,38,0
2025-04-22 16:24:04.84,s,9,49,43,81,136,131,110,37,47,40,40,168,145,172,114,20,25,35,65,136,171,146,93,69,2,6,60,139,130,139,84,2,39,64,56,81,92,102,72,44,17,59,27,65,49,78,39,2
2025-04-22 16:24:04.85,s,4,42,35,75,127,125,99,19,-13,32,36,161,141,167,103,18,20,32,64,131,161,146,89,68,3,6,60,137,129,139,77,2,37,61,55,82,89,101,69,40,14,59,28,63,48,76,38,-1
2025-04-22 16:24:04.86,s,1,34,26,71,122,118,97,21,-3,27,31,157,134,164,101,18,15,30,63,129,156,144,84,66,2,4,61,134,124,137,76,0,36,60,60,79,86,100,67,40,13,60,27,65,47,74,40,0
2025-04-22 16:24:04.87,s,4,38,36,76,130,122,103,30,41,32,39,164,139,160,103,18,19,32,66,130,161,141,80,67,0,6,62,133,123,130,72,2,35,61,58,79,86,99,60,35,15,60,28,62,48,70,38,1
2025-04-22 16:24:04.88,s,3,42,37,77,124,125,96,23,-9,28,35,161,134,158,97,18,16,27,63,131,154,138,76,66,1,5,61,134,123,127,69,1,35,59,61,81,85,99,57,34,13,63,32,60,46,73,36,0
2025-04-22 16:24:04.89,s,3,26,28,68,121,116,90,16,-22,28,31,162,132,158,98,18,13,26,67,129,156,138,76,66,0,6,63,137,123,129,70,2,35,62,62,82,86,98,61,35,15,59,37,62,48,72,35,0
2025-04-22 16:24:04.90,s,3,31,33,75,127,120,100,26,35,28,40,167,139,161,99,18,16,33,71,132,165,139,80,68,-2,7,68,138,124,129,73,2,34,63,66,82,86,100,62,33,17,61,36,62,48,70,37,1
2025-04-22 16:24:04.91,s,4,36,40,80,125,124,98,24,-7,33,39,166,141,160,101,20,18,30,74,133,160,140,81,69,0,4,71,138,127,131,72,3,36,63,70,81,88,101,61,36,16,61,42,64,48,74,36,0
2025-04-22 16:24:04.93,s,3,25,31,73,120,118,90,14,-21,26,39,168,135,159,97,19,13,31,72,136,158,138,82,68,0,4,74,137,128,134,72,3,37,62,72,81,85,104,61,38,15,61,44,65,48,74,38,-1
2025-04-22 16:24:04.94,s,3,34,36,78,128,118,98,24,33,33,42,173,140,160,98,20,18,31,79,135,163,141,81,68,1,4,77,139,127,131,73,1,37,65,73,82,85,103,62,37,12,66,43,66,48,70,39,3
2025-04-22 16:24:04.95,s,4,42,41,80,133,121,97,24,3,30,46,172,140,158,95,18,14,34,80,135,161,140,80,67,0,5,79,139,126,135,73,1,38,66,74,85,89,100,64,35,17,67,45,64,50,72,39,0
2025-04-22 16:24:04.97,s,3,30,36,78,123,118,91,17,-26,27,43,169,135,153,94,20,14,30,81,133,153,138,78,66,2,6,78,142,124,132,71,0,37,63,77,84,86,101,63,35,12,69,47,64,47,74,36,-1
2025-04-22 16:24:04.98,s,0,29,32,74,120,114,88,19,23,25,44,165,136,151,90,18,15,34,80,134,159,133,75,64,1,6,78,138,122,129,68,1,35,63,77,81,84,97,60,32,15,67,47,64,46,73,34,0
2025-04-22 16:24:04.99,s,24,58,57,96,136,129,102,33,14,36,46,173,140,153,98,21,18,35,89,132,161,136,78,65,2,9,79,141,124,129,70,2,37,69,80,84,86,98,62,33,17,73,54,68,47,75,38,2
2025-04-22 16:24:05.00,s,2,33,35,78,122,117,91,16,-25,32,44,167,135,150,95,22,17,36,87,132,149,132,80,66,1,9,84,137,123,127,73,1,39,69,82,83,82,101,59,36,16,76,57,65,46,73,35,0
2025-04-22 16:24:05.01,s,2,19,28,68,110,107,82,13,8,27,46,161,125,146,88,20,17,35,89,127,143,130,74,67,1,5,85,129,113,123,67,2,35,70,81,80,75,94,54,31,17,75,58,62,42,67,34,0
2025-04-22 16:24:05.02,s,5,45,47,86,117,118,98,29,30,36,53,163,124,148,93,23,20,45,96,126,137,123,81,69,4,9,84,129,105,117,66,3,40,74,86,75,70,92,51,35,19,76,61,58,38,66,28,2
2025-04-22 16:24:05.03,s,2,41,42,78,103,109,96,19,-16,40,48,158,111,142,99,25,20,50,95,121,120,119,85,75,4,10,88,123,94,111,67,2,40,79,85,78,68,84,51,36,21,87,62,61,37,61,31,0
2025-04-22 16:24:05.04,s,0,29,32,70,86,103,95,15,9,42,55,154,102,140,108,30,22,59,101,120,116,117,99,83,8,10,96,125,90,111,75,1,46,82,95,76,64,86,54,43,24,93,68,63,38,60,33,0
2025-04-22 16:24:05.06,s,9,59,61,90,98,114,118,40,53,56,71,163,104,143,124,33,33,67,113,121,117,121,106,94,12,9,105,123,87,113,77,3,46,88,102,78,68,84,58,48,25,99,74,65,39,60,34,3
2025-04-22 16:24:05.07,s,3,49,53,80,81,106,115,26,-1,58,75,163,91,139,127,39,30,80,118,123,104,116,114,98,14,9,116,127,83,112,81,2,50,94,109,84,66,81,63,48,26,106,81,67,39,61,31,0
2025-04-22 16:24:05.08,s,3,51,55,77,65,104,110,23,16,77,83,167,80,131,132,40,34,97,129,124,99,115,113,99,14,13,123,131,82,110,84,2,53,99,116,89,64,83,63,51,31,108,91,68,35,61,32,2
2025-04-22 16:24:05.09,s,3,51,58,83,64,107,116,34,65,76,87,166,77,131,134,42,42,97,131,126,100,110,110,101,14,13,124,129,74,104,79,3,53,103,118,85,60,74,61,48,33,108,92,70,34,57,31,3
2025-04-22 16:24:05.10,s,5,56,63,80,63,101,120,28,14,70,85,165,65,127,129,38,35,99,133,121,84,102,109,99,18,12,127,125,63,96,73,2,55,102,120,86,57,69,52,47,32,109,93,68,31,51,26,1
2025-04-22 16:24:05.12,s,4,42,54,70,51,89,111,18,4,56,78,155,57,115,122,36,30,91,128,114,72,91,102,95,17,11,123,118,53,84,65,1,51,97,114,81,48,60,47,44,32,106,90,65,28,42,23,0
2025-04-22 16:24:05.13,s,2,40,48,71,49,94,110,31,51,40,65,142,54,110,118,32,30,82,117,104,65,80,94,88,16,12,109,102,41,64,61,2,48,89,107,70,36,45,40,38,31,104,82,57,22,31,20,3
2025-04-22 16:24:05.14,s,2,30,44,62,43,81,108,22,2,26,54,125,51,97,110,31,24,66,109,91,44,71,82,87,11,10,101,89,28,52,51,1,46,84,98,63,30,30,34,33,31,98,79,52,16,26,14,1
2025-04-22 16:24:05.15,s,0,14,31,52,25,72,94,15,-20,18,40,109,42,79,100,29,22,60,101,83,33,57,73,78,11,11,95,83,25,39,43,0,45,82,94,61,26,25,30,32,26,97,76,48,17,18,12,0
2025-04-22 16:24:05.16,s,0,17,30,48,28,65,91,22,18,14,43,102,38,74,97,24,21,57,98,79,38,44,61,74,10,10,92,77,18,32,36,2,39,78,88,58,21,15,24,28,25,92,71,43,15,12,10,2
2025-04-22 16:24:05.17,s,3,20,28,48,23,62,88,24,-6,10,40,91,38,63,86,20,18,51,90,72,32,30,54,64,9,9,87,72,17,23,32,0,34,74,88,54,18,14,22,25,27,90,71,47,11,13,7,3
2025-04-22 16:24:05.18,s,1,10,24,36,20,50,83,17,-34,3,35,80,32,55,77,17,15,46,88,66,15,27,49,59,10,8,86,67,15,20,22,1,38,70,85,52,16,11,16,19,26,88,69,46,12,12,7,1
2025-04-22 16:24:05.19,s,0,2,17,24,13,37,66,13,-11,3,28,67,25,38,67,13,13,39,83,60,22,18,41,52,8,6,81,62,11,19,17,-2,35,67,81,52,14,10,14,20,25,83,68,44,11,11,3,2
2025-04-22 16:24:05.20,s,15,26,32,35,22,40,66,23,-8,4,23,59,22,32,53,12,11,33,72,52,28,22,35,47,3,6,66,50,11,17,20,0,31,62,71,49,15,6,11,16,20,82,62,43,10,12,4,2
2025-04-22 16:24:05.22,s,1,3,11,12,9,25,48,5,-31,-3,12,35,14,21,29,8,1,23,51,31,8,14,25,38,0,7,45,43,7,11,9,-2,27,52,60,42,17,6,7,11,20,73,55,43,12,12,5,2
2025-04-22 16:24:05.23,s,-2,-10,-4,-2,0,13,31,-1,-29,-9,4,17,6,9,19,1,-3,8,28,22,2,8,15,27,-3,4,29,33,3,8,6,-2,22,39,53,42,14,5,3,5,17,64,48,40,15,10,2,0
2025-04-22 16:24:05.24,s,0,6,4,6,2,17,25,8,-9,-4,3,11,9,2,19,-3,-3,0,17,19,15,4,13,20,-3,3,16,25,3,2,6,-1,19,32,46,37,17,4,0,1,12,51,39,40,13,12,-1,2
2025-04-22 16:24:05.25,s,1,0,2,-1,1,8,12,-7,-29,-8,2,2,8,-5,-2,-6,-8,-3,10,10,0,1,4,10,-5,1,13,24,3,1,-4,1,12,30,42,41,18,4,0,-4,9,35,37,39,15,10,3,0
2025-04-22 16:24:05.27,s,-2,-4,-4,-5,-4,2,1,-14,-32,-11,-1,-3,8,-8,-6,-7,-7,-2,7,11,-8,-5,1,-1,-3,1,12,24,3,-1,-8,0,12,25,37,41,16,4,-2,-6,7,29,29,35,17,10,0,0
2025-04-22 16:24:05.28,s,2,8,8,3,5,7,5,3,-9,-7,0,2,8,-10,-1,-7,0,2,11,14,10,-7,0,-5,-3,3,10,29,3,-4,-1,-3,14,23,37,41,16,5,-5,-7,5,27,30,36,17,13,-1,2
2025-04-22 16:24:05.29,s,0,4,0,3,-2,7,-6,-8,-25,-10,-3,1,3,-10,-8,-9,-2,3,10,12,-2,-8,-4,-8,-1,2,15,25,6,-5,-8,1,11,25,35,42,18,5,-7,-7,4,29,26,38,17,9,-1,2
2025-04-22 16:24:05.30,s,-2,6,-1,3,-4,5,-6,-11,-30,-13,-2,-5,4,-16,-15,-11,-2,3,10,8,-7,-8,-6,-11,-4,3,14,27,7,-7,-9,0,10,24,35,38,14,3,-9,-10,5,29,23,39,15,9,-1,2
2025-04-22 16:24:05.31,s,1,-3,-1,-1,-2,2,-8,3,-16,-8,-1,-2,5,-15,-6,-11,0,6,12,14,7,-7,-7,-9,-5,0,17,26,8,-7,-5,1,11,25,31,43,17,1,-7,-13,9,31,26,35,17,8,-1,1
2025-04-22 16:24:05.32,s,3,6,5,2,0,5,-8,0,-24,-6,-2,1,3,-13,-9,-8,-2,7,16,14,1,-7,-7,-9,-5,2,18,27,7,-8,-7,-2,10,22,31,41,13,3,-9,-9,7,28,22,39,15,9,2,1
2025-04-22 16:24:05.33,s,0,-3,-2,-4,-4,0,-10,-11,-34,-9,-3,1,0,-14,-12,-11,-4,7,12,12,-7,-11,-6,-13,-2,2,15,27,5,-8,-11,0,10,23,31,38,17,0,-10,-13,4,31,22,35,17,10,0,0
2025-04-22 16:24:05.34,s,-2,0,-1,1,-5,4,-10,2,-18,-8,-3,3,0,-14,-9,-10,-2,9,13,18,5,-10,-8,-14,-4,2,14,24,6,-10,-8,0,7,22,26,38,12,1,-9,-16,8,26,18,35,15,4,0,2
2025-04-22 16:24:05.35,s,0,1,0,1,-5,3,-10,-6,-21,-11,0,-1,5,-17,-7,-12,0,6,16,16,0,-8,-6,-16,0,2,13,29,5,-8,-5,0,13,19,23,39,13,2,-9,-13,8,27,18,35,15,8,-1,2
2025-04-22 16:24:05.36,open,-1,2,-3,1,-6,2,-10,-12,-30,-11,1,-1,1,-17,-13,-11,-2,7,13,14,-7,-8,-7,-12,-2,0,18,27,11,-7,-10,1,8,23,26,39,18,0,-6,-12,7,28,23,35,16,9,-2,2
2025-04-22 16:24:05.37,open,-3,4,-4,2,-2,1,-8,1,-19,-6,-1,4,1,-14,-9,-10,-1,9,16,21,4,-7,-6,-14,1,2,21,33,10,-9,-2,-1,11,23,29,44,19,0,-5,-13,7,32,23,37,19,7,0,2
2025-04-22 16:24:05.38,open,1,6,1,5,-4,6,-10,-1,-21,-5,0,4,1,-13,-9,-11,-1,11,19,22,6,-7,-5,-12,-2,3,21,38,13,-6,-5,0,13,25,36,49,21,4,-7,-9,9,29,30,39,17,12,2,2
2025-04-22 16:24:05.40,open,-2,4,-2,2,-6,5,-13,-9,-31,-6,-1,3,3,-19,-7,-10,-2,6,20,17,-4,-6,-9,-15,-3,3,20,37,10,-10,-5,1,12,26,33,43,20,1,-6,-13,5,33,26,39,20,9,-2,2
2025-04-22 16:24:05.41,open,0,-2,-4,-4,-7,-2,-14,-7,-24,-11,0,-2,4,-20,-9,-12,-2,6,17,19,-3,-6,-7,-18,0,2,22,34,10,-9,-6,-1,12,23,33,45,20,4,-5,-13,10,33,27,41,18,8,3,2
2025-04-22 16:24:05.42,open,14,18,15,9,6,8,-5,9,-12,-6,2,4,3,-12,-7,-11,-1,8,21,22,7,-4,-10,-14,-2,1,23,35,10,-10,-1,0,8,26,33,49,22,1,-4,-16,10,31,30,40,20,13,-1,3
2025-04-22 16:24:05.44,open,1,0,-4,1,-8,2,-17,-10,-27,-7,-2,4,3,-18,-11,-9,-2,6,16,22,-4,-10,-7,-18,-2,2,24,40,9,-7,-10,0,13,23,38,47,22,6,-8,-13,7,36,31,42,22,11,1,1
2025-04-22 16:24:05.45,open,0,-7,-5,-6,-8,-2,-15,-12,-30,-10,0,1,0,-17,-8,-11,0,6,21,24,-3,-10,-6,-18,0,4,24,43,13,-7,-9,0,9,28,39,53,27,5,-9,-15,10,36,36,47,23,12,0,2
2025-04-22 16:24:05.46,open,0,10,4,6,-2,2,-6,4,-11,-7,6,3,7,-15,-3,-11,2,11,26,28,13,-3,-6,-15,0,2,30,45,14,-7,0,-3,14,31,42,55,29,5,-3,-12,10,39,37,48,23,14,3,2
2025-04-22 16:24:05.47,open,0,9,1,6,-2,2,-9,-5,-27,-8,5,3,7,-15,-7,-11,1,11,24,28,0,-4,-6,-13,0,3,34,47,15,-6,-3,-2,16,31,46,54,33,9,-6,-12,9,41,37,50,25,15,5,1
2025-04-22 16:24:05.48,open,1,-4,-4,-5,-6,0,-14,-11,-33,-11,3,0,4,-18,-7,-10,-3,7,23,22,-3,-5,-8,-12,-3,3,28,45,15,-6,-9,1,13,28,41,50,28,5,-5,-15,10,36,32,48,23,13,4,0
2025-04-22 16:24:05.49,open,2,9,5,2,1,4,-7,9,-10,-3,4,3,7,-13,-5,-10,-3,13,20,24,13,-7,-9,-17,0,3,25,40,10,-5,-3,0,11,27,41,47,27,6,-7,-12,9,34,30,44,23,12,0,2
2025-04-22 16:24:05.50,open,1,5,-1,3,-5,9,-14,-8,-24,-8,3,1,5,-16,-7,-11,-3,8,16,23,-3,-5,-8,-13,-3,2,24,36,13,-9,-4,0,11,25,34,49,26,3,-5,-15,5,35,29,40,23,11,1,3
2025-04-22 16:24:05.52,open,1,2,1,0,-3,2,-17,-13,-32,-11,1,-1,1,-18,-13,-10,-6,5,17,17,-9,-6,-11,-15,-2,2,21,36,9,-9,-9,-1,10,21,34,49,23,3,-5,-17,9,31,31,44,20,13,3,2
2025-04-22 16:24:05.53,open,1,-5,-7,-1,-7,3,-13,1,-13,-10,3,2,0,-12,-7,-10,-3,9,17,24,8,-8,-7,-17,0,2,22,38,10,-8,-3,-2,12,21,34,49,22,5,-6,-17,9,32,29,42,21,12,3,2
2025-04-22 16:24:05.54,open,1,7,0,4,-2,3,-10,-5,-22,-6,4,4,3,-12,-6,-9,-2,6,21,22,-1,-4,-9,-13,-4,2,22,40,13,-7,-4,-1,12,24,36,49,22,9,-7,-13,7,32,33,42,22,13,0,3
2025-04-22 16:24:05.55,open,1,3,1,0,-2,3,-10,-13,-31,-7,3,5,1,-13,-9,-10,-3,10,20,23,-4,-5,-7,-13,-3,4,26,42,14,-7,-4,-3,13,26,39,53,25,10,-3,-13,10,33,36,46,21,16,3,1
2025-04-22 16:24:05.56,open,1,1,0,1,-4,5,-9,1,-18,-4,1,6,5,-14,-2,-11,2,9,25,27,8,-4,-4,-11,0,3,27,47,14,-5,-4,0,11,26,44,50,27,9,-6,-13,7,39,35,46,25,14,4,1
2025-04-22 16:24:05.57,open,2,3,3,2,1,6,-7,0,-21,-5,5,4,7,-13,-4,-8,1,12,22,28,5,-3,-5,-10,0,3,30,43,16,-2,-5,0,14,28,42,55,28,11,-2,-8,9,35,38,48,23,13,5,2
2025-04-22 16:24:05.58,open,1,3,3,3,-3,3,-10,-13,-31,-9,3,1,5,-15,-10,-11,-2,10,19,22,-4,-5,-8,-14,1,3,26,43,14,-3,-4,-1,14,27,39,53,28,8,-6,-13,8,36,31,47,24,13,5,3
2025-04-22 16:24:05.59,open,1,1,-1,-1,-3,2,-11,1,-19,-10,3,0,4,-15,-8,-10,-3,8,19,20,4,-4,-7,-12,-2,2,26,39,9,-6,-4,0,13,23,37,50,25,5,-2,-13,7,34,31,44,22,13,5,1
2025-04-22 16:24:05.60,open,1,7,3,4,-1,5,-9,0,-21,-4,0,5,2,-12,-5,-7,-3,6,16,22,1,-4,-6,-15,-2,2,23,37,9,-5,-2,0,9,26,34,50,25,6,-7,-10,5,34,29,43,20,12,5,3
2025-04-22 16:24:05.61,open,0,4,0,4,-1,2,-12,-7,-31,-10,0,3,0,-13,-8,-10,-4,3,17,20,-7,-4,-6,-13,-3,1,22,36,9,-4,-5,-2,13,20,36,46,22,8,-4,-10,5,33,28,40,22,13,3,2
2025-04-22 16:24:05.63,open,-2,0,-6,0,-6,-1,-13,-5,-24,-12,1,0,1,-15,-9,-10,-6,7,17,16,0,-7,-4,-12,-2,1,24,38,11,-5,-3,0,10,24,36,50,23,10,-3,-13,8,32,31,43,22,16,4,2
2025-04-22 16:24:05.64,open,16,26,18,14,8,11,-1,8,-12,-3,6,5,7,-13,-2,-8,-1,7,23,24,9,-3,-5,-10,1,2,26,40,12,-5,1,-2,13,25,38,50,24,11,-3,-12,8,33,30,46,20,18,4,3
2025-04-22 16:24:05.65,open,2,1,0,0,-1,5,-9,-8,-26,-7,4,4,3,-12,-7,-8,-2,6,22,22,-2,-2,-7,-10,-3,3,27,39,15,-5,-2,-3,13,26,42,52,25,11,-1,-12,10,36,34,44,25,16,6,2
2025-04-22 16:24:05.66,open,-2,0,-7,0,-4,2,-11,-7,-30,-6,-1,1,5,-15,-3,-10,-1,7,20,22,-4,-2,-5,-9,-2,1,28,40,14,-3,-7,1,11,26,44,52,26,8,-1,-8,10,35,34,47,24,14,6,2
2025-04-22 16:24:05.67,open,2,8,1,7,-2,10,-8,6,-14,-3,3,7,7,-13,-1,-9,0,8,23,25,11,-3,-3,-11,1,3,27,43,14,-4,0,1,12,28,41,51,29,9,-2,-10,10,35,36,47,25,17,3,3
2025-04-22 16:24:05.68,open,0,8,0,4,-1,6,-7,-5,-25,-8,4,3,5,-13,-4,-10,-2,5,22,20,-3,-2,-4,-8,-3,2,26,40,10,-2,-4,1,9,28,39,51,27,9,-4,-10,8,34,33,47,23,16,5,2
2025-04-22 16:24:05.70,open,-3,-3,-9,0,-6,-1,-12,-9,-34,-7,-1,-1,4,-16,-5,-7,-4,2,17,17,-9,-5,-5,-11,-3,1,25,35,12,-4,-7,1,9,27,37,49,25,7,-2,-8,5,34,31,43,24,15,3,0
2025-04-22 16:24:05.71,open,1,8,0,6,0,7,-6,8,-10,-4,4,4,3,-9,-4,-8,-3,6,19,19,8,-2,-6,-11,-5,3,23,34,9,-4,0,-3,11,20,38,47,22,10,-3,-8,6,31,31,42,19,17,3,3
2025-04-22 16:24:05.72,open,1,3,0,1,-2,5,-8,-8,-24,-10,3,2,1,-13,-9,-9,-7,2,18,15,-5,-2,-6,-10,-4,1,22,33,9,-7,-2,-2,13,21,34,46,22,9,-2,-10,9,31,29,43,22,14,4,0
2025-04-22 16:24:05.73,open,1,6,2,4,-3,8,-12,-10,-30,-10,2,2,3,-14,-9,-10,-8,5,15,15,-8,-3,-6,-10,-4,1,23,35,10,-5,-3,-2,13,24,36,49,24,10,-1,-7,8,31,33,42,20,17,6,0
2025-04-22 16:24:05.74,open,-4,-1,-7,1,-6,6,-10,5,-16,-5,0,5,1,-10,-2,-8,-6,6,18,17,7,-4,-4,-13,-3,0,23,33,11,-1,-1,0,10,21,39,46,24,10,-3,-7,5,32,31,40,22,15,3,2
2025-04-22 16:24:05.75,open,1,9,1,7,-3,9,-8,-2,-21,-6,-1,5,6,-13,-3,-10,-4,6,16,18,1,-4,-4,-12,-4,3,22,35,12,-3,-1,-2,13,22,39,49,24,7,0,-8,8,35,30,46,23,16,6,2
2025-04-22 16:24:05.76,open,-1,2,-4,2,-6,7,-12,-10,-34,-6,-2,3,1,-15,-4,-7,-7,0,18,15,-10,-4,-6,-11,-5,0,22,37,11,-5,-3,0,9,22,40,46,25,9,-2,-6,7,33,33,41,24,16,3,2
2025-04-22 16:24:05.77,open,0,-2,-1,-1,-2,2,-7,3,-16,-9,3,1,5,-14,0,-9,-2,3,16,18,7,-2,-5,-10,-4,1,22,37,11,-6,2,0,10,24,40,49,23,12,-2,-6,8,35,37,47,23,18,4,2
2025-04-22 16:24:05.78,s,1,4,1,1,0,8,-5,-1,-21,-8,1,4,6,-12,0,-6,-4,5,17,17,3,-2,-2,-11,-5,1,21,38,11,-4,1,-2,13,24,44,49,28,11,-2,-7,4,38,36,46,24,17,6,3
2025-04-22 16:24:05.80,s,0,4,-3,4,-3,9,-8,-9,-34,-11,3,2,7,-11,-2,-9,-7,0,16,17,-7,-4,0,-10,-4,3,23,38,9,2,-5,1,11,29,44,50,28,11,-2,-8,8,35,36,50,23,21,5,2
2025-04-22 16:24:05.81,s,1,1,2,4,-1,11,-4,2,-17,-5,0,7,4,-5,-1,-7,-6,3,17,20,9,3,0,-4,-4,2,28,41,12,2,5,0,13,31,45,55,29,13,2,-8,6,41,41,50,25,24,4,1
2025-04-22 16:24:05.82,s,2,4,4,3,4,11,4,2,-18,-6,6,8,8,1,4,-2,-9,2,19,21,6,7,1,-4,-5,4,26,45,14,9,7,-2,17,33,54,58,32,19,7,-4,11,44,47,52,26,29,7,2
2025-04-22 16:24:05.83,s,0,10,4,9,5,13,7,-5,-27,-5,6,9,9,6,4,-2,-10,1,19,23,4,10,6,2,-5,1,31,48,20,14,5,0,18,38,59,60,36,20,10,0,13,52,52,57,28,34,12,2
2025-04-22 16:24:05.84,s,0,-5,-4,0,0,13,1,-3,-21,-5,3,6,12,3,10,1,-10,-3,19,24,7,11,6,3,-7,1,31,49,17,16,9,1,16,41,62,59,38,27,9,6,12,53,58,57,31,39,12,1
2025-04-22 16:24:05.86,s,14,24,19,19,11,26,16,13,-9,0,5,16,13,11,11,0,-9,0,20,26,21,14,9,5,-6,1,28,47,15,19,13,1,16,41,61,57,41,27,14,4,13,58,54,58,30,36,16,2
2025-04-22 16:24:05.87,s,0,5,-1,8,1,17,11,0,-28,-6,7,11,14,7,7,0,-11,-3,14,24,5,14,10,5,-6,2,19,45,11,17,9,1,15,35,56,57,34,28,13,9,12,50,54,53,30,35,15,1
2025-04-22 16:24:05.88,s,1,-3,-2,2,2,15,7,-5,-26,-6,1,15,9,9,10,2,-11,-5,17,23,2,16,12,10,-7,2,23,42,11,16,11,-1,17,34,54,57,33,25,13,8,11,54,50,54,27,35,14,0
2025-04-22 16:24:05.89,s,2,3,5,9,6,23,18,13,-13,-1,6,15,16,11,14,2,-6,3,23,30,20,17,14,19,-7,3,26,46,12,18,15,2,16,39,56,54,33,25,14,12,12,58,55,51,27,35,15,1
2025-04-22 16:24:05.91,s,0,8,4,15,6,27,25,-1,-22,-2,7,21,14,15,18,6,-5,5,26,33,8,20,19,23,-3,3,33,50,11,23,18,0,19,42,60,59,33,30,20,19,13,63,58,54,27,39,20,2
2025-04-22 16:24:05.92,s,1,-4,-3,8,1,24,27,0,-27,-4,11,26,14,19,26,8,-3,15,35,40,8,26,26,35,-4,5,47,58,17,25,17,0,23,49,69,62,37,32,23,25,16,71,66,57,28,41,21,0
2025-04-22 16:24:05.93,s,3,13,14,18,14,32,43,13,1,2,17,35,24,27,42,11,4,24,45,46,34,30,32,41,2,5,52,63,18,31,27,1,24,54,72,63,40,33,27,27,19,79,65,56,30,43,23,2
2025-04-22 16:24:05.94,s,2,10,11,20,10,35,44,10,-22,4,17,39,21,31,39,16,2,25,48,47,22,33,32,47,2,6,58,65,21,34,27,3,25,59,74,62,38,35,32,28,23,77,68,59,28,41,27,1
2025-04-22 16:24:05.95,s,2,11,11,23,10,37,48,13,-29,6,16,42,21,33,41,15,6,22,48,51,14,37,37,50,1,8,62,64,18,36,25,2,26,59,76,60,34,41,30,34,17,80,65,56,28,43,24,1
2025-04-22 16:24:05.96,s,0,3,10,23,9,35,48,15,-3,9,25,45,22,40,47,20,7,27,56,54,36,37,38,53,3,8,63,63,21,35,35,2,27,62,74,58,30,40,32,36,22,78,64,55,24,43,27,2
2025-04-22 16:24:05.97,s,1,13,17,28,13,40,50,15,-18,9,27,53,27,40,47,17,10,30,59,58,25,38,41,56,4,4,67,64,18,38,30,-1,32,61,78,58,29,36,36,34,21,76,66,51,25,38,28,1
2025-04-22 16:24:05.99,s,0,8,17,30,12,37,46,10,-33,10,29,76,27,40,44,21,6,33,66,60,15,42,40,58,4,5,73,64,19,40,28,2,33,65,80,55,28,37,37,35,20,78,65,51,22,40,26,2
2025-04-22 16:24:06.00,s,0,9,19,37,13,41,55,15,-6,14,35,90,29,51,55,22,13,42,74,73,38,46,44,59,5,9,78,71,25,42,39,1,37,71,82,61,32,44,40,41,24,81,71,51,23,41,26,2
2025-04-22 16:24:06.01,s,2,14,28,44,22,49,67,21,-13,14,46,100,34,60,61,24,14,49,89,81,37,53,48,63,6,10,87,87,30,49,39,2,37,81,89,66,36,51,43,41,26,87,78,55,26,44,25,1
2025-04-22 16:24:06.02,s,1,10,31,48,20,49,63,14,-33,20,49,119,37,60,66,28,16,56,109,92,32,56,52,67,9,9,103,101,36,54,37,0,43,90,103,76,42,55,45,43,26,99,84,65,28,46,30,2
2025-04-22 16:24:06.03,s,1,11,37,55,26,51,67,20,2,23,61,126,45,68,69,27,20,72,119,98,59,60,53,69,10,10,113,112,41,57,46,1,49,99,111,81,45,62,46,43,28,107,89,67,30,46,29,2
2025-04-22 16:24:06.04,s,2,24,43,66,30,55,74,23,-9,28,62,129,46,65,72,30,22,73,118,98,54,64,54,68,13,10,112,110,43,63,49,2,49,98,113,82,44,62,55,45,32,105,90,63,28,51,31,2
2025-04-22 16:24:06.06,s,1,18,36,60,26,54,68,16,-31,24,61,117,45,67,66,28,20,71,111,94,39,63,57,67,13,11,106,101,39,66,46,1,47,91,104,73,40,67,55,47,25,103,81,58,27,50,32,2
2025-04-22 16:24:06.07,s,-2,15,35,50,26,49,65,15,-7,25,55,111,44,64,68,27,20,66,106,89,45,66,54,66,9,11,99,93,35,65,47,0,46,87,97,67,37,66,54,48,25,100,76,49,23,50,32,3
2025-04-22 16:24:06.08,s,19,43,56,67,40,62,78,27,3,31,61,116,45,74,69,29,23,75,108,88,57,67,54,66,12,11,101,90,37,64,52,2,47,93,97,66,37,67,57,47,28,97,76,50,24,51,35,4
2025-04-22 16:24:06.09,s,0,24,40,59,31,62,71,16,-23,29,61,119,47,81,71,28,25,80,112,89,46,74,61,67,13,10,109,97,42,80,50,2,49,97,103,72,42,72,60,47,31,104,78,57,27,51,34,2
2025-04-22 16:24:06.10,s,-2,17,35,50,39,74,82,15,-8,43,68,129,58,104,94,34,31,93,123,100,66,98,77,76,16,12,117,112,60,105,67,5,52,107,113,79,57,81,68,50,34,113,90,66,33,61,39,0
2025-04-22 16:24:06.11,s,4,41,60,66,61,102,110,31,21,60,84,146,71,131,119,37,39,103,137,116,94,117,102,85,20,11,131,122,81,119,81,2,62,111,122,92,66,88,78,53,36,117,94,73,39,67,45,3
2025-04-22 16:24:06.12,s,2,42,62,70,65,107,114,22,-8,66,91,151,79,142,129,40,39,110,139,121,97,124,120,91,23,13,136,131,90,132,100,3,62,116,123,92,73,94,89,59,35,119,98,74,43,73,50,0
2025-04-22 16:24:06.13,s,1,33,53,64,60,106,106,19,2,65,95,150,81,145,133,44,40,115,140,122,102,126,123,94,20,12,135,133,92,138,102,4,62,115,126,93,72,95,94,59,36,118,95,73,43,70,54,1
2025-04-22 16:24:06.14,s,10,61,76,80,74,114,117,38,57,88,107,154,85,146,127,43,48,125,146,123,109,126,117,92,24,13,137,127,90,136,100,4,64,115,124,90,70,94,89,60,37,120,91,71,42,70,52,2
2025-04-22 16:24:06.16,s,6,62,75,75,66,112,103,19,6,95,105,149,80,144,115,42,48,126,143,120,102,125,132,88,27,12,138,123,93,136,98,3,65,114,118,92,72,95,93,62,36,119,87,67,42,74,53,0
2025-04-22 16:24:06.17,s,2,50,66,59,60,99,97,18,16,96,95,140,78,139,107,38,49,122,137,115,100,123,108,84,26,13,131,119,91,132,97,3,63,109,111,87,69,93,91,60,34,113,82,64,39,72,53,0
2025-04-22 16:24:06.18,s,5,60,69,68,68,103,102,29,67,103,104,141,87,140,109,37,58,123,143,116,111,128,104,80,27,13,130,120,93,135,93,4,64,107,113,86,69,98,89,64,35,111,81,62,39,73,50,1
2025-04-22 16:24:06.19,s,8,67,79,70,76,110,99,24,18,110,102,147,87,146,105,37,54,128,140,122,112,128,108,80,29,12,134,125,97,140,97,2,67,111,111,90,75,96,93,61,34,112,81,67,40,75,54,0
2025-04-22 16:24:06.20,s,6,59,67,67,74,108,96,16,14,110,102,152,97,150,110,37,58,125,145,127,117,136,109,82,28,12,138,134,107,146,98,4,67,114,119,93,80,102,93,63,32,117,86,72,43,77,55,0
2025-04-22 16:24:06.21,s,4,61,73,74,92,118,108,29,71,112,110,161,111,166,118,38,60,130,148,133,140,142,115,80,29,14,139,144,117,148,106,2,70,113,124,97,84,104,96,63,33,117,91,74,46,78,59,2
2025-04-22 16:24:06.22,s,6,59,74,72,100,117,110,26,24,108,109,163,115,169,119,37,57,128,148,135,140,146,117,80,29,12,140,145,122,152,107,3,70,113,124,100,86,106,96,64,35,117,92,78,48,77,56,0
2025-04-22 16:24:06.24,s,3,61,67,71,99,114,103,19,5,103,101,157,116,162,113,32,55,123,140,134,139,142,114,78,23,14,135,143,122,152,99,2,66,109,117,98,86,104,94,58,34,114,87,76,48,78,56,0
2025-04-22 16:24:06.25,s,4,52,59,69,94,115,102,29,53,90,86,151,109,159,109,30,50,113,128,124,137,136,104,71,24,11,119,133,109,141,91,1,62,101,104,89,78,99,85,54,27,108,71,65,41,75,47,2
2025-04-22 16:24:06.26,s,5,53,59,68,95,113,106,28,17,77,76,139,104,153,105,28,44,105,114,119,126,133,94,75,18,10,107,123,106,132,86,3,61,97,96,85,74,100,78,48,31,103,63,62,42,72,46,0
2025-04-22 16:24:06.27,s,1,44,44,64,88,110,97,20,-16,72,64,138,104,150,103,26,40,97,108,121,123,133,92,71,18,10,106,125,103,135,81,1,59,96,93,85,74,100,75,47,30,103,68,62,41,74,40,0
2025-04-22 16:24:06.28,s,2,43,42,67,100,115,100,26,34,68,63,148,115,160,111,24,39,97,109,126,139,140,99,75,17,10,109,134,111,140,84,3,56,100,102,86,81,101,74,46,30,107,74,72,45,75,45,2
2025-04-22 16:24:06.29,s,25,75,71,96,134,138,124,40,26,66,65,170,134,178,126,25,40,95,114,137,157,152,112,79,17,10,113,147,126,148,92,2,61,100,107,93,87,107,82,44,33,111,77,78,48,77,47,4
2025-04-22 16:24:06.30,s,2,43,43,80,118,128,111,23,-16,66,64,175,134,180,130,30,37,93,119,139,156,153,115,80,13,11,119,150,131,155,95,1,62,102,111,93,91,108,86,47,32,113,82,81,50,78,52,-1
2025-04-22 16:24:06.31,s,3,34,39,73,120,123,107,24,19,63,61,175,134,179,132,28,37,90,115,137,161,153,113,80,11,12,112,151,129,152,93,2,57,99,107,90,93,106,80,47,28,111,75,78,51,77,46,0
2025-04-22 16:24:06.33,s,7,48,52,88,129,133,123,39,35,61,63,179,141,180,131,26,39,88,109,138,164,150,115,80,13,10,109,146,126,152,93,3,55,94,101,91,86,106,80,46,31,105,75,74,48,78,46,2
2025-04-22 16:24:06.34,s,4,36,40,79,121,127,115,26,-17,47,50,170,136,172,132,29,33,79,97,136,150,148,112,80,10,10,98,144,123,146,93,2,56,93,94,87,87,105,75,46,25,104,66,72,47,75,45,-1
2025-04-22 16:24:06.35,s,0,24,22,70,109,118,103,20,-2,36,39,162,127,169,124,23,29,67,88,130,145,147,105,82,9,8,90,134,116,144,81,3,52,86,85,87,80,102,72,39,24,99,59,66,46,73,39,0
2025-04-22 16:24:06.36,s,9,50,39,89,119,130,119,41,40,37,46,162,132,166,126,22,32,65,83,130,149,145,98,78,8,6,85,129,114,136,78,3,50,83,81,81,77,101,64,39,27,95,53,64,42,73,38,2
2025-04-22 16:24:06.37,s,3,33,32,80,113,123,110,26,-21,33,40,162,126,166,122,23,23,62,81,128,140,143,96,77,6,6,84,131,113,132,80,1,51,82,79,82,76,100,64,33,26,96,53,59,44,70,38,0
2025-04-22 16:24:06.38,s,2,36,32,78,118,118,110,26,-8,35,40,164,131,163,125,21,24,62,82,131,148,142,100,76,6,8,87,138,117,141,79,4,50,82,87,84,80,102,66,40,25,96,61,67,47,73,40,1
2025-04-22 16:24:06.39,s,2,40,35,82,126,127,116,37,39,39,51,176,140,173,130,22,31,67,91,136,164,146,106,77,8,9,92,144,124,143,83,3,50,89,92,90,84,107,70,41,25,99,63,70,47,74,40,2
2025-04-22 16:24:06.40,s,5,43,42,87,127,128,119,32,-10,39,51,176,140,173,131,23,28,69,97,136,158,150,107,81,6,8,100,146,127,147,86,2,54,88,96,91,86,106,73,43,26,101,69,73,48,77,42,0
2025-04-22 16:24:06.41,s,2,32,30,78,117,118,107,21,-13,35,49,175,136,171,127,22,26,68,97,139,153,150,107,75,8,10,97,149,124,148,85,2,51,87,94,91,88,101,70,40,25,102,67,73,49,74,39,0
2025-04-22 16:24:06.42,s,3,35,34,85,119,127,112,34,40,39,51,182,134,175,126,23,31,66,99,139,159,149,104,75,6,9,96,146,123,142,83,1,53,87,92,91,83,106,70,43,26,98,65,74,46,75,40,3
2025-04-22 16:24:06.43,s,4,41,40,83,122,123,114,27,-2,35,48,175,133,169,122,22,25,65,91,136,152,144,98,75,8,9,90,143,118,143,81,4,49,86,92,85,85,101,65,42,24,98,65,68,46,75,37,0
2025-04-22 16:24:06.44,s,3,28,27,76,110,115,105,20,-21,29,43,166,127,161,121,22,21,57,86,130,142,142,95,77,3,6,88,137,114,137,78,0,50,82,82,85,80,98,65,38,23,93,56,67,42,72,38,0
2025-04-22 16:24:06.45,s,4,36,31,82,113,118,108,31,34,31,44,169,127,162,118,21,23,55,81,132,147,139,94,75,7,8,84,131,114,134,75,1,48,81,81,81,78,100,64,39,25,88,57,64,42,70,35,1
2025-04-22 16:24:06.47,s,4,37,39,85,114,126,110,31,4,29,45,170,127,161,122,21,23,51,79,131,142,141,92,75,4,5,83,135,114,132,76,2,50,79,79,83,76,101,62,39,21,92,54,63,44,69,37,0
2025-04-22 16:24:06.48,s,1,33,27,75,114,118,108,22,-25,28,44,171,125,165,121,22,21,50,83,130,142,141,97,71,6,8,86,137,115,136,77,3,47,78,85,83,80,100,64,40,23,89,59,67,42,74,39,0
2025-04-22 16:24:06.49,s,4,28,33,79,117,120,108,26,26,32,47,172,133,166,126,21,25,54,88,134,151,146,98,77,4,6,91,141,118,140,82,3,48,79,86,85,81,102,69,38,23,92,58,68,45,73,38,2
2025-04-22 16:24:06.50,s,24,62,59,100,136,134,123,45,17,40,52,182,136,175,126,24,24,61,93,136,159,146,102,77,4,10,92,140,123,143,83,2,48,81,89,87,82,106,69,38,25,91,62,68,44,76,41,3
2025-04-22 16:24:06.51,s,1,38,35,85,117,120,111,25,-23,37,49,179,131,171,123,22,22,58,92,136,151,145,100,75,5,8,94,141,125,141,83,1,48,83,89,85,83,104,69,44,24,92,65,68,46,75,39,0
2025-04-22 16:24:06.52,s,2,19,26,73,111,114,104,20,8,33,46,177,129,169,126,25,22,56,92,135,152,147,101,73,6,8,90,143,119,138,81,1,49,81,85,86,83,101,70,38,24,91,59,68,45,72,38,0
2025-04-22 16:24:06.54,s,5,44,44,90,122,126,112,37,27,38,51,180,134,171,125,23,26,56,89,138,153,146,100,73,8,9,87,142,119,137,80,2,48,83,86,87,83,104,68,41,25,90,60,70,44,75,39,1
2025-04-22 16:24:06.55,s,3,34,38,81,118,121,107,24,-24,32,45,174,129,166,121,23,21,50,88,131,147,141,94,75,3,6,88,137,114,135,79,4,45,81,85,83,79,99,65,36,24,90,56,67,44,70,37,0
2025-04-22 16:24:06.56,s,1,16,21,70,104,109,99,20,-6,25,45,166,127,160,118,22,21,47,84,131,144,141,90,73,3,6,87,135,114,135,76,2,47,76,81,81,80,101,61,38,21,84,58,64,43,72,34,0
2025-04-22 16:24:06.57,s,9,49,49,92,125,130,114,39,40,37,52,180,133,170,119,21,24,54,86,136,153,140,96,71,5,8,87,137,116,135,75,3,42,79,80,85,80,100,64,40,23,87,57,64,43,73,38,3
2025-04-22 16:24:06.58,s,3,33,38,81,117,124,106,25,-20,32,51,175,131,167,117,22,18,55,89,135,149,140,96,72,3,9,89,142,117,138,78,3,45,81,84,85,83,102,62,38,21,88,60,64,43,76,36,0
2025-04-22 16:24:06.59,s,1,38,36,86,118,117,106,21,-8,30,50,174,132,163,117,19,22,54,91,135,149,140,92,69,5,9,91,142,118,137,77,2,46,78,88,85,82,101,62,35,22,89,58,70,46,72,37,-1
2025-04-22 16:24:06.61,s,3,33,41,84,123,125,106,33,38,35,57,180,134,169,116,18,25,58,97,137,157,144,93,72,4,9,95,143,122,135,78,2,47,81,89,87,83,100,62,35,21,92,62,70,48,73,36,2
2025-04-22 16:24:06.62,s,5,42,43,88,120,125,105,27,-11,33,56,177,134,164,114,18,24,57,99,135,150,141,90,70,3,10,95,143,119,135,77,1,46,81,94,85,81,102,62,38,21,93,65,67,44,75,36,-1
2025-04-22 16:24:06.63,s,3,27,33,78,111,113,100,17,-16,30,54,175,124,162,111,20,21,61,98,130,144,135,90,68,6,10,95,141,114,132,73,3,47,82,90,85,80,96,63,36,23,91,65,66,42,73,36,-1
2025-04-22 16:24:06.64,s,3,34,42,83,112,117,104,29,38,37,60,173,125,156,116,23,26,65,103,130,144,135,90,70,8,10,95,135,109,127,74,1,48,83,88,84,75,97,63,39,26,93,62,66,41,69,34,1
2025-04-22 16:24:06.66,s,4,37,44,83,100,115,106,27,-7,39,60,171,112,152,116,26,26,67,103,126,126,128,90,76,7,9,96,127,100,122,73,1,48,85,90,78,70,93,59,39,24,92,67,61,38,66,34,0
2025-04-22 16:24:06.67,s,1,34,35,80,79,110,104,22,-18,40,59,165,97,144,119,28,25,74,101,121,110,119,99,79,11,10,99,122,91,116,73,4,50,87,94,75,65,88,56,41,25,99,67,58,36,62,32,0
2025-04-22 16:24:06.68,s,4,41,44,84,72,117,112,31,41,51,65,173,92,146,134,33,34,82,113,121,111,123,104,91,13,11,106,124,83,114,79,2,51,96,98,81,61,84,60,42,29,103,75,60,32,63,32,1
2025-04-22 16:24:06.69,s,5,45,56,89,72,120,119,34,13,62,75,175,84,145,138,34,34,91,118,122,103,119,114,97,17,11,116,123,79,116,81,4,56,102,109,81,61,84,60,49,32,108,82,63,31,61,33,2
2025-04-22 16:24:06.70,s,4,48,57,81,66,109,119,26,-3,73,87,174,73,141,139,37,40,103,137,123,92,120,116,101,21,12,128,131,75,116,83,4,61,110,121,86,57,82,61,51,35,116,92,66,31,60,31,-1
2025-04-22 16:24:06.71,s,4,46,59,82,63,111,119,29,49,77,91,173,71,139,139,39,45,107,139,124,92,117,117,104,21,13,130,131,69,113,84,3,61,109,125,86,54,80,60,52,33,117,94,66,31,55,30,2
2025-04-22 16:24:06.73,s,26,73,76,100,72,121,129,44,34,76,86,171,69,137,139,42,40,102,136,118,83,113,114,103,22,12,123,122,61,102,77,3,58,108,118,83,49,70,56,51,35,115,94,60,28,48,29,2
2025-04-22 16:24:06.74,s,3,38,50,74,50,102,112,25,-7,53,72,155,59,119,134,41,32,93,131,105,64,98,107,102,18,11,116,112,46,88,71,4,54,99,114,73,40,59,49,50,31,111,89,57,23,40,23,0
2025-04-22 16:24:06.75,s,1,12,33,56,39,83,99,22,14,29,55,137,47,104,124,36,28,78,117,92,52,82,93,93,13,10,103,97,31,68,61,2,46,91,102,62,30,40,39,42,31,101,77,49,13,30,18,2
2025-04-22 16:24:06.76,s,4,26,42,62,41,79,104,34,19,22,44,121,43,90,110,28,28,64,105,81,50,61,77,85,12,10,90,78,17,40,45,0,43,78,86,52,14,17,28,35,27,95,72,35,7,10,8,1
2025-04-22 16:24:06.77,s,2,9,28,43,27,59,86,18,-30,4,35,89,34,65,85,22,18,47,88,62,18,37,53,72,6,8,78,59,12,24,24,1,35,68,72,38,9,7,14,25,24,81,58,30,1,3,3,0
2025-04-22 16:24:06.78,s,-2,-5,9,28,12,42,64,9,-30,-6,24,68,24,46,71,18,12,31,72,47,10,22,40,60,2,6,63,40,6,17,15,1,30,55,57,27,3,6,11,24,19,68,51,22,-4,2,2,1
2025-04-22 16:24:06.79,s,2,13,23,36,23,42,71,26,8,2,25,67,23,40,66,13,16,34,69,47,37,20,38,56,3,7,56,39,6,13,22,0,31,54,61,30,7,4,7,18,19,73,52,28,1,3,0,3
2025-04-22 16:24:06.80,s,2,6,13,22,16,31,55,12,-29,-3,18,52,21,26,46,9,12,25,56,33,10,20,30,51,2,4,51,32,4,12,13,-2,29,51,58,33,6,6,6,16,18,71,54,32,4,6,0,1
2025-04-22 16:24:06.81,s,2,5,11,18,10,29,44,9,-33,-6,11,34,14,18,35,6,6,12,41,20,1,13,25,45,-2,2,35,22,5,9,8,0,22,44,50,30,6,3,4,14,15,63,44,33,4,5,-1,0
2025-04-22 16:24:06.82,s,0,-1,5,10,9,23,42,12,-3,-1,6,26,12,16,32,6,1,8,27,18,17,13,20,40,-4,0,23,19,-1,6,10,2,17,36,45,30,6,2,1,8,15,55,38,33,6,4,-1,2
2025-04-22 16:24:06.84,s,1,9,5,10,8,24,34,10,-25,-2,3,12,12,7,22,2,-3,-3,15,15,4,8,17,31,-5,2,11,18,-2,1,4,-2,17,27,39,30,9,2,1,9,9,42,37,30,6,5,-2,0
2025-04-22 16:24:06.85,s,0,1,-2,0,4,11,23,1,-42,-6,-3,4,4,0,13,-1,-6,-11,8,5,-7,2,6,23,-7,0,7,15,-1,-1,-5,0,10,25,35,34,11,-1,-1,2,4,34,28,32,10,5,-3,0
2025-04-22 16:24:06.86,s,0,-5,-1,-5,4,7,14,-2,-15,-7,-2,2,6,-6,9,-7,-6,-8,5,10,7,0,0,11,-8,3,5,18,-1,-4,0,-2,11,19,32,35,8,4,-5,0,2,29,23,33,11,4,-3,0
2025-04-22 16:24:06.87,s,1,1,0,-4,3,6,5,-3,-25,-9,-5,1,5,-9,-2,-7,-6,-7,3,8,-1,-6,-5,2,-7,2,2,20,-1,-7,-4,0,8,19,24,35,11,-2,-4,-6,2,24,19,30,11,4,-3,2
2025-04-22 16:24:06.88,s,0,-2,-6,-2,-2,6,-7,-14,-38,-14,-7,-3,3,-16,-8,-11,-4,-9,2,7,-10,-12,-7,-6,-5,0,5,16,-2,-9,-13,-1,6,12,23,31,9,-3,-7,-10,2,19,18,28,12,2,-3,0
2025-04-22 16:24:06.89,s,-2,-5,-7,-6,-2,3,-7,0,-22,-18,-5,-5,3,-18,-5,-8,-5,-7,4,7,-2,-13,-7,-8,-6,1,4,19,-1,-11,-8,-2,7,14,17,31,9,-4,-9,-14,2,20,15,27,9,4,-3,2
2025-04-22 16:24:06.90,s,1,-2,2,-2,3,5,-5,-1,-22,-15,-3,-1,2,-15,-9,-11,-3,-6,3,9,0,-12,-8,-10,-7,1,5,22,1,-10,-5,-3,9,13,21,33,9,-1,-11,-10,0,24,13,31,11,3,-3,2
2025-04-22 16:24:06.91,open,-3,3,-3,2,-1,8,-9,-7,-36,-12,-7,1,3,-19,-10,-10,-3,-6,9,11,-9,-10,-11,-7,-6,0,9,23,3,-12,-11,0,3,15,20,30,10,-2,-12,-9,1,17,15,28,10,6,-2,0
2025-04-22 16:24:06.93,open,0,-6,-8,-10,-2,0,-12,-3,-29,-13,-8,-1,-1,-17,-12,-11,-4,-2,9,11,-4,-9,-12,-8,-8,2,8,25,3,-12,-9,-2,7,12,16,34,10,2,-11,-10,0,20,13,28,14,4,-2,0
2025-04-22 16:24:06.94,open,13,15,16,9,9,10,-2,8,-14,-11,0,-1,8,-17,-4,-12,0,2,10,17,9,-9,-10,-10,-5,2,6,24,3,-12,-7,-1,3,13,15,30,13,-2,-10,-13,1,18,9,27,11,4,-1,3
2025-04-22 16:24:06.95,open,0,2,-3,-1,1,2,-12,-8,-30,-13,-5,-1,3,-18,-13,-10,-3,-3,9,11,-7,-8,-10,-8,-6,-1,8,21,3,-12,-12,-1,3,10,11,30,10,-5,-11,-14,-3,16,5,25,10,2,-2,0
2025-04-22 16:24:06.96,open,-3,-7,-11,-6,-7,3,-15,-9,-33,-13,-7,0,-1,-17,-11,-9,-4,0,8,10,-9,-9,-11,-9,-6,-1,10,22,1,-13,-12,-4,3,7,12,29,6,-2,-9,-16,1,15,5,25,9,4,-1,0
2025-04-22 16:24:06.98,open,0,2,-4,1,-3,6,-10,8,-18,-9,-1,-2,6,-18,-6,-14,1,2,8,16,5,-6,-12,-10,-6,0,7,21,3,-12,-7,-2,4,9,14,26,10,-3,-11,-13,1,13,6,23,7,1,-2,3
2025-04-22 16:24:06.99,open,0,-2,-1,-1,-4,5,-15,-7,-30,-13,-2,-2,4,-21,-12,-14,0,-1,7,12,-8,-11,-13,-12,-6,0,8,19,1,-14,-12,0,0,9,14,23,8,-3,-12,-15,-1,12,8,22,8,2,-4,2
2025-04-22 16:24:07.00,open,0,-15,-11,-13,-4,-3,-18,-11,-37,-18,-5,-5,1,-21,-14,-11,-4,-6,9,8,-11,-11,-12,-11,-7,0,8,17,-2,-16,-12,-2,3,11,9,28,9,-4,-12,-17,-3,15,5,20,7,2,-5,0
2025-04-22 16:24:07.01,open,0,2,-3,0,-1,5,-14,7,-12,-12,-1,2,3,-17,-6,-12,1,1,8,16,5,-12,-11,-14,-4,1,5,21,1,-15,-9,0,1,10,13,23,9,-6,-15,-19,-1,17,5,23,9,-1,-6,2
2025-04-22 16:24:07.02,open,1,0,1,2,-2,7,-14,-2,-31,-7,-2,-1,5,-20,-13,-12,-3,2,10,10,-3,-12,-10,-12,-5,2,10,24,0,-12,-10,-1,1,13,15,27,8,-4,-15,-20,2,17,6,21,9,-2,-5,2
2025-04-22 16:24:07.03,open,-1,0,0,-2,0,4,-16,-9,-33,-13,-1,-2,4,-19,-14,-12,-3,1,8,12,-12,-10,-11,-13,-4,1,12,23,0,-13,-11,-3,7,11,15,28,8,-3,-14,-22,2,19,9,22,11,-2,-6,1
2025-04-22 16:24:07.04,open,1,-5,-6,-6,-2,0,-13,6,-20,-8,-1,-1,5,-20,-7,-14,1,1,13,16,3,-7,-12,-11,-4,1,13,24,2,-13,-9,-2,5,15,19,28,10,-4,-15,-19,1,20,14,25,9,-2,-5,1
2025-04-22 16:24:07.05,open,2,5,4,0,4,5,-9,-2,-24,-8,-3,4,2,-15,-9,-12,-1,5,12,16,-1,-11,-12,-13,-2,1,14,25,3,-11,-10,-1,8,15,18,32,8,-3,-15,-24,4,24,13,25,12,-5,-8,2
2025-04-22 16:24:07.06,open,0,-2,-7,-3,-5,3,-15,-9,-37,-11,-2,-1,4,-20,-9,-14,0,3,13,12,-9,-10,-13,-9,-4,0,16,26,5,-14,-11,-2,11,18,24,35,9,-3,-16,-24,6,25,19,28,10,-5,-8,2
2025-04-22 16:24:07.08,open,0,-4,-7,-2,-2,7,-14,2,-18,-11,0,-1,5,-18,-3,-11,2,6,16,17,5,-9,-11,-12,0,2,14,29,4,-14,-5,0,13,21,29,35,14,-4,-18,-22,5,29,18,34,10,-3,-9,0
2025-04-22 16:24:07.09,open,1,-3,-1,-2,-2,7,-12,-1,-24,-7,0,-1,6,-17,-9,-14,2,6,15,15,1,-8,-8,-10,-1,2,16,29,3,-15,-8,-2,15,23,29,35,12,-4,-20,-25,5,31,24,33,9,-7,-5,3
2025-04-22 16:24:07.10,open,-2,-2,-4,-5,-1,3,-12,-10,-34,-12,0,-3,4,-18,-11,-14,-2,4,13,12,-10,-11,-10,-11,-2,2,16,26,-1,-13,-13,0,13,22,31,31,10,-5,-21,-30,9,33,21,33,9,-11,-9,2
2025-04-22 16:24:07.11,open,0,-6,-5,-6,0,3,-10,0,-22,-12,0,-3,5,-18,-7,-15,1,3,15,11,-3,-10,-10,-9,-3,0,17,23,3,-15,-11,-1,16,27,30,34,10,-8,-24,-32,7,34,20,32,8,-11,-12,2
2025-04-22 16:24:07.12,open,1,2,-1,2,0,8,-11,2,-26,-6,-1,-2,6,-17,-4,-12,2,2,17,12,-2,-8,-10,-11,-1,2,18,24,3,-12,-10,1,14,29,32,33,12,-6,-23,-29,5,35,22,33,11,-14,-11,2
2025-04-22 16:24:07.13,open,0,-1,-1,-1,-2,9,-12,-7,-33,-12,0,-2,5,-17,-10,-13,-3,3,16,7,-7,-9,-11,-11,-4,2,13,26,0,-13,-13,1,15,26,34,33,9,-5,-22,-32,8,34,27,32,8,-10,-13,2
2025-04-22 16:24:07.15,open,-2,-5,-6,-8,-2,1,-13,-6,-26,-12,-4,-3,0,-16,-10,-15,0,2,16,11,-8,-8,-9,-11,-2,2,18,25,1,-15,-11,1,15,30,34,36,11,-10,-21,-31,8,34,26,35,8,-10,-12,2
2025-04-22 16:24:07.16,open,12,21,10,12,7,11,-4,14,-19,-6,0,3,5,-13,-4,-12,0,8,19,11,8,-7,-10,-10,-4,1,20,26,2,-12,-7,1,15,30,37,36,13,-8,-21,-31,7,39,30,36,11,-15,-10,4
2025-04-22 16:24:07.17,open,1,2,0,-2,1,8,-13,-6,-34,-10,-1,-2,6,-15,-9,-10,-2,1,18,9,-8,-11,-8,-11,-4,2,16,30,2,-16,-10,-1,17,31,38,37,12,-8,-26,-33,8,41,31,37,9,-12,-14,2
2025-04-22 16:24:07.18,open,0,-7,-11,-10,-3,-1,-14,-9,-34,-14,-2,-4,4,-19,-5,-14,-3,5,14,10,-7,-12,-9,-13,-2,2,19,29,1,-14,-10,-2,19,30,38,38,11,-7,-21,-34,9,41,36,36,9,-12,-12,1
2025-04-22 16:24:07.19,open,2,0,0,-1,2,6,-10,6,-15,-10,0,-1,6,-15,-4,-13,-1,6,16,13,4,-6,-10,-9,0,3,16,29,2,-15,-7,1,17,34,41,35,12,-10,-27,-33,7,41,37,34,11,-15,-18,2
2025-04-22 16:24:07.20,open,1,1,0,2,-1,10,-12,-6,-29,-9,-3,-1,4,-18,-6,-14,-1,1,17,7,-9,-7,-9,-13,-2,2,16,26,2,-16,-11,-2,20,33,41,34,11,-7,-27,-34,7,39,38,36,7,-14,-16,1
2025-04-22 16:24:07.21,open,0,-8,-8,-9,-2,1,-12,-8,-38,-14,-2,-5,4,-18,-6,-11,-4,1,16,5,-11,-10,-11,-10,-4,1,21,25,0,-14,-12,0,19,30,40,37,8,-7,-24,-38,9,40,37,35,9,-15,-15,1
2025-04-22 16:24:07.22,open,0,8,0,5,2,12,-8,10,-17,-5,-2,3,4,-16,1,-11,0,4,17,11,5,-9,-7,-11,-2,2,20,24,2,-15,-6,0,17,35,39,38,10,-10,-26,-38,10,42,35,36,11,-18,-17,3
2025-04-22 16:24:07.24,open,1,2,-1,-1,-1,9,-10,-2,-32,-6,-2,2,5,-17,-4,-13,-1,2,19,8,-8,-5,-10,-9,-4,2,20,27,4,-14,-8,2,19,34,44,37,9,-6,-24,-37,5,43,35,38,9,-15,-13,2
2025-04-22 16:24:07.25,open,1,2,1,0,3,7,-7,-5,-37,-7,-4,-2,4,-18,-6,-15,-2,0,17,7,-11,-8,-10,-10,-4,3,19,26,2,-15,-9,-2,19,31,42,38,9,-7,-25,-33,7,44,36,36,10,-18,-13,2
2025-04-22 16:24:07.26,open,-1,-2,-4,-4,1,6,-10,5,-17,-8,-2,2,4,-12,-2,-11,-2,7,18,9,3,-5,-7,-9,0,3,23,26,0,-12,-6,1,18,31,44,38,7,-6,-24,-33,9,42,37,35,8,-15,-14,3
2025-04-22 16:24:07.27,open,1,4,-2,3,2,11,-8,2,-27,-5,1,-1,7,-14,-7,-14,-2,2,17,10,-4,-8,-6,-10,-2,2,19,27,1,-14,-7,-2,20,31,42,36,9,-6,-24,-32,7,43,39,34,9,-16,-15,2
2025-04-22 16:24:07.28,open,1,-2,-3,-2,1,5,-9,-9,-35,-10,-2,-2,3,-14,-11,-14,-8,3,15,7,-11,-8,-8,-11,-6,3,20,26,2,-14,-10,0,19,33,41,39,9,-8,-23,-31,10,41,35,38,10,-18,-12,2
2025-04-22 16:24:07.29,open,-1,-3,-7,-6,0,5,-10,3,-22,-8,0,-3,5,-16,1,-12,-2,1,18,8,-1,-5,-8,-8,-4,0,22,23,2,-13,-7,1,16,35,41,38,11,-8,-21,-32,8,41,39,36,8,-14,-14,2
2025-04-22 16:24:07.30,open,0,2,-4,-1,3,5,-8,0,-25,-10,1,-1,4,-15,-4,-11,-3,1,18,8,-3,-8,-6,-9,-4,1,22,26,1,-12,-8,-1,21,33,41,39,9,-5,-24,-31,7,44,37,34,12,-16,-16,3
2025-04-22 16:24:07.31,open,-1,3,-4,2,-2,10,-12,-7,-37,-5,-2,-2,5,-17,-5,-13,-3,1,15,8,-10,-8,-6,-9,-6,4,20,25,4,-13,-12,1,17,36,45,38,10,-5,-23,-29,8,42,41,37,10,-15,-16,3
2025-04-22 16:24:07.33,open,0,-4,-3,-4,2,6,-8,3,-22,-6,-1,-2,6,-16,1,-13,-2,1,18,9,0,-7,-7,-10,-3,2,22,27,0,-9,-7,-1,22,31,44,37,10,-6,-23,-33,10,40,40,37,8,-14,-14,3
2025-04-22 16:24:07.34,open,1,2,-3,2,0,13,-8,4,-24,-5,-1,3,4,-10,-3,-11,-4,6,18,7,0,-5,-6,-7,-4,3,22,27,5,-13,-2,0,21,35,42,40,9,-5,-20,-33,11,40,36,39,10,-14,-14,2
2025-04-22 16:24:07.35,open,0,5,1,0,4,10,-7,-6,-32,-8,1,-1,7,-13,-3,-14,-2,0,17,8,-10,-3,-6,-8,-2,2,20,27,1,-9,-8,0,19,34,39,39,9,-6,-20,-34,10,40,35,37,7,-13,-12,3
2025-04-22 16:24:07.36,open,-2,-2,-9,-4,-3,8,-10,-1,-30,-6,-3,-1,3,-12,-4,-11,-5,3,16,6,-4,-6,-8,-7,-4,2,18,26,1,-10,-8,1,18,31,43,35,10,-7,-23,-31,7,39,37,38,8,-13,-12,2
2025-04-22 16:24:07.37,open,13,20,15,10,12,16,2,13,-15,-4,3,3,9,-12,3,-8,-2,5,19,10,6,-3,-6,-6,-5,3,20,27,2,-12,-2,-1,22,34,41,38,11,-8,-19,-33,10,41,35,39,11,-16,-14,3
2025-04-22 16:24:07.38,open,0,4,2,0,5,11,-3,-1,-30,-6,2,-1,6,-14,-3,-12,-2,2,18,8,-7,-6,-5,-7,-2,3,19,27,3,-14,-5,-2,22,34,42,37,9,-4,-21,-29,8,41,39,34,11,-13,-14,1
2025-04-22 16:24:07.39,open,1,-6,-7,-6,-2,6,-12,-6,-31,-9,0,-2,4,-13,-4,-12,-6,4,17,8,-9,-2,-7,-7,-4,2,24,24,1,-9,-9,1,19,35,46,38,10,-8,-19,-30,10,41,41,38,9,-14,-14,2
2025-04-22 16:24:07.41,open,2,4,1,1,2,10,-5,9,-18,-1,0,4,7,-13,3,-9,1,3,22,11,7,-3,-6,-6,-3,1,24,28,2,-12,-1,0,22,34,46,42,10,-3,-23,-28,9,45,41,36,14,-15,-10,5
2025-04-22 16:24:07.42,open,2,-2,-1,1,0,11,-9,-1,-32,-3,-2,3,5,-10,-4,-10,-4,6,18,10,-2,-5,-4,-6,-4,4,23,29,6,-8,-7,1,18,39,48,41,11,-3,-20,-26,9,44,42,39,11,-12,-12,0
2025-04-22 16:24:07.43,open,-2,-3,-9,-4,-3,5,-11,-8,-34,-8,-2,3,1,-12,-5,-9,-5,6,19,9,-10,-4,-6,-5,-3,1,28,32,2,-6,-7,-2,23,36,47,44,16,-5,-19,-26,8,47,43,39,14,-13,-13,3
2025-04-22 16:24:07.44,open,1,8,0,4,6,10,-3,15,-16,-2,1,7,5,-7,3,-10,0,9,23,14,10,-2,-4,-7,-2,2,29,30,7,-9,-3,2,21,41,49,42,17,-3,-18,-23,10,45,44,39,15,-12,-12,3
2025-04-22 16:24:07.45,open,1,5,3,3,5,15,-4,1,-29,-3,2,5,8,-10,1,-8,-1,4,24,12,-4,0,-2,-5,0,4,26,34,4,-6,-4,-1,23,37,49,44,13,-2,-17,-24,9,48,45,40,14,-8,-12,3
2025-04-22 16:24:07.46,open,-2,5,2,1,5,10,-2,-2,-34,-7,-5,2,3,-9,-5,-11,-2,7,19,11,-5,-3,-5,-4,-3,0,28,31,4,-6,-7,0,22,39,48,42,12,-1,-17,-24,9,43,44,40,11,-11,-12,2
2025-04-22 16:24:07.47,open,0,-3,-5,-3,2,11,-7,6,-16,-5,3,3,5,-6,4,-9,-1,5,21,11,8,1,-5,-5,-3,2,26,30,6,-7,-2,0,21,36,44,44,13,-5,-16,-26,9,42,42,39,12,-10,-7,2
2025-04-22 16:24:07.49,open,2,7,5,3,8,13,0,3,-23,-3,-1,6,5,-8,1,-7,-1,5,19,12,0,-3,-3,-6,-5,4,23,27,3,-6,-4,1,21,35,42,43,12,-6,-15,-25,9,43,38,39,12,-13,-8,2
2025-04-22 16:24:07.50,open,0,0,-5,1,0,11,-6,-5,-38,-4,-2,4,5,-13,-1,-10,-4,5,15,11,-8,-2,-6,-6,-4,3,20,29,2,-6,-7,1,19,33,46,38,11,-1,-17,-24,5,42,37,36,12,-12,-9,3
2025-04-22 16:24:07.51,open,-1,-3,-5,-1,1,7,-5,7,-17,-6,1,3,5,-8,1,-11,-1,6,17,14,7,-3,-2,-5,-2,3,21,30,4,-9,0,0,17,34,42,38,12,-2,-17,-24,5,42,34,39,12,-13,-8,3
2025-04-22 16:24:07.52,open,1,5,1,1,5,10,-1,2,-21,-5,4,3,9,-10,2,-10,0,4,17,14,0,1,-2,-4,-4,2,22,25,6,-8,-1,-2,21,31,42,41,11,-1,-15,-25,8,41,36,38,11,-8,-9,2
2025-04-22 16:24:07.53,open,1,2,1,-1,4,10,-7,-8,-33,-7,1,4,4,-8,-4,-8,-5,5,17,11,-8,-1,-3,-5,-1,2,20,31,5,-7,-7,0,21,33,42,41,12,0,-15,-24,7,41,35,40,12,-7,-9,2
2025-04-22 16:24:07.54,open,0,0,-6,1,-2,12,-6,3,-20,-6,2,2,8,-10,5,-7,-1,3,19,12,2,0,-3,-2,-3,1,24,29,4,-9,1,0,21,33,39,43,12,1,-14,-20,7,39,38,37,14,-7,-11,3
2025-04-22 16:24:07.55,open,1,5,0,5,1,15,-4,5,-21,-4,4,4,8,-10,1,-9,-4,6,17,11,4,0,-5,-4,-5,5,22,30,7,-5,-3,2,17,35,44,41,15,-3,-13,-23,10,37,38,39,11,-6,-9,4
2025-04-22 16:24:07.56,open,1,4,0,4,1,14,-5,-5,-33,-2,1,2,8,-12,-1,-7,-3,1,17,9,-5,0,-3,-4,-3,2,21,28,4,-4,-5,0,16,33,41,40,13,-3,-14,-23,8,38,34,39,12,-9,-7,2
2025-04-22 16:24:07.57,open,1,-6,-5,-5,-2,6,-10,-2,-23,-7,-2,4,3,-9,-1,-8,-6,2,15,10,-5,0,-4,-4,-2,2,19,25,6,-8,-3,-2,17,29,39,39,12,3,-15,-20,7,36,35,35,15,-10,-6,2
2025-04-22 16:24:07.58,open,14,24,11,14,7,18,-1,13,-17,2,1,9,6,-7,2,-10,-2,3,15,16,7,-2,0,-4,-2,2,14,27,3,-4,0,-2,17,27,37,38,11,0,-14,-21,8,35,31,35,15,-7,-8,3
2025-04-22 16:24:07.59,open,0,-3,1,0,3,11,-8,-4,-29,-4,-1,4,5,-9,-4,-9,-6,-1,12,11,-7,-2,-1,-5,-3,2,13,26,3,-7,-2,-2,17,26,33,36,11,2,-15,-19,4,34,29,32,14,-5,-8,3
2025-04-22 16:24:07.62,s,0,-4,-6,-2,-4,10,-10,-5,-34,-4,-2,4,4,-14,-1,-10,-6,0,9,10,-7,-2,-4,-7,-4,2,15,25,1,-5,-3,1,16,24,34,35,10,-3,-11,-18,5,30,29,33,9,-6,-8,2
2025-04-22 16:24:07.63,s,1,6,-2,6,4,10,-2,9,-15,-2,4,5,7,-8,6,-9,-4,1,11,14,9,0,-1,-4,-4,2,11,25,1,-3,2,-1,15,25,31,36,13,1,-12,-17,6,29,28,33,10,-4,-7,2
2025-04-22 16:24:07.64,s,0,3,-4,2,3,10,-2,-3,-26,-5,3,4,8,-8,-2,-9,-7,0,10,10,-4,0,1,-5,-4,2,12,23,2,-3,-3,1,14,23,34,36,12,0,-12,-18,7,29,27,34,10,-3,-6,3
2025-04-22 16:24:07.65,s,-2,-4,-8,-1,-3,10,-7,-7,-37,-4,-1,2,4,-7,-3,-8,-9,-1,10,7,-8,-2,1,-5,-4,2,12,22,3,-4,-3,-2,16,23,31,36,11,2,-10,-18,5,27,28,32,11,-5,-8,2
2025-04-22 16:24:07.66,s,2,9,4,4,7,16,4,13,-8,-2,6,5,11,-4,9,-9,-3,0,11,10,12,5,0,-2,-7,2,11,24,3,-1,3,1,13,27,32,34,13,4,-10,-15,3,31,28,33,11,-4,-7,3
2025-04-22 16:24:07.67,s,1,5,2,3,5,17,2,1,-27,-3,4,5,11,-2,2,-8,-4,-3,10,9,1,5,2,0,-5,1,8,23,3,-4,1,-2,15,22,31,34,13,4,-9,-14,4,27,26,34,11,-4,-3,3
2025-04-22 16:24:07.68,s,2,5,5,2,6,18,2,-5,-34,-2,-1,7,8,-4,6,-7,-7,-7,7,9,-7,4,2,-1,-5,1,10,18,4,-1,-2,1,10,26,28,31,11,3,-8,-15,2,29,22,34,13,-4,-3,3
2025-04-22 16:24:07.69,s,-2,1,-3,1,5,16,9,13,-14,-3,6,7,14,3,11,-4,-4,-5,9,14,8,9,6,3,-4,0,10,19,5,2,5,1,11,26,29,34,14,6,-7,-9,4,27,22,32,14,-2,-3,3
2025-04-22 16:24:07.70,s,1,5,6,4,10,18,14,3,-22,-2,7,10,15,4,13,-2,-7,-6,12,13,4,9,7,4,-5,1,11,23,4,7,6,-2,15,25,31,36,13,10,-3,-9,5,28,29,36,14,5,0,2
2025-04-22 16:24:07.71,s,0,2,2,2,8,18,15,-1,-33,1,5,10,13,3,14,-2,-10,-6,8,14,-3,11,9,8,-6,1,11,23,5,8,5,1,13,29,35,35,16,9,0,-6,5,31,28,36,12,6,2,2
2025-04-22 16:24:07.72,s,0,0,0,7,5,23,19,6,-17,1,9,15,15,9,20,-1,-5,-5,12,16,12,11,10,12,-8,2,8,23,6,6,10,1,14,29,34,38,16,10,3,-4,8,33,33,34,13,3,0,2
2025-04-22 16:24:07.73,s,2,2,5,8,12,26,32,9,-19,1,12,18,17,13,21,0,-5,-3,15,21,7,16,16,21,-7,1,15,22,3,10,14,2,16,33,39,36,14,9,5,-3,8,36,36,33,12,4,-2,2
2025-04-22 16:24:07.75,s,0,3,2,9,8,30,30,5,-34,3,8,23,15,12,29,5,-7,-4,22,17,-2,14,17,27,-10,4,14,23,4,8,15,-1,19,34,39,36,10,11,7,0,7,43,35,32,11,3,0,2
2025-04-22 16:24:07.76,s,-2,2,2,9,10,28,38,8,-13,2,13,31,15,21,35,8,-6,6,28,24,15,18,24,35,-7,3,21,26,4,15,19,1,16,36,42,35,9,10,7,6,8,44,38,32,7,2,-1,3
2025-04-22 16:24:07.77,s,2,4,10,17,15,33,42,11,-15,5,16,38,21,22,38,6,-1,9,35,33,14,25,28,40,-5,2,31,31,10,16,25,1,18,37,44,37,12,13,12,10,9,48,38,34,12,5,0,4
2025-04-22 16:24:07.78,s,1,5,10,17,15,34,44,10,-27,5,17,44,22,28,36,8,-2,18,44,34,11,25,30,46,-8,6,42,40,7,24,23,1,21,40,50,37,13,16,16,12,11,52,41,37,11,6,5,0
2025-04-22 16:24:07.79,s,1,4,17,31,18,39,52,14,-13,9,30,73,25,42,51,16,1,24,65,52,21,37,42,56,0,8,62,52,12,28,31,-2,26,46,60,42,14,25,19,20,12,60,46,37,12,13,10,3
2025-04-22 16:24:07.80,s,18,32,39,52,36,54,73,27,2,13,39,92,39,57,63,18,11,38,76,69,46,49,50,62,2,8,73,65,18,41,40,3,29,54,70,49,19,33,24,23,17,62,54,41,15,16,15,4
2025-04-22 16:24:07.82,s,2,13,31,41,33,55,68,18,-23,17,40,93,40,60,61,20,11,43,83,73,27,51,54,67,3,9,79,72,20,46,36,1,30,62,72,50,19,36,28,30,16,60,54,36,12,26,19,2
2025-04-22 16:24:07.83,s,0,5,23,32,28,58,69,17,-14,19,38,89,38,68,67,22,13,48,85,65,31,54,54,67,4,7,80,62,20,45,36,1,32,67,65,38,16,33,25,28,15,59,48,24,7,20,13,2
2025-04-22 16:24:07.84,s,3,26,40,42,47,77,91,25,18,26,47,94,52,81,79,23,23,57,97,66,53,65,58,72,8,6,84,64,23,49,45,1,42,74,70,41,13,35,25,27,20,75,50,24,3,14,14,4
2025-04-22 16:24:07.85,s,3,26,39,42,45,92,97,22,-14,32,45,95,51,96,83,21,22,65,94,65,36,68,57,70,9,10,90,70,26,55,40,1,47,85,82,46,17,38,25,27,25,93,58,28,6,19,14,3
2025-04-22 16:24:07.86,s,-1,16,27,36,45,87,98,16,-10,28,44,92,57,99,94,21,25,69,101,79,43,74,61,71,13,10,101,82,33,64,39,2,49,98,94,61,29,43,28,30,26,114,71,39,12,29,16,2
2025-04-22 16:24:07.87,s,4,41,42,55,60,106,106,32,33,39,53,106,68,116,107,23,33,82,111,89,79,83,66,73,18,10,110,97,44,70,51,2,58,105,111,73,37,49,35,30,33,114,87,52,19,37,20,4
2025-04-22 16:24:07.89,s,4,33,44,47,64,108,113,26,-8,48,54,109,78,130,113,23,33,92,112,98,84,99,77,76,18,12,114,109,61,92,49,3,61,114,117,78,53,68,43,34,34,121,90,62,31,45,23,2
2025-04-22 16:24:07.90,s,1,35,40,49,72,113,112,23,-2,50,57,114,95,145,122,23,36,89,114,108,101,126,91,78,16,9,116,118,90,122,69,4,58,110,116,86,68,96,65,42,33,119,89,71,39,69,37,3
2025-04-22 16:24:07.91,s,4,38,52,56,94,123,119,33,47,59,62,129,107,163,124,29,37,94,113,113,131,137,100,75,18,12,114,126,101,138,83,3,59,105,110,91,75,101,77,46,35,116,83,68,44,74,41,3
2025-04-22 16:24:07.92,s,5,46,56,58,103,121,120,26,3,60,66,129,111,162,118,26,38,94,110,116,128,137,97,72,18,10,110,128,103,139,82,1,61,106,107,90,78,101,75,43,32,116,79,70,42,77,45,2
2025-04-22 16:24:07.93,s,3,33,41,49,101,119,111,19,-6,52,49,124,111,166,123,30,33,86,100,111,128,140,102,76,17,10,100,121,106,139,88,1,59,99,97,85,78,104,80,48,29,111,73,63,44,76,42,1
2025-04-22 16:24:07.94,s,2,39,40,58,108,131,119,32,43,54,47,131,123,177,127,32,39,83,97,117,143,150,113,80,16,10,98,123,111,145,96,1,59,98,95,87,82,104,86,50,32,111,71,66,46,77,46,3
2025-04-22 16:24:07.95,s,3,40,42,56,105,130,121,29,2,48,38,121,121,170,126,32,33,77,84,113,134,146,110,83,16,9,86,121,110,143,90,2,55,98,89,82,80,106,80,49,30,111,64,65,43,77,46,2
2025-04-22 16:24:07.96,s,3,29,31,49,105,123,116,21,-16,37,33,118,118,172,121,28,31,76,80,115,135,148,107,82,12,6,88,120,114,144,93,2,56,97,92,83,83,104,84,48,31,111,67,67,44,80,47,0
2025-04-22 16:24:07.97,s,4,32,36,59,116,129,123,31,43,45,42,134,132,180,126,30,37,75,88,123,153,150,115,79,14,9,92,130,119,150,97,1,56,94,93,87,85,107,85,48,30,110,64,69,49,75,51,2
2025-04-22 16:24:07.98,s,6,46,49,68,126,136,128,34,10,52,44,147,137,183,133,26,34,77,90,127,151,155,115,80,15,9,96,133,124,154,96,1,57,95,93,89,88,109,85,50,29,112,69,68,49,77,50,2
2025-04-22 16:24:08.00,s,2,45,45,72,128,137,129,26,-11,52,49,155,142,189,134,29,33,82,97,131,160,155,121,83,13,8,103,145,131,158,105,1,55,95,101,92,92,108,91,52,28,109,75,74,54,81,53,3
2025-04-22 16:24:08.01,s,4,38,42,70,125,134,124,29,38,51,47,158,141,187,133,28,36,81,93,135,162,157,120,82,13,9,98,144,129,156,103,2,55,92,97,91,92,106,91,50,28,108,69,73,48,80,50,2
2025-04-22 16:24:08.02,s,22,70,64,91,139,152,136,41,31,54,46,161,141,191,137,31,36,74,89,132,162,154,120,81,14,8,91,141,127,153,101,2,55,92,87,89,92,108,85,49,26,108,60,73,51,77,53,5
2025-04-22 16:24:08.03,s,2,47,39,76,129,139,130,29,-9,51,40,160,141,189,137,30,31,77,84,135,157,156,123,82,12,9,90,142,130,156,101,4,53,90,92,89,91,108,88,54,28,105,61,74,50,76,55,2
2025-04-22 16:24:08.04,s,3,36,28,65,122,130,122,25,25,53,37,153,137,183,137,31,36,76,80,130,157,154,116,84,10,9,83,141,127,153,99,1,54,92,82,89,88,108,87,52,26,105,56,72,50,76,53,2
2025-04-22 16:24:08.05,s,7,55,47,79,133,139,133,42,46,62,39,156,141,185,137,31,38,78,76,129,159,155,113,85,11,8,78,134,124,152,96,3,55,92,77,84,88,107,84,52,28,102,51,66,47,77,49,3
2025-04-22 16:24:08.07,s,3,43,32,72,120,134,119,25,-3,55,36,154,137,180,133,30,33,77,68,130,151,153,113,78,14,8,77,136,123,152,94,1,56,89,78,83,86,107,83,50,30,101,51,66,46,77,46,1
2025-04-22 16:24:08.08,s,4,34,28,63,121,126,119,24,18,57,36,159,133,185,130,25,33,77,70,134,157,153,114,81,13,5,80,138,125,153,95,3,53,92,73,87,90,104,87,48,28,99,49,68,46,80,49,1
2025-04-22 16:24:08.09,s,10,67,52,89,140,144,132,43,63,73,44,168,144,191,137,29,39,81,75,134,169,155,121,82,12,9,78,139,131,153,102,3,53,92,76,86,89,109,89,49,31,98,50,71,47,78,53,4
2025-04-22 16:24:08.10,s,5,52,43,75,133,135,124,25,6,66,41,165,138,187,132,26,36,77,71,134,160,154,116,80,11,8,75,143,128,156,102,2,55,89,72,88,91,108,90,51,29,99,43,71,50,76,50,2
2025-04-22 16:24:08.11,s,4,46,38,70,128,131,121,25,15,64,38,162,136,184,133,30,35,73,69,132,156,156,116,81,10,5,76,141,127,155,98,4,53,84,71,85,90,108,88,55,25,94,43,67,48,76,53,1
2025-04-22 16:24:08.12,s,5,51,42,75,132,134,124,34,65,68,41,163,139,186,130,28,37,75,65,133,166,152,115,79,11,4,69,137,126,153,96,3,53,82,63,84,89,106,87,51,28,91,32,65,46,78,50,3
2025-04-22 16:24:08.13,s,5,57,38,79,128,137,122,29,15,66,37,156,141,180,127,26,36,70,59,132,156,154,114,78,11,7,68,138,124,152,95,2,53,81,60,83,86,107,86,50,26,91,28,65,47,77,52,2
2025-04-22 16:24:08.14,s,3,42,27,68,119,125,115,23,7,62,35,154,137,179,127,28,32,72,58,129,153,153,113,80,8,3,67,136,127,152,95,4,48,81,63,81,91,105,84,54,24,93,29,66,48,74,53,0
2025-04-22 16:24:08.16,s,4,46,37,74,129,134,118,35,63,69,39,159,142,184,129,28,37,74,57,134,166,154,113,78,11,6,62,138,127,148,97,1,51,81,57,83,88,106,85,55,26,88,26,65,47,75,53,3
2025-04-22 16:24:08.17,s,5,52,39,73,124,134,118,27,23,73,34,159,136,183,126,24,37,71,55,131,158,150,113,75,10,9,62,137,126,148,95,2,50,82,53,83,88,104,85,50,23,90,22,64,48,74,51,2
2025-04-22 16:24:08.18,s,3,50,32,65,124,125,116,24,7,75,35,156,137,178,130,29,37,70,56,131,153,153,114,76,12,5,63,136,126,152,97,2,52,84,55,79,90,104,87,54,23,90,23,63,49,75,52,2
2025-04-22 16:24:08.19,s,4,59,37,76,127,135,118,33,66,81,38,162,140,186,133,29,42,75,57,132,165,153,117,78,14,5,60,137,127,154,101,2,54,81,53,82,90,104,87,55,24,88,22,63,49,73,52,3
2025-04-22 16:24:08.20,s,8,66,47,77,134,137,122,33,37,84,43,159,137,187,130,29,38,77,56,132,159,154,117,83,13,5,63,136,129,155,100,4,51,83,54,84,90,103,92,54,28,87,23,64,49,76,53,2
2025-04-22 16:24:08.21,s,3,58,37,73,126,128,121,25,9,78,41,155,140,180,134,31,39,74,56,133,155,155,118,83,12,5,62,136,127,154,101,3,49,79,55,79,90,105,89,57,24,88,22,64,49,73,55,2
2025-04-22 16:24:08.22,s,5,49,35,66,123,126,116,26,54,82,39,161,137,182,133,32,38,74,59,134,160,153,120,79,12,6,63,138,129,153,103,2,51,82,55,81,91,105,92,58,24,87,25,62,50,77,53,1
2025-04-22 16:24:08.23,s,25,86,66,93,145,145,136,44,51,86,48,166,145,188,138,30,40,75,64,134,165,155,120,82,14,5,66,136,129,155,103,2,50,79,54,83,90,104,93,55,23,85,22,65,48,74,55,4
2025-04-22 16:24:08.25,s,3,58,44,76,126,135,122,25,6,81,43,162,140,184,137,32,37,72,63,131,155,156,118,85,11,5,68,136,127,155,102,4,50,78,57,81,88,107,89,58,23,84,24,64,50,76,56,0
2025-04-22 16:24:08.26,s,1,43,28,68,118,128,114,23,38,78,44,163,135,186,134,30,36,75,63,132,158,156,120,84,11,5,68,136,127,155,102,2,48,77,56,79,86,107,89,56,21,82,22,62,48,75,53,2
2025-04-22 16:24:08.27,s,5,68,52,88,134,143,128,38,62,85,51,169,142,191,139,32,38,78,66,131,166,155,121,84,10,8,65,133,129,155,102,3,48,77,53,82,88,104,92,56,23,80,22,58,49,75,50,3
2025-04-22 16:24:08.28,s,5,56,46,75,129,131,124,27,10,82,48,162,141,184,135,33,37,75,63,131,157,154,118,83,12,6,63,137,126,155,104,2,49,74,53,82,88,105,88,56,23,77,21,62,49,75,54,0
2025-04-22 16:24:08.29,s,4,43,35,65,121,123,117,21,31,78,45,157,137,180,134,33,36,72,63,131,153,152,120,83,11,6,65,134,124,151,102,0,49,74,48,79,86,107,92,58,22,73,21,60,47,75,50,1
2025-04-22 16:24:08.31,s,10,72,58,88,133,142,127,41,73,87,53,165,144,185,137,29,39,77,64,134,163,152,115,80,10,6,64,133,126,151,101,0,51,73,52,78,86,104,91,54,21,76,20,62,46,77,51,5
2025-04-22 16:24:08.32,s,6,59,49,79,126,135,119,25,15,82,50,162,137,184,130,29,33,77,64,132,155,152,116,82,12,6,67,134,124,148,100,3,46,74,54,76,85,107,87,58,20,75,24,58,46,77,51,1
2025-04-22 16:24:08.33,s,5,59,46,76,122,131,115,22,26,81,48,159,133,180,129,29,34,72,67,129,151,153,114,81,11,5,68,133,123,152,97,4,44,74,52,78,86,104,86,55,20,73,21,62,47,74,51,0
2025-04-22 16:24:08.34,s,6,56,50,75,128,130,123,33,73,87,56,166,140,185,132,29,38,79,71,134,164,151,117,80,11,10,69,134,125,152,97,2,47,74,54,79,88,103,91,56,21,71,21,59,49,74,54,3
2025-04-22 16:24:08.35,s,7,66,56,78,128,131,119,29,23,89,55,165,134,179,130,31,37,75,73,129,149,153,112,80,11,6,67,133,121,149,95,3,45,72,53,76,83,106,84,52,20,67,20,57,44,75,49,4
2025-04-22 16:24:08.37,s,2,59,43,75,117,127,111,21,16,84,52,161,129,176,125,30,37,71,68,130,145,151,109,76,11,5,67,129,119,148,92,1,45,71,53,75,83,105,81,55,19,67,23,55,46,74,46,1
2025-04-22 16:24:08.38,s,4,57,51,73,122,126,119,35,69,89,52,164,132,175,127,29,38,72,72,129,152,148,108,79,12,6,67,129,117,143,92,1,46,70,48,77,80,103,82,51,21,67,20,56,42,72,47,2
2025-04-22 16:24:08.39,s,6,59,53,78,121,129,114,26,27,85,51,162,129,174,122,29,34,73,69,124,145,149,104,78,8,4,66,125,116,143,87,4,43,67,52,73,78,104,80,51,18,65,21,51,43,73,46,2
2025-04-22 16:24:08.40,s,4,56,43,71,114,118,112,19,11,78,52,156,124,169,119,26,32,70,72,123,139,148,101,77,8,8,68,123,113,143,85,4,41,70,50,71,78,102,78,49,17,64,20,51,43,74,44,0
2025-04-22 16:24:08.41,s,5,58,51,75,119,124,116,31,66,79,55,159,129,169,123,25,33,72,72,127,148,146,103,75,10,6,68,126,113,140,85,1,43,67,52,75,77,102,77,52,18,61,23,51,43,72,44,3
2025-04-22 16:24:08.43,s,6,64,57,79,124,127,118,31,32,81,57,159,131,170,118,26,32,71,75,127,145,144,100,76,7,8,70,127,115,139,85,4,43,69,57,75,77,104,75,50,17,67,26,52,41,74,42,3
2025-04-22 16:24:08.44,s,5,56,51,75,117,121,112,22,6,75,55,158,125,168,117,26,29,69,77,128,140,145,115,75,9,6,72,129,114,138,87,0,43,68,57,75,77,102,78,53,19,67,27,51,44,73,43,0
2025-04-22 16:24:08.45,s,3,56,47,73,111,120,105,21,54,81,59,164,127,168,121,25,33,73,85,129,148,147,101,72,11,8,77,132,116,139,88,1,46,69,65,81,80,104,80,50,19,69,30,58,46,74,44,3
2025-04-22 16:24:08.46,s,26,86,77,94,130,133,123,37,50,86,70,166,132,171,119,27,37,72,90,132,149,146,102,77,10,5,81,130,114,142,85,0,43,69,65,78,79,105,77,54,18,68,33,56,44,72,46,3
2025-04-22 16:24:08.47,s,5,62,54,83,113,125,112,22,6,80,62,161,121,167,115,25,30,70,84,126,139,141,97,74,6,8,77,129,113,137,83,1,42,69,66,78,76,104,77,49,17,68,31,57,40,75,44,2
2025-04-22 16:24:08.48,s,3,43,43,67,104,113,105,22,33,76,57,155,120,159,117,23,32,66,84,126,134,141,97,76,7,6,77,125,107,131,77,2,41,69,61,75,72,101,69,49,15,68,31,50,41,69,40,2
2025-04-22 16:24:08.49,s,8,64,61,82,114,122,119,34,55,78,61,163,119,162,117,26,33,73,87,122,137,136,95,75,10,6,78,121,101,129,77,1,45,70,64,75,70,100,70,50,19,69,35,49,40,70,37,2
2025-04-22 16:24:08.50,s,6,60,55,79,102,120,114,23,10,80,60,158,106,153,119,29,33,70,89,119,119,132,97,79,10,6,81,118,95,122,79,0,46,75,66,71,66,96,67,51,20,75,41,48,36,65,37,0
2025-04-22 16:24:08.51,s,3,41,42,63,74,103,108,18,28,76,61,150,90,142,123,29,34,78,88,114,104,123,98,84,9,6,81,109,81,118,77,3,46,79,68,65,60,88,65,50,23,82,46,40,30,64,36,0
2025-04-22 16:24:08.52,s,11,76,71,86,84,119,127,41,76,94,81,163,92,147,135,33,44,92,107,116,107,122,110,90,19,9,95,113,78,114,86,2,54,90,81,70,57,90,68,54,30,96,62,47,31,60,39,3
2025-04-22 16:24:08.54,s,5,65,67,79,66,108,116,26,16,100,85,165,78,136,133,37,44,103,123,120,92,121,110,98,17,11,112,121,78,112,87,2,58,100,100,77,60,85,68,54,34,105,74,55,31,60,39,0
2025-04-22 16:24:08.55,s,5,57,59,71,60,98,114,23,24,84,80,154,68,129,131,40,41,98,122,113,77,115,113,99,20,11,110,113,66,107,84,4,55,103,101,74,52,80,64,51,32,106,79,50,29,54,35,1
2025-04-22 16:24:08.56,s,5,56,62,78,65,104,124,36,70,83,85,159,70,132,137,42,46,103,124,110,86,113,112,105,19,11,112,113,61,104,83,1,59,101,108,76,49,79,62,51,34,108,82,56,25,56,34,3
2025-04-22 16:24:08.57,s,3,48,52,73,56,101,117,30,10,56,67,143,63,123,129,38,36,89,116,104,67,106,114,107,19,11,109,106,51,96,79,1,55,98,102,69,45,66,57,46,33,105,83,52,22,51,27,2
2025-04-22 16:24:08.58,s,1,10,28,49,42,82,104,21,-18,20,39,112,49,105,120,36,24,70,96,87,48,86,101,99,13,10,88,86,31,71,65,1,46,83,88,51,27,42,41,38,26,98,71,40,10,32,16,2
2025-04-22 16:24:08.60,s,1,6,23,40,32,65,96,25,8,4,30,85,41,82,109,23,21,48,77,70,51,53,73,79,9,9,77,62,15,36,38,2,37,73,74,41,13,9,15,22,27,85,62,30,0,5,2,2
2025-04-22 16:24:08.61,s,1,4,16,26,25,50,81,21,-21,-5,15,63,29,56,83,19,10,26,63,50,25,27,48,70,2,6,54,48,10,15,23,0,32,58,59,33,9,3,7,17,19,74,52,26,1,0,-2,3
2025-04-22 16:24:08.62,s,0,-3,11,13,13,26,56,11,-43,-12,9,36,16,26,50,12,-3,14,40,31,5,11,35,54,0,5,38,35,3,7,12,0,22,41,48,29,4,1,5,15,12,58,43,28,4,-1,-2,0
2025-04-22 16:24:08.63,s,-1,-2,-1,7,5,21,38,10,-16,-11,5,15,14,15,31,4,-2,5,23,22,16,8,23,40,-3,2,24,25,4,6,7,1,18,28,44,35,8,11,1,10,11,45,35,34,9,0,2,2
2025-04-22 16:24:08.64,s,2,2,8,3,9,16,30,7,-22,-13,2,5,10,1,22,0,-7,-10,14,14,9,3,11,24,-4,1,8,26,3,-1,5,-2,15,23,38,36,11,4,-3,1,8,35,29,35,11,0,0,2
2025-04-22 16:24:08.65,s,1,2,3,0,5,10,11,-5,-37,-15,-1,1,4,-6,7,-3,-11,-20,7,8,-8,-7,5,13,-9,0,6,24,-3,-7,-7,-2,10,17,35,35,11,-2,-9,-6,3,29,26,34,10,-2,-1,1
2025-04-22 16:24:08.66,s,0,-7,-11,-7,-6,-2,-4,-9,-31,-14,-4,-5,5,-11,-2,-9,-7,-14,2,10,-2,-10,-5,3,-9,2,4,25,2,-8,-9,1,2,14,29,34,10,0,-9,-4,1,18,23,31,10,2,-4,1
2025-04-22 16:24:08.67,s,10,15,13,6,9,10,1,6,-15,-12,-5,1,4,-8,-4,-9,-1,-9,6,11,9,-8,-7,-3,-7,0,7,23,4,-10,-5,-3,6,11,19,35,12,-3,-9,-13,1,17,13,30,12,-1,-5,2
2025-04-22 16:24:08.68,s,-2,1,-4,1,-2,6,-9,-9,-31,-16,-8,-1,2,-12,-12,-10,-2,0,6,9,-2,-11,-8,-7,-5,2,8,27,4,-12,-9,-2,7,13,20,35,12,-3,-11,-12,2,15,15,30,11,1,-4,1
2025-04-22 16:24:08.70,s,-2,-7,-10,-5,-7,1,-15,-12,-33,-19,-4,-6,4,-17,-13,-10,-4,0,8,10,-3,-11,-10,-6,-6,0,8,27,5,-12,-12,0,6,12,16,35,10,-2,-11,-13,1,17,10,31,12,1,-5,0
2025-04-22 16:24:08.71,s,0,2,-3,1,-2,7,-9,6,-18,-11,-4,2,4,-14,-4,-9,2,2,12,18,11,-7,-8,-6,-5,2,11,29,4,-12,-3,-3,7,11,20,32,13,-2,-12,-13,-1,20,10,27,12,0,-2,0
2025-04-22 16:24:08.72,s,1,4,-1,1,0,2,-8,-5,-32,-12,-4,1,3,-16,-9,-8,-1,2,11,12,-1,-10,-10,-8,-4,2,9,26,4,-14,-7,-2,6,11,15,30,8,-2,-12,-13,0,16,9,26,9,0,-2,2
2025-04-22 16:24:08.74,s,-3,-10,-6,-9,-4,0,-17,-14,-35,-14,-5,-5,4,-17,-11,-10,-1,-2,10,11,-9,-8,-7,-10,-3,2,6,25,3,-14,-8,-3,7,10,13,30,9,-2,-9,-15,-1,16,5,23,11,-1,-4,0
2025-04-22 16:24:08.75,open,1,4,0,3,1,6,-9,10,-14,-9,-1,1,2,-13,-6,-12,0,1,8,15,7,-8,-6,-13,-3,1,6,20,-1,-12,-7,-2,2,5,9,26,6,-4,-12,-17,-1,9,2,22,7,0,-3,3
2025-04-22 16:24:08.76,open,0,0,-3,0,-4,5,-15,-8,-27,-14,-2,-3,5,-19,-9,-12,-3,0,4,12,-5,-8,-10,-12,-3,1,2,18,1,-16,-10,0,0,7,6,25,5,-5,-10,-17,-1,9,4,20,4,1,-4,2
2025-04-22 16:24:08.77,open,1,-2,0,-4,0,0,-15,-11,-35,-15,-4,-1,-1,-16,-13,-10,-2,-3,8,11,-12,-10,-11,-9,-5,-2,7,21,-1,-12,-11,-1,3,6,7,28,8,-5,-13,-15,-4,15,6,20,9,-2,-5,1
2025-04-22 16:24:08.78,open,-2,-6,-4,-6,-3,1,-15,2,-15,-13,-5,2,1,-14,-6,-10,-1,2,10,18,5,-6,-7,-8,-4,0,7,25,1,-9,-6,-3,6,10,13,31,10,0,-10,-15,1,13,9,24,12,4,-5,2
2025-04-22 16:24:08.79,open,1,0,-1,3,-2,7,-12,-1,-25,-10,0,3,3,-12,-6,-6,-1,6,12,17,1,-4,-8,-8,-3,0,13,26,8,-10,-4,0,5,13,16,37,14,1,-9,-10,1,18,12,26,16,4,-2,2
2025-04-22 16:24:08.80,open,0,-5,-2,-5,-2,1,-10,-10,-34,-11,-2,-1,6,-16,-6,-8,1,2,11,18,-7,-5,-6,-10,-2,1,15,28,3,-7,-8,-3,7,12,17,35,13,3,-8,-9,0,20,12,27,11,6,-2,0
2025-04-22 16:24:08.81,open,-2,-2,-3,-5,-1,1,-9,2,-19,-10,-2,-1,6,-14,-1,-7,0,5,13,16,5,-5,-9,-8,-5,3,10,27,4,-9,-3,-3,7,13,14,31,13,1,-11,-14,0,18,7,26,12,2,-2,2
2025-04-22 16:24:08.83,open,1,2,0,2,1,4,-7,2,-23,-10,1,-1,7,-12,-6,-10,0,5,12,14,1,-4,-7,-8,-4,1,8,25,4,-11,-3,-2,7,10,14,30,8,2,-10,-12,-1,15,9,22,12,2,-4,2
2025-04-22 16:24:08.84,open,-1,-2,-5,-1,-4,6,-13,-11,-34,-14,0,-1,5,-15,-7,-10,-4,1,9,8,-7,-7,-8,-9,-3,0,10,21,0,-8,-9,-3,6,9,12,28,8,-3,-9,-15,0,13,5,21,10,0,-2,1
2025-04-22 16:24:08.85,open,1,-2,0,-1,0,2,-9,1,-21,-10,-1,0,1,-12,-5,-10,-4,0,7,8,3,-8,-8,-9,-7,2,6,14,1,-10,-8,0,0,9,7,22,7,-3,-9,-14,-2,11,3,16,9,-2,-3,0
2025-04-22 16:24:08.86,open,2,2,3,0,0,6,-12,0,-22,-10,-4,1,3,-17,-6,-12,-3,-5,2,8,-3,-6,-8,-12,-5,1,2,11,-1,-13,-5,-3,3,4,4,20,4,-3,-10,-16,-3,7,3,16,4,1,-3,1
2025-04-22 16:24:08.87,open,1,3,0,2,-3,7,-13,-7,-36,-10,-4,-1,0,-14,-10,-8,-8,-6,4,4,-13,-8,-11,-10,-8,0,3,8,-2,-13,-12,-2,1,3,4,18,2,-3,-10,-16,-2,8,-1,16,4,-2,-1,2
2025-04-22 16:24:08.88,open,0,-13,-13,-13,-8,-3,-19,-9,-30,-16,-9,-4,-2,-16,-7,-12,-6,-8,3,7,-12,-7,-10,-11,-6,1,4,11,-4,-14,-9,-2,1,3,4,21,3,-2,-10,-15,-3,7,3,17,4,1,-3,0
2025-04-22 16:24:08.89,open,11,14,12,4,5,8,-8,10,-16,-6,-3,3,4,-10,-3,-10,-5,0,8,9,5,-4,-8,-6,-6,-2,6,15,-2,-8,-4,-3,3,6,7,24,5,-2,-10,-16,0,10,6,17,8,2,-3,4
2025-04-22 16:24:08.90,open,1,2,-2,1,-3,8,-10,-3,-32,-9,-2,-1,5,-16,-5,-9,-3,-3,6,9,-7,-8,-8,-7,-9,2,5,15,1,-12,-6,-2,3,6,9,25,5,-1,-9,-14,-2,15,4,19,10,-2,-2,1
2025-04-22 16:24:08.91,open,0,-10,-7,-9,-4,1,-15,-9,-32,-12,-5,-1,0,-14,-9,-8,-6,-7,8,8,-11,-6,-10,-7,-7,0,8,14,2,-12,-7,-2,4,7,10,25,7,-2,-10,-13,0,12,6,21,6,2,-3,1
2025-04-22 16:24:08.92,open,1,2,1,-1,1,5,-6,10,-16,-7,-1,-1,7,-14,2,-9,-1,-4,10,12,6,-6,-7,-10,-3,1,8,18,-1,-13,-2,-2,5,6,13,26,6,0,-11,-13,-1,12,8,20,8,1,-5,3
2025-04-22 16:24:08.93,open,1,0,1,-1,1,7,-8,-6,-28,-13,-2,-3,5,-16,-6,-10,-4,-7,9,8,-9,-4,-8,-7,-9,1,7,16,-1,-9,-10,-1,1,9,11,27,8,-1,-11,-17,0,15,6,21,8,2,-4,1
2025-04-22 16:24:08.95,open,0,-11,-7,-9,-4,2,-12,-11,-34,-13,-7,-1,1,-14,-10,-9,-8,-5,4,8,-12,-8,-7,-10,-7,1,6,17,-1,-9,-10,1,2,10,12,25,10,-3,-12,-14,-1,15,5,24,9,0,-2,0
2025-04-22 16:24:08.96,open,1,1,1,3,-3,8,-9,10,-15,-8,-3,2,5,-14,1,-11,-3,-6,9,11,3,-3,-7,-6,-7,-2,7,15,2,-12,-2,-2,6,6,14,25,9,-3,-11,-16,-1,17,7,22,10,0,-4,1
2025-04-22 16:24:08.97,open,1,-3,0,-4,-2,3,-8,-4,-31,-10,-3,-3,6,-14,-4,-11,-4,-6,9,8,-5,-3,-8,-5,-7,0,7,16,3,-7,-7,-2,5,7,16,27,6,1,-11,-13,-2,19,7,24,11,-2,-2,2
2025-04-22 16:24:08.98,open,1,4,3,0,0,5,-7,-10,-34,-13,-2,0,-1,-10,-9,-9,-7,-5,5,8,-11,-5,-4,-8,-5,1,8,19,0,-8,-7,0,2,13,16,27,7,-3,-9,-13,1,17,10,24,8,1,-4,2
2025-04-22 16:24:08.99,open,1,-7,-4,-4,-1,5,-10,3,-15,-11,-1,2,1,-8,-2,-7,-5,-2,10,8,5,-4,-7,-6,-5,0,11,18,0,-9,-3,-1,6,11,17,28,9,0,-9,-13,-1,21,11,24,10,1,-5,2
2025-04-22 16:24:09.00,open,1,0,3,0,-1,8,-5,-1,-23,-11,1,0,7,-12,0,-7,-3,-4,12,10,-1,-2,-6,-4,-6,1,11,20,4,-8,-4,0,8,12,17,30,9,0,-11,-13,0,21,10,28,12,-1,-1,2
2025-04-22 16:24:09.01,open,-2,0,-5,0,-4,7,-10,-9,-35,-11,-3,1,0,-10,-9,-8,-6,0,8,11,-7,-6,-5,-7,-3,2,13,21,5,-7,-8,-3,9,12,20,33,13,0,-8,-13,0,21,11,30,12,3,-2,2
2025-04-22 16:24:09.03,open,0,0,0,-1,1,5,-5,7,-19,-8,-1,1,6,-11,2,-5,-4,-1,13,11,8,-3,-5,-6,-6,2,10,24,6,-7,-3,0,5,17,21,31,14,1,-7,-13,2,19,17,31,11,5,-3,3
2025-04-22 16:24:09.04,open,-1,2,-1,-2,0,6,-5,1,-23,-10,1,4,4,-8,-2,-6,-4,0,12,12,2,-1,-5,-4,-6,3,10,26,4,-3,-2,0,6,15,20,36,13,4,-5,-9,2,20,17,31,15,3,-1,2
2025-04-22 16:24:09.05,open,0,-3,0,-3,0,3,-8,-7,-34,-10,-3,2,4,-8,-7,-10,-3,-3,11,10,-8,-2,-5,-6,-6,2,11,24,5,-7,-7,-3,9,15,18,36,14,3,-8,-13,4,20,18,31,12,6,-1,1
2025-04-22 16:24:09.06,open,0,-2,-6,1,-3,5,-6,5,-23,-7,-4,3,4,-10,2,-7,-3,-3,11,10,4,-3,-6,-5,-7,1,12,20,5,-6,-3,0,8,14,18,33,12,1,-7,-10,2,18,17,28,12,2,-1,3
2025-04-22 16:24:09.07,open,1,2,3,0,2,9,-4,4,-23,-7,-2,3,3,-9,-1,-5,-6,-5,12,9,3,-4,-4,-6,-3,2,12,21,5,-4,-3,0,6,17,21,30,11,4,-8,-8,-1,23,13,30,14,2,-2,2
2025-04-22 16:24:09.08,open,1,1,2,-1,1,7,-5,-7,-32,-12,0,-1,6,-11,-4,-8,-6,-5,8,9,-7,-5,-7,-5,-8,2,7,21,3,-7,-8,0,5,14,17,27,13,1,-10,-10,-2,21,10,28,14,2,-3,1
2025-04-22 16:24:09.09,open,-1,-9,-7,-9,-7,-1,-10,-6,-29,-13,-4,-1,4,-14,-3,-6,-7,-6,8,8,-8,-5,-3,-9,-6,2,6,19,2,-9,-4,-3,7,9,16,28,9,2,-7,-9,-1,19,12,26,12,2,-4,2
2025-04-22 16:24:09.10,open,13,21,10,12,4,15,-2,11,-16,-5,1,2,8,-7,1,-6,-5,-2,11,9,9,-2,-5,-5,-4,2,7,20,2,-8,0,-2,6,10,15,30,12,1,-10,-11,0,19,11,24,12,1,-3,2
2025-04-22 16:24:09.12,open,0,3,1,-1,0,10,-9,-6,-31,-10,-1,-1,6,-12,-2,-11,-7,-3,8,9,-7,-6,-3,-5,-5,1,10,18,2,-6,-8,0,3,13,17,30,11,1,-10,-10,-1,20,11,26,12,2,-4,1
2025-04-22 16:24:09.13,open,-2,-5,-9,-2,-7,7,-12,-9,-30,-12,-2,-1,5,-13,-2,-8,-6,-3,6,11,-8,-2,-6,-4,-5,0,11,21,2,-7,-6,-3,6,12,16,32,11,0,-7,-12,2,17,14,28,11,1,-1,1
2025-04-22 16:24:09.14,open,0,2,-1,3,1,8,-4,10,-13,-10,-1,4,5,-6,1,-7,-3,0,10,10,7,-1,-5,-5,-3,2,8,22,4,-5,-1,0,6,14,17,34,13,0,-5,-13,0,20,12,27,12,3,-4,2
2025-04-22 16:24:09.15,open,1,0,2,1,-3,10,-8,-6,-27,-11,0,1,7,-11,-2,-8,-6,0,9,10,-3,-5,-4,-6,-8,3,10,21,4,-5,-6,0,6,14,20,29,13,2,-9,-9,0,21,15,26,11,5,-2,1
2025-04-22 16:24:09.16,open,-3,-7,-8,-4,-8,6,-13,-11,-33,-14,-2,-2,5,-13,-3,-7,-4,-5,8,8,-10,-4,-2,-8,-5,1,11,21,2,-6,-4,-1,7,13,17,33,10,3,-7,-14,2,20,11,28,11,2,-2,2
2025-04-22 16:24:09.17,open,0,6,1,6,-2,12,-6,9,-10,-10,1,2,8,-8,4,-10,-2,-3,11,11,8,-3,-6,-6,-6,0,12,19,2,-7,-2,-2,6,15,17,33,12,0,-7,-13,0,23,12,30,14,3,-4,2
2025-04-22 16:24:09.18,open,1,1,3,2,-2,10,-8,-3,-25,-11,1,-1,7,-9,-5,-8,-6,-1,8,10,-2,-3,-4,-8,-4,1,8,21,3,-8,-2,-3,7,14,17,32,11,0,-9,-12,1,20,12,27,14,2,-3,1
2025-04-22 16:24:09.19,open,-2,5,3,1,-3,9,-7,-7,-35,-10,-3,2,4,-14,-3,-7,-7,-6,5,8,-11,-3,-4,-4,-7,0,11,16,1,-5,-8,0,6,11,18,28,8,3,-8,-8,1,19,11,28,11,2,-1,0
2025-04-22 16:24:09.20,open,-2,0,-4,1,-2,3,-6,8,-18,-7,-2,4,5,-12,3,-5,-4,-5,10,9,4,-3,-4,-6,-5,2,10,17,-1,-5,-2,0,3,13,15,29,11,-1,-7,-10,0,16,13,26,9,4,-3,1
2025-04-22 16:24:09.22,open,1,4,2,1,0,8,-5,1,-24,-6,-1,4,6,-10,-1,-6,-5,-6,10,8,-2,-3,-6,-6,-7,2,8,17,4,-6,-4,0,4,12,16,29,13,0,-10,-9,0,15,13,25,9,4,-3,1
2025-04-22 16:24:09.23,open,-2,-2,-4,-4,-1,7,-10,-8,-35,-8,-3,2,5,-13,-4,-6,-8,-6,8,7,-10,-2,-7,-4,-8,3,7,20,0,-5,-7,0,5,12,18,28,12,3,-9,-13,1,17,12,26,11,2,-4,0
2025-04-22 16:24:09.24,open,1,-5,-3,-2,-6,7,-9,6,-21,-7,-4,3,5,-9,2,-8,-4,-2,7,9,5,-4,-5,-5,-6,2,7,19,4,-6,-4,0,6,12,18,28,12,3,-8,-8,0,19,15,27,11,5,-3,2
2025-04-22 16:24:09.25,open,0,3,0,-1,1,7,-4,0,-22,-8,1,4,4,-7,-2,-7,-2,-3,11,12,-1,1,-4,-2,-6,-2,12,19,5,-6,-1,0,7,13,19,35,11,4,-8,-9,3,19,14,31,11,5,-2,2
2025-04-22 16:24:09.26,open,1,2,0,3,-3,10,-8,-6,-34,-8,-3,3,3,-7,-5,-8,-6,-1,9,9,-6,-4,-3,-5,-3,1,8,23,2,-4,-4,-2,7,14,20,33,11,5,-8,-7,1,21,17,26,15,3,-4,2
2025-04-22 16:24:09.27,open,-3,-2,-4,0,-3,9,-6,3,-21,-8,0,2,6,-10,2,-8,-4,0,9,11,6,-4,-5,-5,-3,2,10,22,4,-6,-1,-1,5,15,20,29,12,2,-11,-8,-1,23,15,26,12,3,-3,0
2025-04-22 16:24:09.29,open,2,1,4,0,2,7,-4,1,-19,-8,-2,3,4,-7,0,-7,-6,-1,9,9,3,-2,-4,-4,-4,2,12,21,2,-4,0,-3,8,13,16,31,14,2,-8,-9,0,21,14,27,12,4,-2,0
2025-04-22 16:24:09.30,open,-1,1,3,0,0,8,-4,-3,-34,-7,-2,1,7,-12,-2,-7,-5,-6,8,7,-8,-2,-5,-3,-8,0,9,16,4,-5,-5,0,5,13,17,28,8,4,-8,-13,0,21,11,28,12,2,-2,0
2025-04-22 16:24:09.31,open,0,-10,-7,-8,-6,1,-10,-3,-30,-11,-5,1,1,-10,-4,-8,-8,-5,5,8,-4,-6,-4,-4,-9,0,8,17,1,-7,-2,-1,3,12,14,28,11,-2,-8,-14,1,17,7,26,11,2,-3,0
2025-04-22 16:24:09.32,open,10,19,10,12,3,15,-2,13,-17,-5,1,2,8,-10,2,-10,-3,-5,5,11,8,-3,-5,-6,2,2,4,17,-1,-5,-1,-1,2,10,15,26,7,1,-10,-12,-3,18,8,26,11,2,-2,2
2025-04-22 16:24:09.33,open,1,2,4,1,2,8,-5,-2,-30,-11,0,2,4,-9,-6,-9,-7,-6,5,7,-5,-4,-6,-3,-8,0,6,17,2,-7,-4,-2,5,10,14,29,8,3,-7,-10,1,14,11,26,9,1,-1,0
2025-04-22 16:24:09.34,open,0,-7,-4,-4,-2,6,-8,-8,-31,-12,-2,1,0,-10,-4,-7,-6,-8,8,8,-9,-5,-3,-6,-6,1,7,16,2,-6,-6,-1,3,12,15,30,11,-1,-7,-13,0,18,10,23,13,2,-4,0
2025-04-22 16:24:09.35,open,1,1,-2,3,-1,10,-4,7,-15,-6,-1,6,5,-6,1,-7,-4,-5,10,10,9,0,-5,-4,-8,2,7,21,3,-6,-1,0,3,13,15,31,12,2,-9,-9,1,17,12,27,10,6,-2,3
2025-04-22 16:24:09.36,open,1,2,-3,3,-2,9,-8,-3,-31,-7,-2,5,5,-8,-4,-7,-7,-2,7,9,-2,-4,-2,-5,-8,1,8,16,5,-6,-3,-2,8,11,16,30,9,4,-9,-9,-1,21,12,26,12,3,-3,2
2025-04-22 16:24:09.38,open,1,-7,-7,-2,-7,6,-12,-10,-33,-12,-2,-1,5,-12,-3,-8,-6,-3,5,4,-7,-3,-4,-3,-8,0,8,17,5,-6,-7,0,5,14,16,28,12,2,-8,-9,-1,18,13,25,12,3,-3,0
2025-04-22 16:24:09.39,open,3,5,5,4,5,9,-1,14,-11,-6,0,2,7,-10,5,-6,-2,-4,8,14,7,-2,-3,-6,-5,2,8,16,1,-5,-2,0,3,13,16,27,10,1,-9,-9,-3,21,10,27,9,4,-2,2
2025-04-22 16:24:09.40,open,0,2,-3,3,-3,10,-7,-2,-32,-8,-2,4,3,-8,-4,-8,-6,-6,8,8,-6,-2,-5,-4,-8,1,8,14,4,-8,-3,-3,7,10,16,26,9,1,-10,-9,0,19,12,25,10,2,-4,2
2025-04-22 16:24:09.41,open,1,0,1,-1,-2,6,-8,-7,-35,-11,-4,2,1,-12,-4,-6,-9,-10,5,4,-13,-4,-5,-4,-9,0,7,11,3,-8,-5,-3,6,9,13,27,7,2,-9,-12,-3,19,9,26,12,0,-3,0
2025-04-22 16:24:09.42,open,0,-7,-3,-2,-3,8,-10,6,-18,-10,-2,2,4,-12,2,-7,-4,-7,5,8,3,-4,-6,-5,-7,1,4,15,1,-9,-1,-2,2,11,13,27,9,-2,-11,-10,-4,17,9,23,10,1,-5,1
2025-04-22 16:24:09.44,open,1,2,3,1,0,8,-5,2,-24,-11,1,1,3,-9,-4,-8,-9,-5,5,5,-3,-2,-5,-3,-7,0,7,13,-1,-5,-5,0,2,10,15,25,7,3,-11,-12,-1,16,9,24,11,0,-2,2
2025-04-22 16:24:09.45,open,-2,-1,-5,1,-5,7,-10,-7,-39,-10,-5,2,1,-9,-5,-7,-6,-7,5,7,-10,-6,-3,-7,-7,2,7,17,1,-7,-5,-3,7,8,16,27,9,2,-8,-14,1,16,12,24,9,3,-3,1
2025-04-22 16:24:09.46,open,-2,0,-4,2,-4,8,-7,6,-20,-8,-2,2,6,-12,3,-8,-4,-6,9,10,4,-2,-5,-5,-9,2,8,18,3,-8,-1,0,3,14,16,33,11,2,-5,-13,1,18,12,30,10,6,-2,2
2025-04-22 16:24:09.47,open,0,3,-1,4,-2,10,-5,2,-24,-6,3,2,7,-10,1,-8,-4,-4,9,11,1,-3,-6,-5,-7,2,7,23,2,-4,0,-2,6,14,19,29,12,2,-8,-12,2,18,15,27,11,5,-2,3
2025-04-22 16:24:09.48,open,1,-4,1,-2,-1,4,-6,-5,-36,-8,-1,2,6,-11,-7,-9,-9,-5,9,6,-7,-4,-5,-3,-6,0,12,19,1,-5,-4,0,8,12,18,30,10,3,-8,-7,2,20,12,30,11,5,-2,0
2025-04-22 16:24:09.49,open,1,-4,0,-2,-1,5,-6,1,-19,-11,0,-1,6,-9,2,-6,-4,-2,7,10,4,-3,-4,-6,-6,0,11,17,3,-5,-4,0,7,11,18,29,10,3,-9,-8,1,19,13,26,11,3,-3,1
2025-04-22 16:24:09.50,open,1,3,5,2,2,11,-6,2,-20,-7,0,3,5,-8,-2,-8,-6,-2,7,8,0,-2,-6,-5,-5,2,10,15,4,-5,-3,0,6,15,17,28,11,2,-9,-8,0,17,13,24,12,4,-3,3
2025-04-22 16:24:09.51,open,0,3,1,2,0,10,-5,-5,-33,-8,-2,4,6,-12,-2,-6,-9,-5,8,4,-5,-3,-6,-5,-7,-1,9,15,-1,-5,-5,-2,6,10,15,28,10,-2,-7,-11,1,17,11,27,12,1,-1,2
2025-04-22 16:24:09.53,open,0,-12,-8,-8,-9,3,-14,-6,-31,-10,-6,1,1,-13,-1,-9,-7,-7,2,8,-7,-6,-4,-6,-9,2,4,17,1,-8,-4,-2,2,12,14,26,8,3,-10,-10,-2,18,12,23,8,4,-3,0
2025-04-22 16:24:09.54,open,12,20,13,12,4,16,-2,11,-16,-3,-1,6,6,-7,2,-7,-4,-1,7,12,8,-3,-3,-4,-6,0,9,16,1,-4,-2,0,5,11,16,25,9,3,-8,-9,1,17,12,26,11,2,-3,4
2025-04-22 16:24:09.55,open,1,1,3,0,1,7,-5,-2,-32,-7,-3,4,4,-10,-2,-6,-6,-5,6,10,-5,-5,-2,-6,-5,1,6,19,1,-5,-2,-2,5,12,15,29,8,4,-8,-9,1,17,13,25,9,5,-3,1
2025-04-22 16:24:09.56,open,-2,-8,-5,-6,-3,2,-7,-8,-31,-12,-1,0,4,-12,-1,-7,-6,-8,8,8,-7,-5,-2,-4,-6,1,9,19,3,-6,-4,-2,7,11,16,30,11,3,-8,-12,2,18,14,28,11,5,-2,0
2025-04-22 16:24:09.57,open,1,2,2,1,2,8,-1,9,-11,-7,0,7,5,-5,2,-6,-3,-2,9,12,11,-2,-2,-4,-7,2,8,21,4,-6,1,1,5,16,17,33,13,1,-5,-12,2,19,11,28,11,4,-2,2
2025-04-22 16:24:09.59,open,1,2,2,-1,1,9,-6,-2,-31,-7,0,1,7,-9,-3,-6,-4,-6,9,8,-4,-2,-5,-2,-6,1,11,17,2,-6,-3,-2,8,12,18,28,10,3,-9,-9,0,21,11,28,11,5,0,3
2025-04-22 16:24:09.60,open,-2,-5,-9,-1,-6,7,-12,-10,-33,-11,-3,2,1,-9,-5,-7,-9,-5,3,9,-10,-2,-3,-5,-6,2,6,17,3,-8,-3,-2,7,13,18,29,9,3,-9,-9,-1,18,13,26,11,2,-3,0
2025-04-22 16:24:09.61,open,2,5,2,5,0,10,-4,13,-14,-8,1,1,7,-9,1,-9,-4,-4,7,9,7,-2,-3,-5,-6,1,7,15,1,-5,-2,0,2,13,16,25,10,1,-9,-10,-2,16,12,23,10,2,-4,4
2025-04-22 16:24:09.62,open,1,0,0,1,-1,8,-9,-3,-27,-10,0,1,6,-11,-4,-9,-8,-5,5,7,-3,-4,-5,-3,-7,-2,8,14,3,-6,-5,1,3,10,16,26,10,2,-7,-12,1,17,9,26,10,4,-2,0
2025-04-22 16:24:09.63,open,2,1,2,-2,-1,5,-7,-7,-35,-12,-2,-1,3,-10,-7,-9,-11,-5,3,7,-11,-5,-7,-4,-7,-2,6,14,-3,-5,-7,0,3,11,16,24,8,3,-10,-10,-1,16,10,25,9,4,-4,2
2025-04-22 16:24:09.64,open,0,-3,-2,-1,-2,6,-6,5,-15,-11,0,2,2,-8,-1,-9,-7,-7,8,8,5,-2,-5,-5,-5,1,7,17,0,-7,-1,-2,6,9,15,26,9,1,-10,-13,0,20,9,24,13,1,-1,0
2025-04-22 16:24:09.65,open,2,4,4,5,-2,11,-7,0,-26,-7,-3,5,5,-10,-1,-8,-4,-7,8,8,-1,-3,-6,-5,-8,2,8,16,3,-7,-2,-2,7,11,15,26,12,0,-7,-10,-3,20,9,27,11,2,-3,1
2025-04-22 16:24:09.67,open,0,2,-2,-2,-1,5,-6,-8,-34,-12,0,1,5,-11,-7,-9,-6,-7,7,9,-11,-1,-6,-4,-9,2,7,19,3,-6,-5,-1,6,12,17,31,9,4,-7,-12,-1,20,12,26,10,5,-3,1
2025-04-22 16:24:09.68,open,-3,0,-5,2,-3,8,-6,3,-18,-10,0,4,3,-8,1,-8,-4,-6,9,10,4,-2,-5,-4,-7,2,6,21,2,-5,0,-3,8,11,17,29,9,3,-9,-10,-1,21,11,29,12,4,-1,2
2025-04-22 16:24:09.69,open,-2,4,3,1,1,9,-6,-1,-22,-9,0,2,3,-8,-3,-8,-4,-4,5,12,-1,0,-4,-2,-8,1,7,16,3,-5,-4,0,5,10,19,27,12,3,-9,-9,0,18,12,26,10,4,-3,1
2025-04-22 16:24:09.70,open,-1,-1,-5,1,-6,8,-9,-8,-38,-8,-4,3,1,-9,-4,-7,-8,-7,4,7,-11,-5,-5,-6,-10,3,6,18,2,-5,-7,0,3,10,16,28,10,-1,-5,-12,-1,20,9,25,12,2,-2,2
2025-04-22 16:24:09.71,open,-3,0,-5,1,-3,3,-7,3,-21,-12,-1,-1,5,-12,0,-7,-7,-9,7,7,-1,-2,-6,-4,-8,0,5,13,2,-7,-2,0,2,10,12,25,10,-2,-7,-13,-1,17,7,25,11,1,-5,3
2025-04-22 16:24:09.72,open,0,5,-1,4,-3,10,-9,3,-23,-8,-1,0,6,-12,0,-9,-7,-9,7,7,-2,-2,-6,-5,-8,0,7,13,4,-7,-3,-1,1,11,12,23,11,0,-9,-10,-2,18,11,23,11,2,-3,2
2025-04-22 16:24:09.73,open,1,2,4,4,1,8,-5,-3,-33,-7,-2,-1,5,-12,-8,-7,-10,-6,5,3,-8,-4,-7,-6,-8,-2,5,10,2,-8,-5,-2,6,8,13,26,8,1,-7,-12,-1,15,9,25,10,3,-2,2
2025-04-22 16:24:09.74,open,-2,-5,-8,-7,-5,1,-14,-7,-26,-14,-5,1,0,-13,-5,-9,-9,-9,2,7,-5,-6,-4,-5,-7,1,4,10,3,-8,-6,-3,6,9,12,27,8,1,-7,-10,0,16,9,25,8,4,-3,1
